<?xml version="1.0" encoding="utf-8"?>
<COLLADA xmlns="http://www.collada.org/2005/11/COLLADASchema" version="1.4.1">
  <asset><contributor><author></author><authoring_tool>FBX COLLADA exporter</authoring_tool><comments></comments></contributor><created>2014-06-04T15:33:20Z</created><keywords></keywords><modified>2014-06-04T15:33:20Z</modified><revision></revision><subject></subject><title></title><unit meter="0.010000" name="centimeter"></unit><up_axis>Y_UP</up_axis></asset>
  <library_animations>
    <animation id="Root-anim" name="Root"><animation><source id="Root-Matrix-animation-input"><float_array id="Root-Matrix-animation-input-array" count="46">

0.033333 0.066667 0.100000 0.133333 0.166667 0.200000 0.233333 0.266667 0.300000 0.333333 0.366667 0.400000 0.433333 0.466667 0.500000 0.533333
0.566667 0.600000 0.633333 0.666667 0.700000 0.733333 0.766667 0.800000 0.833333 0.866667 0.900000 0.933333 0.966667 1.000000 1.033333 1.066667
1.100000 1.133333 1.166667 1.200000 1.233333 1.266667 1.300000 1.333333 1.366667 1.400000 1.433333 1.466667 1.500000 1.533333</float_array><technique_common><accessor source="#Root-Matrix-animation-input-array" count="46"><param name="TIME" type="float"/></accessor></technique_common></source><source id="Root-Matrix-animation-output-transform"><float_array id="Root-Matrix-animation-output-transform-array" count="736">

1.000000 0.000000 0.000000 0.000000 0.000000 0.991020 0.133717 0.328767 0.000000 -0.133717 0.991020 -0.028853 0.000000 0.000000 0.000000 1.000000
0.999998 0.000806 -0.001616 0.000332 -0.000586 0.991211 0.132291 0.326619 0.001708 -0.132289 0.991210 -0.028853 0.000000 0.000000 0.000000 1.000000
0.999976 0.003050 -0.006174 0.001278 -0.002233 0.991735 0.128287 0.321078 0.006515 -0.128270 0.991718 -0.028853 0.000000 0.000000 0.000000 1.000000
0.999891 0.006445 -0.013255 0.002762 -0.004779 0.992503 0.122125 0.313501 0.013943 -0.122048 0.992426 -0.028853 0.000000 0.000000 0.000000 1.000000
0.999691 0.010690 -0.022440 0.004710 -0.008059 0.993421 0.114232 0.305247 0.023514 -0.114016 0.993201 -0.028853 0.000000 0.000000 0.000000 1.000000
0.999325 0.015484 -0.033312 0.007046 -0.011907 0.994398 0.105032 0.297670 0.034751 -0.104564 0.993911 -0.028853 0.000000 0.000000 0.000000 1.000000
0.998756 0.020547 -0.045434 0.009695 -0.016158 0.995351 0.094946 0.292130 0.047174 -0.094094 0.994445 -0.028853 0.000000 0.000000 0.000000 1.000000
0.997967 0.025624 -0.058362 0.012581 -0.020644 0.996219 0.084385 0.289981 0.060303 -0.083008 0.994723 -0.028853 0.000000 0.000000 0.000000 1.000000
0.996965 0.030499 -0.071628 0.015630 -0.025201 0.996959 0.073743 0.289997 0.073660 -0.071714 0.994702 -0.028853 0.000000 0.000000 0.000000 1.000000
0.995787 0.034997 -0.084755 0.018767 -0.029662 0.997547 0.063402 0.290109 0.086766 -0.060621 0.994383 -0.028853 0.000000 0.000000 0.000000 1.000000
0.994496 0.038984 -0.097247 0.021915 -0.033867 0.997981 0.053727 0.290411 0.099145 -0.050138 0.993809 -0.028853 0.000000 0.000000 0.000000 1.000000
0.993182 0.042365 -0.108603 0.025000 -0.037654 0.998274 0.045067 0.291001 0.110325 -0.040670 0.993063 -0.028853 0.000000 0.000000 0.000000 1.000000
0.991952 0.045076 -0.118316 0.027947 -0.040868 0.998451 0.037758 0.291973 0.119835 -0.032619 0.992258 -0.028853 0.000000 0.000000 0.000000 1.000000
0.990928 0.047073 -0.125877 0.030680 -0.043353 0.998543 0.032129 0.293424 0.127206 -0.026381 0.991525 -0.028853 0.000000 0.000000 0.000000 1.000000
0.990233 0.048315 -0.130780 0.033124 -0.044957 0.998582 0.028507 0.295447 0.131972 -0.022349 0.991001 -0.028853 0.000000 0.000000 0.000000 1.000000
0.989980 0.048747 -0.132524 0.035204 -0.045527 0.998592 0.027224 0.298141 0.133665 -0.020918 0.990806 -0.028853 0.000000 0.000000 0.000000 1.000000
0.991320 0.049566 -0.121767 0.036810 -0.042874 0.997454 0.056979 0.314149 0.124281 -0.051264 0.990922 -0.016564 0.000000 0.000000 0.000000 1.000000
0.994279 0.048546 -0.095147 0.037939 -0.035808 0.990697 0.131287 0.350470 0.100635 -0.127129 0.986768 0.014156 0.000000 0.000000 0.000000 1.000000
0.997251 0.040749 -0.061883 0.038672 -0.025680 0.973507 0.227211 0.398731 0.069502 -0.224997 0.971877 0.054092 0.000000 0.000000 0.000000 1.000000
0.999191 0.025300 -0.031264 0.039093 -0.013912 0.946791 0.321548 0.450560 0.037735 -0.320853 0.946377 0.094029 0.000000 0.000000 0.000000 1.000000
0.999923 0.006637 -0.010482 0.039285 -0.001991 0.919753 0.392492 0.497589 0.012246 -0.392440 0.919696 0.124750 0.000000 0.000000 0.000000 1.000000
0.999963 -0.007811 -0.003567 0.039331 0.008587 0.907303 0.420389 0.531438 -0.000047 -0.420404 0.907337 0.137038 0.000000 0.000000 0.000000 1.000000
0.999855 -0.016424 -0.004545 0.039013 0.016833 0.910341 0.413518 0.552904 -0.002654 -0.413534 0.910485 0.134314 0.000000 0.000000 0.000000 1.000000
0.999711 -0.023378 -0.005679 0.038217 0.023722 0.918560 0.394568 0.568840 -0.004008 -0.394589 0.918849 0.127022 0.000000 0.000000 0.000000 1.000000
0.999517 -0.030272 -0.006958 0.037183 0.030718 0.930126 0.365954 0.579974 -0.004607 -0.365991 0.930607 0.116484 0.000000 0.000000 0.000000 1.000000
0.999216 -0.038713 -0.008305 0.036149 0.039284 0.943119 0.330126 0.587028 -0.004948 -0.330193 0.943900 0.104023 0.000000 0.000000 0.000000 1.000000
0.998689 -0.050298 -0.009461 0.035354 0.050881 0.955772 0.289674 0.590729 -0.005527 -0.289776 0.957078 0.090960 0.000000 0.000000 0.000000 1.000000
0.997732 -0.066573 -0.009958 0.035035 0.066965 0.966600 0.247386 0.591801 -0.006844 -0.247491 0.968866 0.078616 0.000000 0.000000 0.000000 1.000000
0.995160 -0.097891 -0.008599 0.035035 0.097786 0.977839 0.185116 0.574008 -0.009713 -0.185061 0.982679 0.065734 0.000000 0.000000 0.000000 1.000000
0.989915 -0.141656 -0.000964 0.035035 0.141003 0.984652 0.102852 0.531051 -0.013620 -0.101950 0.994696 0.051056 0.000000 0.000000 0.000000 1.000000
0.983644 -0.179752 0.011575 0.035035 0.179314 0.983284 0.031618 0.478564 -0.017065 -0.029025 0.999433 0.035905 0.000000 0.000000 0.000000 1.000000
0.980468 -0.195795 0.018622 0.035035 0.195802 0.980642 0.001459 0.432179 -0.018547 0.002215 0.999826 0.021605 0.000000 0.000000 0.000000 1.000000
0.986961 -0.160227 0.015346 0.029561 0.160073 0.987046 0.010826 0.388030 -0.016882 -0.008228 0.999824 0.006165 0.000000 0.000000 0.000000 1.000000
0.996644 -0.081162 0.010647 0.017518 0.080784 0.996212 0.032170 0.340456 -0.013217 -0.031202 0.999426 -0.010341 0.000000 0.000000 0.000000 1.000000
0.999954 -0.001485 0.009486 0.005475 0.000969 0.998531 0.054173 0.302411 -0.009553 -0.054161 0.998486 -0.023488 0.000000 0.000000 0.000000 1.000000
0.999344 0.034766 0.010149 0.000000 -0.035348 0.997306 0.064273 0.286849 -0.007887 -0.064590 0.997881 -0.028853 0.000000 0.000000 0.000000 1.000000
0.999380 0.033723 0.010103 0.000000 -0.034359 0.996862 0.071307 0.288023 -0.007666 -0.071610 0.997403 -0.028853 0.000000 0.000000 0.000000 1.000000
0.999473 0.030926 0.009835 0.000000 -0.031674 0.995608 0.088105 0.291208 -0.007067 -0.088370 0.996063 -0.028853 0.000000 0.000000 0.000000 1.000000
0.999597 0.026883 0.009150 0.000000 -0.027716 0.993741 0.108211 0.295903 -0.006183 -0.108421 0.994086 -0.028853 0.000000 0.000000 0.000000 1.000000
0.999724 0.022088 0.007941 0.000000 -0.022909 0.991867 0.125200 0.301604 -0.005111 -0.125347 0.992100 -0.028853 0.000000 0.000000 0.000000 1.000000
0.999836 0.016997 0.006255 0.000000 -0.017677 0.991000 0.132688 0.307808 -0.003944 -0.132777 0.991138 -0.028853 0.000000 0.000000 0.000000 1.000000
0.999919 0.011964 0.004409 0.000000 -0.012445 0.991012 0.133191 0.314012 -0.002776 -0.133235 0.991081 -0.028853 0.000000 0.000000 0.000000 1.000000
0.999969 0.007341 0.002708 0.000000 -0.007637 0.991020 0.133497 0.319713 -0.001704 -0.133514 0.991045 -0.028853 0.000000 0.000000 0.000000 1.000000
0.999993 0.003534 0.001304 0.000000 -0.003677 0.991021 0.133653 0.324408 -0.000820 -0.133657 0.991027 -0.028853 0.000000 0.000000 0.000000 1.000000
0.999999 0.000952 0.000351 0.000000 -0.000990 0.991020 0.133709 0.327594 -0.000221 -0.133709 0.991021 -0.028853 0.000000 0.000000 0.000000 1.000000
1.000000 0.000000 0.000000 0.000000 0.000000 1.000000 0.000000 0.255515 0.000000 0.000000 1.000000 -0.028853 0.000000 0.000000 0.000000 1.000000</float_array><technique_common><accessor source="#Root-Matrix-animation-output-transform-array" count="46" stride="16"><param type="float4x4"/></accessor></technique_common></source><source id="Root-Interpolations"><Name_array id="Root-Interpolations-array" count="46">
 LINEAR LINEAR LINEAR LINEAR LINEAR LINEAR LINEAR LINEAR LINEAR LINEAR LINEAR
LINEAR LINEAR LINEAR LINEAR LINEAR LINEAR LINEAR LINEAR LINEAR LINEAR LINEAR LINEAR
LINEAR LINEAR LINEAR LINEAR LINEAR LINEAR LINEAR LINEAR LINEAR LINEAR LINEAR LINEAR
LINEAR LINEAR LINEAR LINEAR LINEAR LINEAR LINEAR LINEAR LINEAR LINEAR LINEAR</Name_array><technique_common><accessor source="#Root-Interpolations-array" count="46"><param type="name"/></accessor></technique_common></source><sampler id="Root-Matrix-animation-transform"><input semantic="INPUT" source="#Root-Matrix-animation-input"/><input semantic="OUTPUT" source="#Root-Matrix-animation-output-transform"/><input semantic="INTERPOLATION" source="#Root-Interpolations"/></sampler><channel source="#Root-Matrix-animation-transform" target="Root/matrix"/></animation><animation><source id="Root-visibility-animation-input"><float_array id="Root-visibility-animation-input-array" count="46">

0.033333 0.066667 0.100000 0.133333 0.166667 0.200000 0.233333 0.266667 0.300000 0.333333 0.366667 0.400000 0.433333 0.466667 0.500000 0.533333
0.566667 0.600000 0.633333 0.666667 0.700000 0.733333 0.766667 0.800000 0.833333 0.866667 0.900000 0.933333 0.966667 1.000000 1.033333 1.066667
1.100000 1.133333 1.166667 1.200000 1.233333 1.266667 1.300000 1.333333 1.366667 1.400000 1.433333 1.466667 1.500000 1.533333</float_array><technique_common><accessor source="#Root-visibility-animation-input-array" count="46"><param name="TIME" type="float"/></accessor></technique_common></source><source id="Root-visibility-animation-output"><float_array id="Root-visibility-animation-output-array" count="46">

1.000000 1.000000 1.000000 1.000000 1.000000 1.000000 1.000000 1.000000 1.000000 1.000000 1.000000 1.000000 1.000000 1.000000 1.000000 1.000000
1.000000 1.000000 1.000000 1.000000 1.000000 1.000000 1.000000 1.000000 1.000000 1.000000 1.000000 1.000000 1.000000 1.000000 1.000000 1.000000
1.000000 1.000000 1.000000 1.000000 1.000000 1.000000 1.000000 1.000000 1.000000 1.000000 1.000000 1.000000 1.000000 1.000000</float_array><technique_common><accessor source="#Root-visibility-animation-output-array" count="46"><param type="float"/></accessor></technique_common></source><source id="Root-visibility-animation-intan"><float_array id="Root-visibility-animation-intan-array" count="46">

0.000000 0.000000 0.000000 0.000000 0.000000 0.000000 0.000000 0.000000 0.000000 0.000000 0.000000 0.000000 0.000000 0.000000 0.000000 0.000000
0.000000 0.000000 0.000000 0.000000 0.000000 0.000000 0.000000 0.000000 0.000000 0.000000 0.000000 0.000000 0.000000 0.000000 0.000000 0.000000
0.000000 0.000000 0.000000 0.000000 0.000000 0.000000 0.000000 0.000000 0.000000 0.000000 0.000000 0.000000 0.000000 0.000000</float_array><technique_common><accessor source="#Root-visibility-animation-intan-array" count="46"><param type="float"/></accessor></technique_common></source><source id="Root-visibility-animation-outtan"><float_array id="Root-visibility-animation-outtan-array" count="46">

0.000000 0.000000 0.000000 0.000000 0.000000 0.000000 0.000000 0.000000 0.000000 0.000000 0.000000 0.000000 0.000000 0.000000 0.000000 0.000000
0.000000 0.000000 0.000000 0.000000 0.000000 0.000000 0.000000 0.000000 0.000000 0.000000 0.000000 0.000000 0.000000 0.000000 0.000000 0.000000
0.000000 0.000000 0.000000 0.000000 0.000000 0.000000 0.000000 0.000000 0.000000 0.000000 0.000000 0.000000 0.000000 0.000000</float_array><technique_common><accessor source="#Root-visibility-animation-outtan-array" count="46"><param type="float"/></accessor></technique_common></source><source id="Root-visibility-animation-interpolation"><Name_array id="Root-visibility-animation-interpolation-array" count="46">
 BEZIER BEZIER BEZIER BEZIER BEZIER BEZIER BEZIER BEZIER BEZIER BEZIER BEZIER
BEZIER BEZIER BEZIER BEZIER BEZIER BEZIER BEZIER BEZIER BEZIER BEZIER BEZIER BEZIER
BEZIER BEZIER BEZIER BEZIER BEZIER BEZIER BEZIER BEZIER BEZIER BEZIER BEZIER BEZIER
BEZIER BEZIER BEZIER BEZIER BEZIER BEZIER BEZIER BEZIER BEZIER BEZIER BEZIER</Name_array><technique_common><accessor source="#Root-visibility-animation-interpolation-array" count="46"><param type="name"/></accessor></technique_common></source><sampler id="Root-visibility-animation"><input semantic="INPUT" source="#Root-visibility-animation-input"/><input semantic="OUTPUT" source="#Root-visibility-animation-output"/><input semantic="IN_TANGENT" source="#Root-visibility-animation-intan"/><input semantic="OUT_TANGENT" source="#Root-visibility-animation-outtan"/><input semantic="INTERPOLATION" source="#Root-visibility-animation-interpolation"/></sampler><channel source="#Root-visibility-animation" target="Root/visibility"/></animation></animation>
    <animation id="hips-anim" name="hips"><animation><source id="hips-Matrix-animation-input"><float_array id="hips-Matrix-animation-input-array" count="46">

0.033333 0.066667 0.100000 0.133333 0.166667 0.200000 0.233333 0.266667 0.300000 0.333333 0.366667 0.400000 0.433333 0.466667 0.500000 0.533333
0.566667 0.600000 0.633333 0.666667 0.700000 0.733333 0.766667 0.800000 0.833333 0.866667 0.900000 0.933333 0.966667 1.000000 1.033333 1.066667
1.100000 1.133333 1.166667 1.200000 1.233333 1.266667 1.300000 1.333333 1.366667 1.400000 1.433333 1.466667 1.500000 1.533333</float_array><technique_common><accessor source="#hips-Matrix-animation-input-array" count="46"><param name="TIME" type="float"/></accessor></technique_common></source><source id="hips-Matrix-animation-output-transform"><float_array id="hips-Matrix-animation-output-transform-array" count="736">

1.000000 0.000000 0.000000 0.000000 0.000000 1.000000 0.000000 0.000000 0.000000 0.000000 1.000000 -0.472164 0.000000 0.000000 0.000000 1.000000
1.000000 0.000000 -0.000000 -0.000000 0.000000 1.000000 0.000000 -0.000000 0.000000 0.000000 1.000000 -0.472164 0.000000 0.000000 0.000000 1.000000
1.000000 -0.000000 -0.000000 0.000000 0.000000 1.000000 -0.000000 0.000000 -0.000000 0.000000 1.000000 -0.472164 0.000000 0.000000 0.000000 1.000000
1.000000 -0.000000 -0.000000 0.000000 0.000000 1.000000 -0.000000 0.000000 -0.000000 0.000000 1.000000 -0.472164 0.000000 0.000000 0.000000 1.000000
1.000000 -0.000000 0.000000 -0.000000 0.000000 1.000000 -0.000000 -0.000000 0.000000 -0.000000 1.000000 -0.472164 0.000000 0.000000 0.000000 1.000000
1.000000 0.000000 0.000000 0.000000 0.000000 1.000000 0.000000 0.000000 -0.000000 0.000000 1.000000 -0.472164 0.000000 0.000000 0.000000 1.000000
1.000000 0.000000 -0.000000 0.000000 0.000000 1.000000 -0.000000 0.000000 0.000000 -0.000000 1.000000 -0.472164 0.000000 0.000000 0.000000 1.000000
1.000000 0.000000 0.000000 0.000000 -0.000000 1.000000 0.000000 -0.000000 0.000000 0.000000 1.000000 -0.472164 0.000000 0.000000 0.000000 1.000000
1.000000 0.000000 -0.000000 0.000000 0.000000 1.000000 0.000000 0.000000 0.000000 0.000000 1.000000 -0.472164 0.000000 0.000000 0.000000 1.000000
1.000000 0.000000 0.000000 0.000000 -0.000000 1.000000 0.000000 0.000000 0.000000 0.000000 1.000000 -0.472164 0.000000 0.000000 0.000000 1.000000
1.000000 0.000000 -0.000000 0.000000 0.000000 1.000000 -0.000000 0.000000 0.000000 -0.000000 1.000000 -0.472164 0.000000 0.000000 0.000000 1.000000
1.000000 0.000000 0.000000 0.000000 -0.000000 1.000000 0.000000 -0.000000 0.000000 0.000000 1.000000 -0.472164 0.000000 0.000000 0.000000 1.000000
1.000000 0.000000 -0.000000 0.000000 -0.000000 1.000000 0.000000 -0.000000 -0.000000 0.000000 1.000000 -0.472164 0.000000 0.000000 0.000000 1.000000
1.000000 0.000000 0.000000 -0.000000 -0.000000 1.000000 0.000000 0.000000 0.000000 0.000000 1.000000 -0.472164 0.000000 0.000000 0.000000 1.000000
1.000000 0.000000 0.000000 -0.000000 -0.000000 1.000000 0.000000 0.000000 0.000000 0.000000 1.000000 -0.472164 0.000000 0.000000 0.000000 1.000000
1.000000 -0.000000 0.000000 0.000000 -0.000000 1.000000 -0.000000 0.000000 0.000000 -0.000000 1.000000 -0.472164 0.000000 0.000000 0.000000 1.000000
1.000000 -0.000000 0.000000 -0.000000 0.000000 1.000000 0.000000 0.000000 0.000000 -0.000000 1.000000 -0.472164 0.000000 0.000000 0.000000 1.000000
1.000000 -0.000000 0.000000 -0.000000 -0.000000 1.000000 0.000000 -0.000000 0.000000 -0.000000 1.000000 -0.472164 0.000000 0.000000 0.000000 1.000000
1.000000 0.000000 0.000000 -0.000000 0.000000 1.000000 -0.000000 0.000000 0.000000 0.000000 1.000000 -0.472164 0.000000 0.000000 0.000000 1.000000
1.000000 0.000000 0.000000 0.000000 -0.000000 1.000000 -0.000000 0.000000 0.000000 0.000000 1.000000 -0.472164 0.000000 0.000000 0.000000 1.000000
1.000000 -0.000000 0.000000 0.000000 -0.000000 1.000000 -0.000000 0.000000 0.000000 0.000000 1.000000 -0.472164 0.000000 0.000000 0.000000 1.000000
1.000000 -0.000000 -0.000000 0.000000 -0.000000 1.000000 0.000000 -0.000000 0.000000 0.000000 1.000000 -0.472164 0.000000 0.000000 0.000000 1.000000
1.000000 0.000000 0.000000 0.000000 0.000000 1.000000 0.000000 -0.000000 0.000000 0.000000 1.000000 -0.472164 0.000000 0.000000 0.000000 1.000000
1.000000 0.000000 -0.000000 0.000000 -0.000000 1.000000 -0.000000 -0.000000 -0.000000 0.000000 1.000000 -0.472164 0.000000 0.000000 0.000000 1.000000
1.000000 0.000000 -0.000000 -0.000000 0.000000 1.000000 0.000000 0.000000 0.000000 0.000000 1.000000 -0.472164 0.000000 0.000000 0.000000 1.000000
1.000000 0.000000 -0.000000 0.000000 0.000000 1.000000 0.000000 -0.000000 -0.000000 0.000000 1.000000 -0.472164 0.000000 0.000000 0.000000 1.000000
1.000000 -0.000000 -0.000000 -0.000000 0.000000 1.000000 0.000000 0.000000 0.000000 0.000000 1.000000 -0.472164 0.000000 0.000000 0.000000 1.000000
1.000000 -0.000000 0.000000 0.000000 -0.000000 1.000000 0.000000 0.000000 -0.000000 0.000000 1.000000 -0.472164 0.000000 0.000000 0.000000 1.000000
1.000000 0.000000 0.000000 0.000000 0.000000 1.000000 0.000000 0.000000 0.000000 0.000000 1.000000 -0.472164 0.000000 0.000000 0.000000 1.000000
1.000000 -0.000000 -0.000000 -0.000000 0.000000 1.000000 0.000000 -0.000000 -0.000000 0.000000 1.000000 -0.472164 0.000000 0.000000 0.000000 1.000000
1.000000 -0.000000 -0.000000 0.000000 -0.000000 1.000000 -0.000000 0.000000 0.000000 0.000000 1.000000 -0.472164 0.000000 0.000000 0.000000 1.000000
1.000000 -0.000000 0.000000 -0.000000 0.000000 1.000000 0.000000 0.000000 0.000000 -0.000000 1.000000 -0.472164 0.000000 0.000000 0.000000 1.000000
1.000000 0.000000 -0.000000 0.000000 -0.000000 1.000000 0.000000 0.000000 0.000000 0.000000 1.000000 -0.472164 0.000000 0.000000 0.000000 1.000000
1.000000 -0.000000 0.000000 0.000000 -0.000000 1.000000 0.000000 0.000000 0.000000 -0.000000 1.000000 -0.472164 0.000000 0.000000 0.000000 1.000000
1.000000 0.000000 0.000000 0.000000 -0.000000 1.000000 0.000000 -0.000000 0.000000 0.000000 1.000000 -0.472164 0.000000 0.000000 0.000000 1.000000
1.000000 -0.000000 0.000000 0.000000 0.000000 1.000000 0.000000 0.000000 0.000000 -0.000000 1.000000 -0.472164 0.000000 0.000000 0.000000 1.000000
1.000000 -0.000000 -0.000000 0.000000 -0.000000 1.000000 0.000000 0.000000 0.000000 0.000000 1.000000 -0.472164 0.000000 0.000000 0.000000 1.000000
1.000000 0.000000 -0.000000 0.000000 0.000000 1.000000 -0.000000 0.000000 0.000000 0.000000 1.000000 -0.472164 0.000000 0.000000 0.000000 1.000000
1.000000 -0.000000 -0.000000 0.000000 -0.000000 1.000000 0.000000 0.000000 0.000000 0.000000 1.000000 -0.472164 0.000000 0.000000 0.000000 1.000000
1.000000 -0.000000 0.000000 0.000000 -0.000000 1.000000 0.000000 0.000000 0.000000 -0.000000 1.000000 -0.472164 0.000000 0.000000 0.000000 1.000000
1.000000 -0.000000 -0.000000 0.000000 0.000000 1.000000 0.000000 0.000000 0.000000 0.000000 1.000000 -0.472164 0.000000 0.000000 0.000000 1.000000
1.000000 0.000000 0.000000 0.000000 0.000000 1.000000 0.000000 0.000000 0.000000 0.000000 1.000000 -0.472164 0.000000 0.000000 0.000000 1.000000
1.000000 0.000000 0.000000 -0.000000 0.000000 1.000000 0.000000 -0.000000 0.000000 0.000000 1.000000 -0.472164 0.000000 0.000000 0.000000 1.000000
1.000000 -0.000000 -0.000000 0.000000 0.000000 1.000000 -0.000000 0.000000 -0.000000 0.000000 1.000000 -0.472164 0.000000 0.000000 0.000000 1.000000
1.000000 0.000000 0.000000 -0.000000 0.000000 1.000000 -0.000000 0.000000 0.000000 -0.000000 1.000000 -0.472164 0.000000 0.000000 0.000000 1.000000
1.000000 0.000000 0.000000 0.000000 0.000000 1.000000 0.000000 0.000000 0.000000 0.000000 1.000000 -0.472164 0.000000 0.000000 0.000000 1.000000</float_array><technique_common><accessor source="#hips-Matrix-animation-output-transform-array" count="46" stride="16"><param type="float4x4"/></accessor></technique_common></source><source id="hips-Interpolations"><Name_array id="hips-Interpolations-array" count="46">
 LINEAR LINEAR LINEAR LINEAR LINEAR LINEAR LINEAR LINEAR LINEAR LINEAR LINEAR
LINEAR LINEAR LINEAR LINEAR LINEAR LINEAR LINEAR LINEAR LINEAR LINEAR LINEAR LINEAR
LINEAR LINEAR LINEAR LINEAR LINEAR LINEAR LINEAR LINEAR LINEAR LINEAR LINEAR LINEAR
LINEAR LINEAR LINEAR LINEAR LINEAR LINEAR LINEAR LINEAR LINEAR LINEAR LINEAR</Name_array><technique_common><accessor source="#hips-Interpolations-array" count="46"><param type="name"/></accessor></technique_common></source><sampler id="hips-Matrix-animation-transform"><input semantic="INPUT" source="#hips-Matrix-animation-input"/><input semantic="OUTPUT" source="#hips-Matrix-animation-output-transform"/><input semantic="INTERPOLATION" source="#hips-Interpolations"/></sampler><channel source="#hips-Matrix-animation-transform" target="hips/matrix"/></animation><animation><source id="hips-visibility-animation-input"><float_array id="hips-visibility-animation-input-array" count="46">

0.033333 0.066667 0.100000 0.133333 0.166667 0.200000 0.233333 0.266667 0.300000 0.333333 0.366667 0.400000 0.433333 0.466667 0.500000 0.533333
0.566667 0.600000 0.633333 0.666667 0.700000 0.733333 0.766667 0.800000 0.833333 0.866667 0.900000 0.933333 0.966667 1.000000 1.033333 1.066667
1.100000 1.133333 1.166667 1.200000 1.233333 1.266667 1.300000 1.333333 1.366667 1.400000 1.433333 1.466667 1.500000 1.533333</float_array><technique_common><accessor source="#hips-visibility-animation-input-array" count="46"><param name="TIME" type="float"/></accessor></technique_common></source><source id="hips-visibility-animation-output"><float_array id="hips-visibility-animation-output-array" count="46">

1.000000 1.000000 1.000000 1.000000 1.000000 1.000000 1.000000 1.000000 1.000000 1.000000 1.000000 1.000000 1.000000 1.000000 1.000000 1.000000
1.000000 1.000000 1.000000 1.000000 1.000000 1.000000 1.000000 1.000000 1.000000 1.000000 1.000000 1.000000 1.000000 1.000000 1.000000 1.000000
1.000000 1.000000 1.000000 1.000000 1.000000 1.000000 1.000000 1.000000 1.000000 1.000000 1.000000 1.000000 1.000000 1.000000</float_array><technique_common><accessor source="#hips-visibility-animation-output-array" count="46"><param type="float"/></accessor></technique_common></source><source id="hips-visibility-animation-intan"><float_array id="hips-visibility-animation-intan-array" count="46">

0.000000 0.000000 0.000000 0.000000 0.000000 0.000000 0.000000 0.000000 0.000000 0.000000 0.000000 0.000000 0.000000 0.000000 0.000000 0.000000
0.000000 0.000000 0.000000 0.000000 0.000000 0.000000 0.000000 0.000000 0.000000 0.000000 0.000000 0.000000 0.000000 0.000000 0.000000 0.000000
0.000000 0.000000 0.000000 0.000000 0.000000 0.000000 0.000000 0.000000 0.000000 0.000000 0.000000 0.000000 0.000000 0.000000</float_array><technique_common><accessor source="#hips-visibility-animation-intan-array" count="46"><param type="float"/></accessor></technique_common></source><source id="hips-visibility-animation-outtan"><float_array id="hips-visibility-animation-outtan-array" count="46">

0.000000 0.000000 0.000000 0.000000 0.000000 0.000000 0.000000 0.000000 0.000000 0.000000 0.000000 0.000000 0.000000 0.000000 0.000000 0.000000
0.000000 0.000000 0.000000 0.000000 0.000000 0.000000 0.000000 0.000000 0.000000 0.000000 0.000000 0.000000 0.000000 0.000000 0.000000 0.000000
0.000000 0.000000 0.000000 0.000000 0.000000 0.000000 0.000000 0.000000 0.000000 0.000000 0.000000 0.000000 0.000000 0.000000</float_array><technique_common><accessor source="#hips-visibility-animation-outtan-array" count="46"><param type="float"/></accessor></technique_common></source><source id="hips-visibility-animation-interpolation"><Name_array id="hips-visibility-animation-interpolation-array" count="46">
 BEZIER BEZIER BEZIER BEZIER BEZIER BEZIER BEZIER BEZIER BEZIER BEZIER BEZIER
BEZIER BEZIER BEZIER BEZIER BEZIER BEZIER BEZIER BEZIER BEZIER BEZIER BEZIER BEZIER
BEZIER BEZIER BEZIER BEZIER BEZIER BEZIER BEZIER BEZIER BEZIER BEZIER BEZIER BEZIER
BEZIER BEZIER BEZIER BEZIER BEZIER BEZIER BEZIER BEZIER BEZIER BEZIER BEZIER</Name_array><technique_common><accessor source="#hips-visibility-animation-interpolation-array" count="46"><param type="name"/></accessor></technique_common></source><sampler id="hips-visibility-animation"><input semantic="INPUT" source="#hips-visibility-animation-input"/><input semantic="OUTPUT" source="#hips-visibility-animation-output"/><input semantic="IN_TANGENT" source="#hips-visibility-animation-intan"/><input semantic="OUT_TANGENT" source="#hips-visibility-animation-outtan"/><input semantic="INTERPOLATION" source="#hips-visibility-animation-interpolation"/></sampler><channel source="#hips-visibility-animation" target="hips/visibility"/></animation></animation>
    <animation id="LeftBackLeg-anim" name="LeftBackLeg"><animation><source id="LeftBackLeg-Matrix-animation-input"><float_array id="LeftBackLeg-Matrix-animation-input-array" count="46">

0.033333 0.066667 0.100000 0.133333 0.166667 0.200000 0.233333 0.266667 0.300000 0.333333 0.366667 0.400000 0.433333 0.466667 0.500000 0.533333
0.566667 0.600000 0.633333 0.666667 0.700000 0.733333 0.766667 0.800000 0.833333 0.866667 0.900000 0.933333 0.966667 1.000000 1.033333 1.066667
1.100000 1.133333 1.166667 1.200000 1.233333 1.266667 1.300000 1.333333 1.366667 1.400000 1.433333 1.466667 1.500000 1.533333</float_array><technique_common><accessor source="#LeftBackLeg-Matrix-animation-input-array" count="46"><param name="TIME" type="float"/></accessor></technique_common></source><source id="LeftBackLeg-Matrix-animation-output-transform"><float_array id="LeftBackLeg-Matrix-animation-output-transform-array" count="736">

0.986644 -0.162864 -0.003143 0.294680 0.160579 0.975682 -0.149195 -0.032709 0.027365 0.146698 0.988803 -0.050545 0.000000 0.000000 0.000000 1.000000
0.985540 -0.169439 0.001320 0.294680 0.167294 0.971766 -0.166384 -0.032709 0.026909 0.164199 0.986060 -0.050545 0.000000 0.000000 0.000000 1.000000
0.982925 -0.183545 0.013058 0.294680 0.182182 0.960739 -0.209261 -0.032709 0.025863 0.208067 0.977773 -0.050545 0.000000 0.000000 0.000000 1.000000
0.980066 -0.196521 0.029143 0.294680 0.197147 0.943904 -0.264911 -0.032709 0.024552 0.265376 0.963832 -0.050545 0.000000 0.000000 0.000000 1.000000
0.978520 -0.200986 0.045862 0.294680 0.204944 0.924362 -0.321797 -0.032709 0.022283 0.324284 0.945697 -0.050545 0.000000 0.000000 0.000000 1.000000
0.979700 -0.191530 0.059189 0.294680 0.199736 0.907419 -0.369725 -0.032709 0.017105 0.374042 0.927254 -0.050545 0.000000 0.000000 0.000000 1.000000
0.984164 -0.164528 0.065973 0.294680 0.177152 0.899724 -0.398891 -0.032709 0.006271 0.404261 0.914622 -0.050545 0.000000 0.000000 0.000000 1.000000
0.990908 -0.117490 0.065556 0.294680 0.133948 0.907242 -0.398709 -0.032709 -0.012631 0.403865 0.914731 -0.050545 0.000000 0.000000 0.000000 1.000000
0.996257 -0.058620 0.063527 0.294680 0.078342 0.922902 -0.376980 -0.032709 -0.036531 0.380546 0.924040 -0.050545 0.000000 0.000000 0.000000 1.000000
0.997915 0.001105 0.064534 0.294680 0.021568 0.936667 -0.349556 -0.032709 -0.060833 0.350219 0.934690 -0.050545 0.000000 0.000000 0.000000 1.000000
0.995840 0.059484 0.069030 0.294680 -0.034633 0.947769 -0.317071 -0.032709 -0.084285 0.313361 0.945886 -0.050545 0.000000 0.000000 0.000000 1.000000
0.990465 0.114271 0.076952 0.294680 -0.088449 0.955703 -0.280730 -0.032709 -0.105622 0.271247 0.956697 -0.050545 0.000000 0.000000 0.000000 1.000000
0.982671 0.163336 0.087631 0.294680 -0.138029 0.960358 -0.242201 -0.032709 -0.123717 0.225908 0.966261 -0.050545 0.000000 0.000000 0.000000 1.000000
0.973704 0.204795 0.099800 0.294680 -0.181500 0.962109 -0.203481 -0.032709 -0.137691 0.180017 0.973979 -0.050545 0.000000 0.000000 0.000000 1.000000
0.965043 0.237090 0.111714 0.294680 -0.216996 0.961825 -0.166751 -0.032709 -0.146984 0.136680 0.979650 -0.050545 0.000000 0.000000 0.000000 1.000000
0.958236 0.258958 0.121347 0.294680 -0.242648 0.960784 -0.134226 -0.032709 -0.151347 0.099175 0.983493 -0.050545 0.000000 0.000000 0.000000 1.000000
0.962237 0.246485 0.115518 0.294680 -0.226940 0.960740 -0.159614 -0.032709 -0.150325 0.127371 0.980397 -0.050545 0.000000 0.000000 0.000000 1.000000
0.975782 0.196325 0.096467 0.294680 -0.166874 0.953229 -0.252008 -0.032709 -0.141431 0.229806 0.962905 -0.050545 0.000000 0.000000 0.000000 1.000000
0.985727 0.146196 0.083483 0.294680 -0.110459 0.935854 -0.334628 -0.032709 -0.127049 0.320630 0.938645 -0.050545 0.000000 0.000000 0.000000 1.000000
0.986927 0.138504 0.082410 0.294680 -0.103927 0.937742 -0.331421 -0.032709 -0.123182 0.318524 0.939877 -0.050545 0.000000 0.000000 0.000000 1.000000
0.967502 0.228355 0.108598 0.294680 -0.215563 0.969352 -0.117853 -0.032709 -0.132182 0.090614 0.987075 -0.050545 0.000000 0.000000 0.000000 1.000000
0.977245 0.190297 0.093700 0.294680 -0.177340 0.975352 -0.131296 -0.032709 -0.116375 0.111691 0.986905 -0.050545 0.000000 0.000000 0.000000 1.000000
0.983293 0.163312 0.080399 0.294680 -0.156451 0.983993 -0.085329 -0.032709 -0.093048 0.071325 0.993104 -0.050545 0.000000 0.000000 0.000000 1.000000
0.998477 -0.003439 0.055057 0.294680 0.018366 0.961839 -0.272998 -0.032709 -0.052018 0.273593 0.960438 -0.050545 0.000000 0.000000 0.000000 1.000000
0.983799 -0.165707 0.068411 0.294680 0.179120 0.892771 -0.413372 -0.032709 0.007424 0.418929 0.907989 -0.050545 0.000000 0.000000 0.000000 1.000000
0.953756 -0.285082 0.095274 0.294680 0.295346 0.829927 -0.473278 -0.032709 0.055853 0.479530 0.875746 -0.050545 0.000000 0.000000 0.000000 1.000000
0.924258 -0.364622 0.113125 0.294680 0.372183 0.794601 -0.479676 -0.032709 0.085011 0.485448 0.870123 -0.050545 0.000000 0.000000 0.000000 1.000000
0.911626 -0.397828 0.103302 0.294680 0.400716 0.804319 -0.438745 -0.032709 0.091457 0.441366 0.892654 -0.050545 0.000000 0.000000 0.000000 1.000000
0.921259 -0.383218 0.066526 0.294680 0.380212 0.851243 -0.361696 -0.032709 0.081979 0.358510 0.929919 -0.050545 0.000000 0.000000 0.000000 1.000000
0.934296 -0.355078 0.031783 0.294680 0.348747 0.891857 -0.288039 -0.032709 0.073930 0.280198 0.957091 -0.050545 0.000000 0.000000 0.000000 1.000000
0.935396 -0.352832 0.023339 0.294680 0.345752 0.898802 -0.269462 -0.032709 0.074098 0.260123 0.962728 -0.050545 0.000000 0.000000 0.000000 1.000000
0.910461 -0.407648 0.069877 0.294680 0.403791 0.839536 -0.363500 -0.032709 0.089516 0.359169 0.928970 -0.050545 0.000000 0.000000 0.000000 1.000000
0.919203 -0.381550 0.097392 0.294680 0.384074 0.814103 -0.435572 -0.032709 0.086905 0.437785 0.894870 -0.050545 0.000000 0.000000 0.000000 1.000000
0.953828 -0.297962 0.037826 0.294680 0.295072 0.906083 -0.303225 -0.032709 0.056076 0.300386 0.952168 -0.050545 0.000000 0.000000 0.000000 1.000000
0.890952 -0.440451 0.110485 0.294680 0.441703 0.784133 -0.435929 -0.032709 0.105370 0.437194 0.893173 -0.050545 0.000000 0.000000 0.000000 1.000000
0.951666 -0.307034 -0.007882 0.294680 0.299754 0.934081 -0.194013 -0.032709 0.066931 0.182272 0.980967 -0.050545 0.000000 0.000000 0.000000 1.000000
0.948344 -0.317242 0.001036 0.294680 0.309952 0.925845 -0.216198 -0.032709 0.067628 0.205351 0.976349 -0.050545 0.000000 0.000000 0.000000 1.000000
0.941145 -0.337314 0.021566 0.294680 0.330707 0.905772 -0.264971 -0.032709 0.069844 0.256508 0.964015 -0.050545 0.000000 0.000000 0.000000 1.000000
0.934734 -0.352669 0.043565 0.294680 0.347851 0.883056 -0.314979 -0.032709 0.072613 0.309575 0.948098 -0.050545 0.000000 0.000000 0.000000 1.000000
0.934372 -0.351897 0.055844 0.294680 0.348897 0.871865 -0.343690 -0.032709 0.072255 0.340618 0.937421 -0.050545 0.000000 0.000000 0.000000 1.000000
0.944496 -0.324961 0.048241 0.294680 0.322229 0.887754 -0.328726 -0.032709 0.063997 0.326025 0.943192 -0.050545 0.000000 0.000000 0.000000 1.000000
0.959488 -0.280176 0.029743 0.294680 0.277001 0.918742 -0.281396 -0.032709 0.051514 0.278235 0.959131 -0.050545 0.000000 0.000000 0.000000 1.000000
0.971465 -0.236706 0.015054 0.294680 0.233592 0.943820 -0.233750 -0.032709 0.041122 0.230597 0.972180 -0.050545 0.000000 0.000000 0.000000 1.000000
0.979948 -0.199196 0.004788 0.294680 0.196415 0.961666 -0.191365 -0.032709 0.033514 0.188469 0.981507 -0.050545 0.000000 0.000000 0.000000 1.000000
0.984956 -0.172800 -0.001164 0.294680 0.170366 0.972165 -0.160841 -0.032709 0.028925 0.158223 0.986980 -0.050545 0.000000 0.000000 0.000000 1.000000
1.000000 0.000000 0.000000 0.294680 0.000000 1.000000 0.000000 -0.032709 0.000000 0.000000 1.000000 -0.050545 0.000000 0.000000 0.000000 1.000000</float_array><technique_common><accessor source="#LeftBackLeg-Matrix-animation-output-transform-array" count="46" stride="16"><param type="float4x4"/></accessor></technique_common></source><source id="LeftBackLeg-Interpolations"><Name_array id="LeftBackLeg-Interpolations-array" count="46">
 LINEAR LINEAR LINEAR LINEAR LINEAR LINEAR LINEAR LINEAR LINEAR LINEAR LINEAR
LINEAR LINEAR LINEAR LINEAR LINEAR LINEAR LINEAR LINEAR LINEAR LINEAR LINEAR LINEAR
LINEAR LINEAR LINEAR LINEAR LINEAR LINEAR LINEAR LINEAR LINEAR LINEAR LINEAR LINEAR
LINEAR LINEAR LINEAR LINEAR LINEAR LINEAR LINEAR LINEAR LINEAR LINEAR LINEAR</Name_array><technique_common><accessor source="#LeftBackLeg-Interpolations-array" count="46"><param type="name"/></accessor></technique_common></source><sampler id="LeftBackLeg-Matrix-animation-transform"><input semantic="INPUT" source="#LeftBackLeg-Matrix-animation-input"/><input semantic="OUTPUT" source="#LeftBackLeg-Matrix-animation-output-transform"/><input semantic="INTERPOLATION" source="#LeftBackLeg-Interpolations"/></sampler><channel source="#LeftBackLeg-Matrix-animation-transform" target="LeftBackLeg/matrix"/></animation><animation><source id="LeftBackLeg-visibility-animation-input"><float_array id="LeftBackLeg-visibility-animation-input-array" count="46">

0.033333 0.066667 0.100000 0.133333 0.166667 0.200000 0.233333 0.266667 0.300000 0.333333 0.366667 0.400000 0.433333 0.466667 0.500000 0.533333
0.566667 0.600000 0.633333 0.666667 0.700000 0.733333 0.766667 0.800000 0.833333 0.866667 0.900000 0.933333 0.966667 1.000000 1.033333 1.066667
1.100000 1.133333 1.166667 1.200000 1.233333 1.266667 1.300000 1.333333 1.366667 1.400000 1.433333 1.466667 1.500000 1.533333</float_array><technique_common><accessor source="#LeftBackLeg-visibility-animation-input-array" count="46"><param name="TIME" type="float"/></accessor></technique_common></source><source id="LeftBackLeg-visibility-animation-output"><float_array id="LeftBackLeg-visibility-animation-output-array" count="46">

1.000000 1.000000 1.000000 1.000000 1.000000 1.000000 1.000000 1.000000 1.000000 1.000000 1.000000 1.000000 1.000000 1.000000 1.000000 1.000000
1.000000 1.000000 1.000000 1.000000 1.000000 1.000000 1.000000 1.000000 1.000000 1.000000 1.000000 1.000000 1.000000 1.000000 1.000000 1.000000
1.000000 1.000000 1.000000 1.000000 1.000000 1.000000 1.000000 1.000000 1.000000 1.000000 1.000000 1.000000 1.000000 1.000000</float_array><technique_common><accessor source="#LeftBackLeg-visibility-animation-output-array" count="46"><param type="float"/></accessor></technique_common></source><source id="LeftBackLeg-visibility-animation-intan"><float_array id="LeftBackLeg-visibility-animation-intan-array" count="46">

0.000000 0.000000 0.000000 0.000000 0.000000 0.000000 0.000000 0.000000 0.000000 0.000000 0.000000 0.000000 0.000000 0.000000 0.000000 0.000000
0.000000 0.000000 0.000000 0.000000 0.000000 0.000000 0.000000 0.000000 0.000000 0.000000 0.000000 0.000000 0.000000 0.000000 0.000000 0.000000
0.000000 0.000000 0.000000 0.000000 0.000000 0.000000 0.000000 0.000000 0.000000 0.000000 0.000000 0.000000 0.000000 0.000000</float_array><technique_common><accessor source="#LeftBackLeg-visibility-animation-intan-array" count="46"><param type="float"/></accessor></technique_common></source><source id="LeftBackLeg-visibility-animation-outtan"><float_array id="LeftBackLeg-visibility-animation-outtan-array" count="46">

0.000000 0.000000 0.000000 0.000000 0.000000 0.000000 0.000000 0.000000 0.000000 0.000000 0.000000 0.000000 0.000000 0.000000 0.000000 0.000000
0.000000 0.000000 0.000000 0.000000 0.000000 0.000000 0.000000 0.000000 0.000000 0.000000 0.000000 0.000000 0.000000 0.000000 0.000000 0.000000
0.000000 0.000000 0.000000 0.000000 0.000000 0.000000 0.000000 0.000000 0.000000 0.000000 0.000000 0.000000 0.000000 0.000000</float_array><technique_common><accessor source="#LeftBackLeg-visibility-animation-outtan-array" count="46"><param type="float"/></accessor></technique_common></source><source id="LeftBackLeg-visibility-animation-interpolation"><Name_array id="LeftBackLeg-visibility-animation-interpolation-array" count="46">
 BEZIER BEZIER BEZIER BEZIER BEZIER BEZIER BEZIER BEZIER BEZIER BEZIER BEZIER
BEZIER BEZIER BEZIER BEZIER BEZIER BEZIER BEZIER BEZIER BEZIER BEZIER BEZIER BEZIER
BEZIER BEZIER BEZIER BEZIER BEZIER BEZIER BEZIER BEZIER BEZIER BEZIER BEZIER BEZIER
BEZIER BEZIER BEZIER BEZIER BEZIER BEZIER BEZIER BEZIER BEZIER BEZIER BEZIER</Name_array><technique_common><accessor source="#LeftBackLeg-visibility-animation-interpolation-array" count="46"><param type="name"/></accessor></technique_common></source><sampler id="LeftBackLeg-visibility-animation"><input semantic="INPUT" source="#LeftBackLeg-visibility-animation-input"/><input semantic="OUTPUT" source="#LeftBackLeg-visibility-animation-output"/><input semantic="IN_TANGENT" source="#LeftBackLeg-visibility-animation-intan"/><input semantic="OUT_TANGENT" source="#LeftBackLeg-visibility-animation-outtan"/><input semantic="INTERPOLATION" source="#LeftBackLeg-visibility-animation-interpolation"/></sampler><channel source="#LeftBackLeg-visibility-animation" target="LeftBackLeg/visibility"/></animation></animation>
    <animation id="LeftBackLeg1-anim" name="LeftBackLeg1"><animation><source id="LeftBackLeg1-Matrix-animation-input"><float_array id="LeftBackLeg1-Matrix-animation-input-array" count="46">

0.033333 0.066667 0.100000 0.133333 0.166667 0.200000 0.233333 0.266667 0.300000 0.333333 0.366667 0.400000 0.433333 0.466667 0.500000 0.533333
0.566667 0.600000 0.633333 0.666667 0.700000 0.733333 0.766667 0.800000 0.833333 0.866667 0.900000 0.933333 0.966667 1.000000 1.033333 1.066667
1.100000 1.133333 1.166667 1.200000 1.233333 1.266667 1.300000 1.333333 1.366667 1.400000 1.433333 1.466667 1.500000 1.533333</float_array><technique_common><accessor source="#LeftBackLeg1-Matrix-animation-input-array" count="46"><param name="TIME" type="float"/></accessor></technique_common></source><source id="LeftBackLeg1-Matrix-animation-output-transform"><float_array id="LeftBackLeg1-Matrix-animation-output-transform-array" count="736">

0.984524 0.174286 0.018367 0.050323 -0.171812 0.939233 0.297189 -0.042782 0.034545 -0.295745 0.954642 -0.082027 0.000000 0.000000 0.000000 1.000000
0.982349 0.185767 0.021918 0.050323 -0.183054 0.930603 0.316968 -0.042782 0.038485 -0.315385 0.948183 -0.082027 0.000000 0.000000 0.000000 1.000000
