<?xml version="1.0" encoding="utf-8"?>
<COLLADA xmlns="http://www.collada.org/2005/11/COLLADASchema" version="1.4.1">
  <asset><contributor><author></author><authoring_tool>FBX COLLADA exporter</authoring_tool><comments></comments></contributor><created>2014-06-04T15:33:20Z</created><keywords></keywords><modified>2014-06-04T15:33:20Z</modified><revision></revision><subject></subject><title></title><unit meter="0.010000" name="centimeter"></unit><up_axis>Y_UP</up_axis></asset>
  <library_animations>
    <animation id="Root-anim" name="Root"><animation><source id="Root-Matrix-animation-input"><float_array id="Root-Matrix-animation-input-array" count="51">

0.033333 0.066667 0.100000 0.133333 0.166667 0.200000 0.233333 0.266667 0.300000 0.333333 0.366667 0.400000 0.433333 0.466667 0.500000 0.533333
0.566667 0.600000 0.633333 0.666667 0.700000 0.733333 0.766667 0.800000 0.833333 0.866667 0.900000 0.933333 0.966667 1.000000 1.033333 1.066667
1.100000 1.133333 1.166667 1.200000 1.233333 1.266667 1.300000 1.333333 1.366667 1.400000 1.433333 1.466667 1.500000 1.533333 1.566667 1.600000
1.633333 1.666667 1.700000</float_array><technique_common><accessor source="#Root-Matrix-animation-input-array" count="51"><param name="TIME" type="float"/></accessor></technique_common></source><source id="Root-Matrix-animation-output-transform"><float_array id="Root-Matrix-animation-output-transform-array" count="816">

1.000000 0.000000 0.000000 0.000000 0.000000 0.991020 0.133717 0.328767 0.000000 -0.133717 0.991020 -0.028853 0.000000 0.000000 0.000000 1.000000
0.999968 -0.008021 0.000207 -0.000044 0.007921 0.990983 0.133753 0.329717 -0.001278 -0.133747 0.991015 -0.030503 0.000000 0.000000 0.000000 1.000000
0.999606 -0.028070 0.000716 -0.000165 0.027721 0.990589 0.134030 0.332363 -0.004471 -0.133957 0.990977 -0.035094 0.000000 0.000000 0.000000 1.000000
0.998534 -0.054116 0.001343 -0.000350 0.053442 0.989431 0.134797 0.336395 -0.008623 -0.134528 0.990872 -0.042093 0.000000 0.000000 0.000000 1.000000
0.996783 -0.080129 0.001883 -0.000585 0.079126 0.987513 0.136227 0.341506 -0.012775 -0.135640 0.990676 -0.050965 0.000000 0.000000 0.000000 1.000000
0.994975 -0.100103 0.002148 -0.000855 0.098844 0.985434 0.138384 0.347387 -0.015969 -0.137476 0.990376 -0.061174 0.000000 0.000000 0.000000 1.000000
0.994139 -0.108086 0.002010 -0.001146 0.106721 0.984203 0.141263 0.353731 -0.017246 -0.140221 0.989970 -0.072185 0.000000 0.000000 0.000000 1.000000
0.994299 -0.106625 0.000368 -0.001444 0.105324 0.982693 0.152387 0.360229 -0.016610 -0.151479 0.988321 -0.083464 0.000000 0.000000 0.000000 1.000000
0.994738 -0.102405 -0.003201 -0.001735 0.101370 0.979192 0.175805 0.366572 -0.014869 -0.175204 0.984420 -0.094475 0.000000 0.000000 0.000000 1.000000
0.995381 -0.095693 -0.007670 -0.002005 0.095212 0.973843 0.206312 0.372454 -0.012273 -0.206089 0.978456 -0.104684 0.000000 0.000000 0.000000 1.000000
0.996149 -0.086841 -0.012051 -0.002239 0.087202 0.967161 0.238736 0.377564 -0.009076 -0.238867 0.971010 -0.113555 0.000000 0.000000 0.000000 1.000000
0.996962 -0.076322 -0.015543 -0.002424 0.077692 0.960281 0.268000 0.381597 -0.005528 -0.268394 0.963293 -0.120554 0.000000 0.000000 0.000000 1.000000
0.997749 -0.064709 -0.017623 -0.002546 0.067039 0.954933 0.289151 0.384242 -0.001882 -0.289681 0.957121 -0.125146 0.000000 0.000000 0.000000 1.000000
0.998452 -0.052596 -0.018098 -0.002590 0.055600 0.953160 0.297314 0.385192 0.001612 -0.297860 0.954608 -0.126795 0.000000 0.000000 0.000000 1.000000
0.999300 -0.033710 -0.016192 -0.002590 0.036874 0.960345 0.276364 0.380114 0.006234 -0.276768 0.960917 -0.112642 0.000000 0.000000 0.000000 1.000000
0.999868 -0.007874 -0.014238 -0.002590 0.010892 0.974029 0.226162 0.367015 0.012088 -0.226287 0.973986 -0.076139 0.000000 0.000000 0.000000 1.000000
0.999779 0.014843 -0.014897 -0.002590 -0.012161 0.986007 0.166263 0.349106 0.017156 -0.166045 0.985969 -0.026229 0.000000 0.000000 0.000000 1.000000
0.999567 0.024223 -0.016707 -0.002590 -0.022104 0.992875 0.117093 0.329593 0.019425 -0.116673 0.992980 0.028151 0.000000 0.000000 0.000000 1.000000
0.999644 0.019693 -0.018006 -0.002590 -0.018148 0.996441 0.082311 0.311684 0.019563 -0.081955 0.996444 0.078060 0.000000 0.000000 0.000000 1.000000
0.999760 0.010826 -0.019043 -0.002590 -0.009754 0.998410 0.055517 0.298586 0.019614 -0.055318 0.998276 0.114564 0.000000 0.000000 0.000000 1.000000
0.999805 0.002971 -0.019513 -0.002590 -0.002141 0.999098 0.042407 0.293507 0.019621 -0.042357 0.998910 0.128717 0.000000 0.000000 0.000000 1.000000
0.999811 -0.003078 -0.019172 -0.002590 0.003824 0.999232 0.039000 0.294482 0.019037 -0.039066 0.999055 0.128717 0.000000 0.000000 0.000000 1.000000
0.999797 -0.009153 -0.017963 -0.002590 0.009817 0.999259 0.037208 0.297128 0.017610 -0.037376 0.999146 0.128717 0.000000 0.000000 0.000000 1.000000
0.999771 -0.013849 -0.016344 -0.002590 0.014438 0.999228 0.036527 0.301029 0.015826 -0.036755 0.999199 0.128717 0.000000 0.000000 0.000000 1.000000
0.999767 -0.015761 -0.014759 -0.002590 0.016290 0.999203 0.036435 0.305767 0.014173 -0.036667 0.999227 0.128717 0.000000 0.000000 0.000000 1.000000
0.999840 -0.012138 -0.013129 -0.002590 0.012678 0.999041 0.041903 0.310927 0.012608 -0.042063 0.999035 0.128717 0.000000 0.000000 0.000000 1.000000
0.999934 -0.003036 -0.011054 -0.002590 0.003647 0.998445 0.055630 0.316092 0.010868 -0.055667 0.998390 0.128717 0.000000 0.000000 0.000000 1.000000
0.999926 0.008743 -0.008494 -0.002590 -0.008094 0.997250 0.073673 0.320845 0.009115 -0.073598 0.997246 0.128717 0.000000 0.000000 0.000000 1.000000
0.999775 0.020441 -0.005650 -0.002590 -0.019834 0.995551 0.092116 0.324768 0.007508 -0.091983 0.995732 0.128717 0.000000 0.000000 0.000000 1.000000
0.999564 0.029362 -0.003082 -0.002590 -0.028863 0.993829 0.107101 0.327447 0.006208 -0.106965 0.994243 0.128717 0.000000 0.000000 0.000000 1.000000
0.999458 0.032877 -0.001612 -0.002590 -0.032475 0.992855 0.114827 0.328462 0.005376 -0.114712 0.993384 0.128717 0.000000 0.000000 0.000000 1.000000
0.999468 0.032585 -0.001023 -0.002571 -0.032239 0.992547 0.117521 0.328506 0.004845 -0.117425 0.993070 0.127575 0.000000 0.000000 0.000000 1.000000
0.999492 0.031859 -0.000525 -0.002517 -0.031566 0.992279 0.119944 0.328545 0.004342 -0.119867 0.992780 0.124305 0.000000 0.000000 0.000000 1.000000
0.999527 0.030747 -0.000114 -0.002432 -0.030503 0.992047 0.122112 0.328580 0.003867 -0.122051 0.992516 0.119145 0.000000 0.000000 0.000000 1.000000
0.999571 0.029298 0.000215 -0.002320 -0.029099 0.991851 0.124039 0.328611 0.003421 -0.123992 0.992277 0.112330 0.000000 0.000000 0.000000 1.000000
0.999620 0.027562 0.000467 -0.002185 -0.027402 0.991685 0.125740 0.328639 0.003002 -0.125705 0.992063 0.104097 0.000000 0.000000 0.000000 1.000000
0.999672 0.025588 0.000649 -0.002030 -0.025462 0.991547 0.127229 0.328663 0.002612 -0.127203 0.991873 0.094682 0.000000 0.000000 0.000000 1.000000
0.999725 0.023423 0.000768 -0.001860 -0.023327 0.991433 0.128520 0.328684 0.002249 -0.128502 0.991707 0.084321 0.000000 0.000000 0.000000 1.000000
0.999777 0.021116 0.000831 -0.001678 -0.021046 0.991339 0.129627 0.328701 0.001913 -0.129616 0.991562 0.073252 0.000000 0.000000 0.000000 1.000000
0.999824 0.018717 0.000846 -0.001488 -0.018667 0.991264 0.130565 0.328717 0.001605 -0.130558 0.991439 0.061710 0.000000 0.000000 0.000000 1.000000
0.999867 0.016273 0.000820 -0.001295 -0.016240 0.991203 0.131348 0.328729 0.001325 -0.131344 0.991336 0.049932 0.000000 0.000000 0.000000 1.000000
0.999904 0.013833 0.000761 -0.001101 -0.013812 0.991155 0.131989 0.328739 0.001072 -0.131987 0.991251 0.038153 0.000000 0.000000 0.000000 1.000000
0.999934 0.011444 0.000677 -0.000912 -0.011433 0.991117 0.132503 0.328748 0.000846 -0.132502 0.991182 0.026611 0.000000 0.000000 0.000000 1.000000
0.999958 0.009156 0.000576 -0.000730 -0.009151 0.991087 0.132903 0.328754 0.000646 -0.132903 0.991129 0.015542 0.000000 0.000000 0.000000 1.000000
0.999975 0.007017 0.000465 -0.000559 -0.007016 0.991064 0.133204 0.328759 0.000474 -0.133204 0.991088 0.005182 0.000000 0.000000 0.000000 1.000000
0.999987 0.005074 0.000351 -0.000405 -0.005075 0.991047 0.133420 0.328762 0.000329 -0.133420 0.991059 -0.004233 0.000000 0.000000 0.000000 1.000000
0.999994 0.003376 0.000243 -0.000269 -0.003378 0.991034 0.133565 0.328765 0.000210 -0.133565 0.991040 -0.012466 0.000000 0.000000 0.000000 1.000000
0.999998 0.001971 0.000147 -0.000157 -0.001973 0.991026 0.133653 0.328766 0.000118 -0.133653 0.991028 -0.019281 0.000000 0.000000 0.000000 1.000000
1.000000 0.000908 0.000070 -0.000073 -0.000909 0.991022 0.133698 0.328767 0.000052 -0.133698 0.991022 -0.024441 0.000000 0.000000 0.000000 1.000000
1.000000 0.000235 0.000019 -0.000019 -0.000235 0.991020 0.133714 0.328767 0.000013 -0.133714 0.991020 -0.027711 0.000000 0.000000 0.000000 1.000000
1.000000 0.000000 0.000000 0.000000 0.000000 1.000000 0.000000 0.255515 0.000000 0.000000 1.000000 -0.028853 0.000000 0.000000 0.000000 1.000000</float_array><technique_common><accessor source="#Root-Matrix-animation-output-transform-array" count="51" stride="16"><param type="float4x4"/></accessor></technique_common></source><source id="Root-Interpolations"><Name_array id="Root-Interpolations-array" count="51">
 LINEAR LINEAR LINEAR LINEAR LINEAR LINEAR LINEAR LINEAR LINEAR LINEAR LINEAR
LINEAR LINEAR LINEAR LINEAR LINEAR LINEAR LINEAR LINEAR LINEAR LINEAR LINEAR LINEAR
LINEAR LINEAR LINEAR LINEAR LINEAR LINEAR LINEAR LINEAR LINEAR LINEAR LINEAR LINEAR
LINEAR LINEAR LINEAR LINEAR LINEAR LINEAR LINEAR LINEAR LINEAR LINEAR LINEAR LINEAR
LINEAR LINEAR LINEAR LINEAR</Name_array><technique_common><accessor source="#Root-Interpolations-array" count="51"><param type="name"/></accessor></technique_common></source><sampler id="Root-Matrix-animation-transform"><input semantic="INPUT" source="#Root-Matrix-animation-input"/><input semantic="OUTPUT" source="#Root-Matrix-animation-output-transform"/><input semantic="INTERPOLATION" source="#Root-Interpolations"/></sampler><channel source="#Root-Matrix-animation-transform" target="Root/matrix"/></animation><animation><source id="Root-visibility-animation-input"><float_array id="Root-visibility-animation-input-array" count="51">

0.033333 0.066667 0.100000 0.133333 0.166667 0.200000 0.233333 0.266667 0.300000 0.333333 0.366667 0.400000 0.433333 0.466667 0.500000 0.533333
0.566667 0.600000 0.633333 0.666667 0.700000 0.733333 0.766667 0.800000 0.833333 0.866667 0.900000 0.933333 0.966667 1.000000 1.033333 1.066667
1.100000 1.133333 1.166667 1.200000 1.233333 1.266667 1.300000 1.333333 1.366667 1.400000 1.433333 1.466667 1.500000 1.533333 1.566667 1.600000
1.633333 1.666667 1.700000</float_array><technique_common><accessor source="#Root-visibility-animation-input-array" count="51"><param name="TIME" type="float"/></accessor></technique_common></source><source id="Root-visibility-animation-output"><float_array id="Root-visibility-animation-output-array" count="51">

1.000000 1.000000 1.000000 1.000000 1.000000 1.000000 1.000000 1.000000 1.000000 1.000000 1.000000 1.000000 1.000000 1.000000 1.000000 1.000000
1.000000 1.000000 1.000000 1.000000 1.000000 1.000000 1.000000 1.000000 1.000000 1.000000 1.000000 1.000000 1.000000 1.000000 1.000000 1.000000
1.000000 1.000000 1.000000 1.000000 1.000000 1.000000 1.000000 1.000000 1.000000 1.000000 1.000000 1.000000 1.000000 1.000000 1.000000 1.000000
1.000000 1.000000 1.000000</float_array><technique_common><accessor source="#Root-visibility-animation-output-array" count="51"><param type="float"/></accessor></technique_common></source><source id="Root-visibility-animation-intan"><float_array id="Root-visibility-animation-intan-array" count="51">

0.000000 0.000000 0.000000 0.000000 0.000000 0.000000 0.000000 0.000000 0.000000 0.000000 0.000000 0.000000 0.000000 0.000000 0.000000 0.000000
0.000000 0.000000 0.000000 0.000000 0.000000 0.000000 0.000000 0.000000 0.000000 0.000000 0.000000 0.000000 0.000000 0.000000 0.000000 0.000000
0.000000 0.000000 0.000000 0.000000 0.000000 0.000000 0.000000 0.000000 0.000000 0.000000 0.000000 0.000000 0.000000 0.000000 0.000000 0.000000
0.000000 0.000000 0.000000</float_array><technique_common><accessor source="#Root-visibility-animation-intan-array" count="51"><param type="float"/></accessor></technique_common></source><source id="Root-visibility-animation-outtan"><float_array id="Root-visibility-animation-outtan-array" count="51">

0.000000 0.000000 0.000000 0.000000 0.000000 0.000000 0.000000 0.000000 0.000000 0.000000 0.000000 0.000000 0.000000 0.000000 0.000000 0.000000
0.000000 0.000000 0.000000 0.000000 0.000000 0.000000 0.000000 0.000000 0.000000 0.000000 0.000000 0.000000 0.000000 0.000000 0.000000 0.000000
0.000000 0.000000 0.000000 0.000000 0.000000 0.000000 0.000000 0.000000 0.000000 0.000000 0.000000 0.000000 0.000000 0.000000 0.000000 0.000000
0.000000 0.000000 0.000000</float_array><technique_common><accessor source="#Root-visibility-animation-outtan-array" count="51"><param type="float"/></accessor></technique_common></source><source id="Root-visibility-animation-interpolation"><Name_array id="Root-visibility-animation-interpolation-array" count="51">
 BEZIER BEZIER BEZIER BEZIER BEZIER BEZIER BEZIER BEZIER BEZIER BEZIER BEZIER
BEZIER BEZIER BEZIER BEZIER BEZIER BEZIER BEZIER BEZIER BEZIER BEZIER BEZIER BEZIER
BEZIER BEZIER BEZIER BEZIER BEZIER BEZIER BEZIER BEZIER BEZIER BEZIER BEZIER BEZIER
BEZIER BEZIER BEZIER BEZIER BEZIER BEZIER BEZIER BEZIER BEZIER BEZIER BEZIER BEZIER
BEZIER BEZIER BEZIER BEZIER</Name_array><technique_common><accessor source="#Root-visibility-animation-interpolation-array" count="51"><param type="name"/></accessor></technique_common></source><sampler id="Root-visibility-animation"><input semantic="INPUT" source="#Root-visibility-animation-input"/><input semantic="OUTPUT" source="#Root-visibility-animation-output"/><input semantic="IN_TANGENT" source="#Root-visibility-animation-intan"/><input semantic="OUT_TANGENT" source="#Root-visibility-animation-outtan"/><input semantic="INTERPOLATION" source="#Root-visibility-animation-interpolation"/></sampler><channel source="#Root-visibility-animation" target="Root/visibility"/></animation></animation>
    <animation id="hips-anim" name="hips"><animation><source id="hips-Matrix-animation-input"><float_array id="hips-Matrix-animation-input-array" count="51">

0.033333 0.066667 0.100000 0.133333 0.166667 0.200000 0.233333 0.266667 0.300000 0.333333 0.366667 0.400000 0.433333 0.466667 0.500000 0.533333
0.566667 0.600000 0.633333 0.666667 0.700000 0.733333 0.766667 0.800000 0.833333 0.866667 0.900000 0.933333 0.966667 1.000000 1.033333 1.066667
1.100000 1.133333 1.166667 1.200000 1.233333 1.266667 1.300000 1.333333 1.366667 1.400000 1.433333 1.466667 1.500000 1.533333 1.566667 1.600000
1.633333 1.666667 1.700000</float_array><technique_common><accessor source="#hips-Matrix-animation-input-array" count="51"><param name="TIME" type="float"/></accessor></technique_common></source><source id="hips-Matrix-animation-output-transform"><float_array id="hips-Matrix-animation-output-transform-array" count="816">

1.000000 0.000000 0.000000 0.000000 0.000000 1.000000 0.000000 0.000000 0.000000 0.000000 1.000000 -0.472164 0.000000 0.000000 0.000000 1.000000
1.000000 0.000000 -0.000000 -0.000000 0.000000 1.000000 0.000000 0.000000 0.000000 0.000000 1.000000 -0.472164 0.000000 0.000000 0.000000 1.000000
1.000000 -0.000000 0.000000 -0.000000 0.000000 1.000000 0.000000 0.000000 0.000000 -0.000000 1.000000 -0.472164 0.000000 0.000000 0.000000 1.000000
1.000000 -0.000000 -0.000000 0.000000 -0.000000 1.000000 0.000000 0.000000 -0.000000 0.000000 1.000000 -0.472164 0.000000 0.000000 0.000000 1.000000
1.000000 -0.000000 -0.000000 -0.000000 0.000000 1.000000 -0.000000 0.000000 0.000000 -0.000000 1.000000 -0.472164 0.000000 0.000000 0.000000 1.000000
1.000000 -0.000000 -0.000000 0.000000 -0.000000 1.000000 -0.000000 0.000000 0.000000 0.000000 1.000000 -0.472164 0.000000 0.000000 0.000000 1.000000
1.000000 -0.000000 0.000000 0.000000 0.000000 1.000000 0.000000 0.000000 0.000000 0.000000 1.000000 -0.472164 0.000000 0.000000 0.000000 1.000000
1.000000 0.000000 0.000000 -0.000000 -0.000000 1.000000 0.000000 0.000000 -0.000000 0.000000 1.000000 -0.472164 0.000000 0.000000 0.000000 1.000000
1.000000 0.000000 0.000000 -0.000000 -0.000000 1.000000 0.000000 0.000000 0.000000 -0.000000 1.000000 -0.472164 0.000000 0.000000 0.000000 1.000000
1.000000 0.000000 0.000000 -0.000000 0.000000 1.000000 0.000000 -0.000000 -0.000000 -0.000000 1.000000 -0.472164 0.000000 0.000000 0.000000 1.000000
1.000000 -0.000000 -0.000000 0.000000 0.000000 1.000000 0.000000 0.000000 0.000000 0.000000 1.000000 -0.472164 0.000000 0.000000 0.000000 1.000000
1.000000 0.000000 0.000000 0.000000 -0.000000 1.000000 0.000000 0.000000 0.000000 0.000000 1.000000 -0.472164 0.000000 0.000000 0.000000 1.000000
1.000000 -0.000000 -0.000000 0.000000 0.000000 1.000000 -0.000000 0.000000 -0.000000 0.000000 1.000000 -0.472164 0.000000 0.000000 0.000000 1.000000
1.000000 -0.000000 -0.000000 -0.000000 0.000000 1.000000 -0.000000 0.000000 -0.000000 -0.000000 1.000000 -0.472164 0.000000 0.000000 0.000000 1.000000
1.000000 0.000000 -0.000000 0.000000 -0.000000 1.000000 0.000000 0.000000 -0.000000 -0.000000 1.000000 -0.472164 0.000000 0.000000 0.000000 1.000000
1.000000 0.000000 0.000000 0.000000 -0.000000 1.000000 0.000000 -0.000000 0.000000 0.000000 1.000000 -0.472164 0.000000 0.000000 0.000000 1.000000
1.000000 0.000000 0.000000 0.000000 0.000000 1.000000 0.000000 -0.000000 0.000000 0.000000 1.000000 -0.472164 0.000000 0.000000 0.000000 1.000000
1.000000 -0.000000 -0.000000 0.000000 -0.000000 1.000000 -0.000000 0.000000 0.000000 -0.000000 1.000000 -0.472164 0.000000 0.000000 0.000000 1.000000
1.000000 0.000000 0.000000 0.000000 -0.000000 1.000000 0.000000 -0.000000 0.000000 -0.000000 1.000000 -0.472164 0.000000 0.000000 0.000000 1.000000
1.000000 0.000000 0.000000 0.000000 -0.000000 1.000000 0.000000 0.000000 0.000000 -0.000000 1.000000 -0.472164 0.000000 0.000000 0.000000 1.000000
1.000000 0.000000 -0.000000 0.000000 -0.000000 1.000000 0.000000 0.000000 -0.000000 0.000000 1.000000 -0.472164 0.000000 0.000000 0.000000 1.000000
1.000000 -0.000000 0.000000 0.000000 0.000000 1.000000 0.000000 -0.000000 0.000000 -0.000000 1.000000 -0.472164 0.000000 0.000000 0.000000 1.000000
1.000000 -0.000000 0.000000 -0.000000 0.000000 1.000000 0.000000 0.000000 0.000000 0.000000 1.000000 -0.472164 0.000000 0.000000 0.000000 1.000000
1.000000 0.000000 0.000000 0.000000 -0.000000 1.000000 -0.000000 0.000000 0.000000 -0.000000 1.000000 -0.472164 0.000000 0.000000 0.000000 1.000000
1.000000 -0.000000 0.000000 0.000000 0.000000 1.000000 0.000000 -0.000000 0.000000 0.000000 1.000000 -0.472164 0.000000 0.000000 0.000000 1.000000
1.000000 -0.000000 -0.000000 0.000000 -0.000000 1.000000 0.000000 0.000000 0.000000 -0.000000 1.000000 -0.472164 0.000000 0.000000 0.000000 1.000000
1.000000 -0.000000 0.000000 -0.000000 0.000000 1.000000 0.000000 0.000000 0.000000 -0.000000 1.000000 -0.472164 0.000000 0.000000 0.000000 1.000000
1.000000 -0.000000 -0.000000 0.000000 -0.000000 1.000000 0.000000 0.000000 0.000000 0.000000 1.000000 -0.472164 0.000000 0.000000 0.000000 1.000000
1.000000 0.000000 0.000000 0.000000 0.000000 1.000000 0.000000 0.000000 0.000000 -0.000000 1.000000 -0.472164 0.000000 0.000000 0.000000 1.000000
1.000000 0.000000 -0.000000 -0.000000 -0.000000 1.000000 0.000000 -0.000000 0.000000 -0.000000 1.000000 -0.472164 0.000000 0.000000 0.000000 1.000000
1.000000 -0.000000 -0.000000 0.000000 -0.000000 1.000000 0.000000 0.000000 0.000000 -0.000000 1.000000 -0.472164 0.000000 0.000000 0.000000 1.000000
1.000000 -0.000000 0.000000 -0.000000 -0.000000 1.000000 0.000000 0.000000 0.000000 0.000000 1.000000 -0.472164 0.000000 0.000000 0.000000 1.000000
1.000000 -0.000000 0.000000 0.000000 -0.000000 1.000000 0.000000 -0.000000 0.000000 0.000000 1.000000 -0.472164 0.000000 0.000000 0.000000 1.000000
1.000000 -0.000000 0.000000 0.000000 0.000000 1.000000 0.000000 0.000000 0.000000 0.000000 1.000000 -0.472164 0.000000 0.000000 0.000000 1.000000
1.000000 0.000000 0.000000 0.000000 -0.000000 1.000000 0.000000 0.000000 0.000000 0.000000 1.000000 -0.472164 0.000000 0.000000 0.000000 1.000000
1.000000 -0.000000 -0.000000 0.000000 -0.000000 1.000000 -0.000000 0.000000 0.000000 -0.000000 1.000000 -0.472164 0.000000 0.000000 0.000000 1.000000
1.000000 -0.000000 -0.000000 0.000000 0.000000 1.000000 -0.000000 -0.000000 -0.000000 0.000000 1.000000 -0.472164 0.000000 0.000000 0.000000 1.000000
1.000000 0.000000 0.000000 0.000000 -0.000000 1.000000 0.000000 0.000000 0.000000 -0.000000 1.000000 -0.472164 0.000000 0.000000 0.000000 1.000000
1.000000 0.000000 0.000000 0.000000 0.000000 1.000000 0.000000 0.000000 -0.000000 0.000000 1.000000 -0.472164 0.000000 0.000000 0.000000 1.000000
1.000000 -0.000000 0.000000 -0.000000 0.000000 1.000000 0.000000 0.000000 0.000000 0.000000 1.000000 -0.472164 0.000000 0.000000 0.000000 1.000000
1.000000 0.000000 0.000000 0.000000 0.000000 1.000000 -0.000000 0.000000 0.000000 -0.000000 1.000000 -0.472164 0.000000 0.000000 0.000000 1.000000
1.000000 0.000000 0.000000 -0.000000 -0.000000 1.000000 0.000000 -0.000000 -0.000000 0.000000 1.000000 -0.472164 0.000000 0.000000 0.000000 1.000000
1.000000 0.000000 0.000000 0.000000 0.000000 1.000000 0.000000 0.000000 -0.000000 0.000000 1.000000 -0.472164 0.000000 0.000000 0.000000 1.000000
1.000000 0.000000 -0.000000 -0.000000 0.000000 1.000000 0.000000 -0.000000 0.000000 -0.000000 1.000000 -0.472164 0.000000 0.000000 0.000000 1.000000
1.000000 -0.000000 -0.000000 -0.000000 -0.000000 1.000000 0.000000 -0.000000 -0.000000 0.000000 1.000000 -0.472164 0.000000 0.000000 0.000000 1.000000
1.000000 0.000000 0.000000 -0.000000 0.000000 1.000000 -0.000000 0.000000 0.000000 0.000000 1.000000 -0.472164 0.000000 0.000000 0.000000 1.000000
1.000000 0.000000 0.000000 0.000000 -0.000000 1.000000 0.000000 0.000000 0.000000 -0.000000 1.000000 -0.472164 0.000000 0.000000 0.000000 1.000000
1.000000 0.000000 -0.000000 0.000000 0.000000 1.000000 0.000000 0.000000 0.000000 -0.000000 1.000000 -0.472164 0.000000 0.000000 0.000000 1.000000
1.000000 0.000000 0.000000 0.000000 0.000000 1.000000 0.000000 0.000000 -0.000000 0.000000 1.000000 -0.472164 0.000000 0.000000 0.000000 1.000000
1.000000 0.000000 0.000000 0.000000 -0.000000 1.000000 -0.000000 0.000000 -0.000000 0.000000 1.000000 -0.472164 0.000000 0.000000 0.000000 1.000000
1.000000 0.000000 0.000000 0.000000 0.000000 1.000000 0.000000 0.000000 0.000000 0.000000 1.000000 -0.472164 0.000000 0.000000 0.000000 1.000000</float_array><technique_common><accessor source="#hips-Matrix-animation-output-transform-array" count="51" stride="16"><param type="float4x4"/></accessor></technique_common></source><source id="hips-Interpolations"><Name_array id="hips-Interpolations-array" count="51">
 LINEAR LINEAR LINEAR LINEAR LINEAR LINEAR LINEAR LINEAR LINEAR LINEAR LINEAR
LINEAR LINEAR LINEAR LINEAR LINEAR LINEAR LINEAR LINEAR LINEAR LINEAR LINEAR LINEAR
LINEAR LINEAR LINEAR LINEAR LINEAR LINEAR LINEAR LINEAR LINEAR LINEAR LINEAR LINEAR
LINEAR LINEAR LINEAR LINEAR LINEAR LINEAR LINEAR LINEAR LINEAR LINEAR LINEAR LINEAR
LINEAR LINEAR LINEAR LINEAR</Name_array><technique_common><accessor source="#hips-Interpolations-array" count="51"><param type="name"/></accessor></technique_common></source><sampler id="hips-Matrix-animation-transform"><input semantic="INPUT" source="#hips-Matrix-animation-input"/><input semantic="OUTPUT" source="#hips-Matrix-animation-output-transform"/><input semantic="INTERPOLATION" source="#hips-Interpolations"/></sampler><channel source="#hips-Matrix-animation-transform" target="hips/matrix"/></animation><animation><source id="hips-visibility-animation-input"><float_array id="hips-visibility-animation-input-array" count="51">

0.033333 0.066667 0.100000 0.133333 0.166667 0.200000 0.233333 0.266667 0.300000 0.333333 0.366667 0.400000 0.433333 0.466667 0.500000 0.533333
0.566667 0.600000 0.633333 0.666667 0.700000 0.733333 0.766667 0.800000 0.833333 0.866667 0.900000 0.933333 0.966667 1.000000 1.033333 1.066667
1.100000 1.133333 1.166667 1.200000 1.233333 1.266667 1.300000 1.333333 1.366667 1.400000 1.433333 1.466667 1.500000 1.533333 1.566667 1.600000
1.633333 1.666667 1.700000</float_array><technique_common><accessor source="#hips-visibility-animation-input-array" count="51"><param name="TIME" type="float"/></accessor></technique_common></source><source id="hips-visibility-animation-output"><float_array id="hips-visibility-animation-output-array" count="51">

1.000000 1.000000 1.000000 1.000000 1.000000 1.000000 1.000000 1.000000 1.000000 1.000000 1.000000 1.000000 1.000000 1.000000 1.000000 1.000000
1.000000 1.000000 1.000000 1.000000 1.000000 1.000000 1.000000 1.000000 1.000000 1.000000 1.000000 1.000000 1.000000 1.000000 1.000000 1.000000
1.000000 1.000000 1.000000 1.000000 1.000000 1.000000 1.000000 1.000000 1.000000 1.000000 1.000000 1.000000 1.000000 1.000000 1.000000 1.000000
1.000000 1.000000 1.000000</float_array><technique_common><accessor source="#hips-visibility-animation-output-array" count="51"><param type="float"/></accessor></technique_common></source><source id="hips-visibility-animation-intan"><float_array id="hips-visibility-animation-intan-array" count="51">

0.000000 0.000000 0.000000 0.000000 0.000000 0.000000 0.000000 0.000000 0.000000 0.000000 0.000000 0.000000 0.000000 0.000000 0.000000 0.000000
0.000000 0.000000 0.000000 0.000000 0.000000 0.000000 0.000000 0.000000 0.000000 0.000000 0.000000 0.000000 0.000000 0.000000 0.000000 0.000000
0.000000 0.000000 0.000000 0.000000 0.000000 0.000000 0.000000 0.000000 0.000000 0.000000 0.000000 0.000000 0.000000 0.000000 0.000000 0.000000
0.000000 0.000000 0.000000</float_array><technique_common><accessor source="#hips-visibility-animation-intan-array" count="51"><param type="float"/></accessor></technique_common></source><source id="hips-visibility-animation-outtan"><float_array id="hips-visibility-animation-outtan-array" count="51">

0.000000 0.000000 0.000000 0.000000 0.000000 0.000000 0.000000 0.000000 0.000000 0.000000 0.000000 0.000000 0.000000 0.000000 0.000000 0.000000
0.000000 0.000000 0.000000 0.000000 0.000000 0.000000 0.000000 0.000000 0.000000 0.000000 0.000000 0.000000 0.000000 0.000000 0.000000 0.000000
0.000000 0.000000 0.000000 0.000000 0.000000 0.000000 0.000000 0.000000 0.000000 0.000000 0.000000 0.000000 0.000000 0.000000 0.000000 0.000000
0.000000 0.000000 0.000000</float_array><technique_common><accessor source="#hips-visibility-animation-outtan-array" count="51"><param type="float"/></accessor></technique_common></source><source id="hips-visibility-animation-interpolation"><Name_array id="hips-visibility-animation-interpolation-array" count="51">
 BEZIER BEZIER BEZIER BEZIER BEZIER BEZIER BEZIER BEZIER BEZIER BEZIER BEZIER
BEZIER BEZIER BEZIER BEZIER BEZIER BEZIER BEZIER BEZIER BEZIER BEZIER BEZIER BEZIER
BEZIER BEZIER BEZIER BEZIER BEZIER BEZIER BEZIER BEZIER BEZIER BEZIER BEZIER BEZIER
BEZIER BEZIER BEZIER BEZIER BEZIER BEZIER BEZIER BEZIER BEZIER BEZIER BEZIER BEZIER
BEZIER BEZIER BEZIER BEZIER</Name_array><technique_common><accessor source="#hips-visibility-animation-interpolation-array" count="51"><param type="name"/></accessor></technique_common></source><sampler id="hips-visibility-animation"><input semantic="INPUT" source="#hips-visibility-animation-input"/><input semantic="OUTPUT" source="#hips-visibility-animation-output"/><input semantic="IN_TANGENT" source="#hips-visibility-animation-intan"/><input semantic="OUT_TANGENT" source="#hips-visibility-animation-outtan"/><input semantic="INTERPOLATION" source="#hips-visibility-animation-interpolation"/></sampler><channel source="#hips-visibility-animation" target="hips/visibility"/></animation></animation>
    <animation id="LeftBackLeg-anim" name="LeftBackLeg"><animation><source id="LeftBackLeg-Matrix-animation-input"><float_array id="LeftBackLeg-Matrix-animation-input-array" count="51">

0.033333 0.066667 0.100000 0.133333 0.166667 0.200000 0.233333 0.266667 0.300000 0.333333 0.366667 0.400000 0.433333 0.466667 0.500000 0.533333
0.566667 0.600000 0.633333 0.666667 0.700000 0.733333 0.766667 0.800000 0.833333 0.866667 0.900000 0.933333 0.966667 1.000000 1.033333 1.066667
1.100000 1.133333 1.166667 1.200000 1.233333 1.266667 1.300000 1.333333 1.366667 1.400000 1.433333 1.466667 1.500000 1.533333 1.566667 1.600000
1.633333 1.666667 1.700000</float_array><technique_common><accessor source="#LeftBackLeg-Matrix-animation-input-array" count="51"><param name="TIME" type="float"/></accessor></technique_common></source><source id="LeftBackLeg-Matrix-animation-output-transform"><float_array id="LeftBackLeg-Matrix-animation-output-transform-array" count="816">

0.986644 -0.162864 -0.003143 0.294680 0.160579 0.975682 -0.149195 -0.032709 0.027365 0.146698 0.988803 -0.050545 0.000000 0.000000 0.000000 1.000000
0.989997 -0.140861 -0.008036 0.294680 0.138892 0.983007 -0.120028 -0.032709 0.024807 0.117711 0.992738 -0.050545 0.000000 0.000000 0.000000 1.000000
0.996404 -0.082904 -0.017473 0.294680 0.082119 0.995752 -0.041657 -0.032709 0.020852 0.040072 0.998979 -0.050545 0.000000 0.000000 0.000000 1.000000
0.999748 -0.000078 -0.022436 0.294680 0.001732 0.997279 0.073698 -0.032709 0.022369 -0.073719 0.997028 -0.050545 0.000000 0.000000 0.000000 1.000000
0.995274 0.095780 -0.016003 0.294680 -0.090211 0.972947 0.212690 -0.032709 0.035942 -0.210241 0.976989 -0.050545 0.000000 0.000000 0.000000 1.000000
0.981538 0.191240 0.003158 0.294680 -0.179616 0.915953 0.358842 -0.032709 0.065732 -0.352785 0.933393 -0.050545 0.000000 0.000000 0.000000 1.000000
0.963429 0.266781 0.025154 0.294680 -0.245081 0.839308 0.485281 -0.032709 0.108352 -0.473699 0.873996 -0.050545 0.000000 0.000000 0.000000 1.000000
0.968658 0.248115 0.011869 0.294680 -0.224671 0.854748 0.467899 -0.032709 0.105948 -0.455901 0.883702 -0.050545 0.000000 0.000000 0.000000 1.000000
0.987323 0.157792 -0.017197 0.294680 -0.142886 0.930742 0.336606 -0.032709 0.069120 -0.329882 0.941489 -0.050545 0.000000 0.000000 0.000000 1.000000
0.998115 0.053065 -0.030816 0.294680 -0.046718 0.982723 0.179089 -0.032709 0.039787 -0.177311 0.983350 -0.050545 0.000000 0.000000 0.000000 1.000000
0.998378 -0.050428 -0.026433 0.294680 0.050977 0.998488 0.020559 -0.032709 0.025356 -0.021873 0.999439 -0.050545 0.000000 0.000000 0.000000 1.000000
0.989713 -0.142823 -0.008403 0.294680 0.140790 0.982703 -0.120308 -0.032709 0.025440 0.117887 0.992701 -0.050545 0.000000 0.000000 0.000000 1.000000
0.976377 -0.215574 0.014696 0.294680 0.213251 0.950429 -0.226294 -0.032709 0.034815 0.224082 0.973948 -0.050545 0.000000 0.000000 0.000000 1.000000
0.964828 -0.261080 0.030732 0.294680 0.258965 0.923829 -0.281917 -0.032709 0.045212 0.279960 0.958946 -0.050545 0.000000 0.000000 0.000000 1.000000
0.950538 -0.306457 0.050622 0.294680 0.305173 0.891058 -0.335985 -0.032709 0.057857 0.334815 0.940506 -0.050545 0.000000 0.000000 0.000000 1.000000
0.935439 -0.343076 0.085162 0.294680 0.346183 0.840398 -0.417000 -0.032709 0.071492 0.419560 0.904908 -0.050545 0.000000 0.000000 0.000000 1.000000
0.944279 -0.313908 0.098987 0.294680 0.322605 0.823016 -0.467516 -0.032709 0.065289 0.473400 0.878425 -0.050545 0.000000 0.000000 0.000000 1.000000
0.980021 -0.185956 0.070559 0.294680 0.198304 0.886304 -0.418499 -0.032709 0.015285 0.424130 0.905472 -0.050545 0.000000 0.000000 0.000000 1.000000
0.989516 -0.124573 0.073080 0.294680 0.144137 0.883803 -0.445103 -0.032709 -0.009140 0.450970 0.892493 -0.050545 0.000000 0.000000 0.000000 1.000000
0.968724 -0.216988 0.120374 0.294680 0.243193 0.733830 -0.634312 -0.032709 0.049304 0.643747 0.763648 -0.050545 0.000000 0.000000 0.000000 1.000000
0.923851 -0.330852 0.192448 0.294680 0.359101 0.575228 -0.734955 -0.032709 0.132460 0.748098 0.650234 -0.050545 0.000000 0.000000 0.000000 1.000000
0.881854 -0.411694 0.229875 0.294680 0.443723 0.559641 -0.699937 -0.032709 0.159512 0.719243 0.676199 -0.050545 0.000000 0.000000 0.000000 1.000000
0.876915 -0.447104 0.176405 0.294680 0.463576 0.689805 -0.556117 -0.032709 0.126957 0.569444 0.812167 -0.050545 0.000000 0.000000 0.000000 1.000000
0.920155 -0.390808 0.024157 0.294680 0.382270 0.883270 -0.271485 -0.032709 0.084762 0.259042 0.962140 -0.050545 0.000000 0.000000 0.000000 1.000000
0.966716 -0.220616 -0.129571 0.294680 0.233293 0.968008 0.092386 -0.032709 0.105044 -0.119539 0.987257 -0.050545 0.000000 0.000000 0.000000 1.000000
0.978158 -0.037036 -0.204537 0.294680 0.112863 0.920948 0.372984 -0.032709 0.174554 -0.387922 0.905013 -0.050545 0.000000 0.000000 0.000000 1.000000
0.974443 0.005328 -0.224572 0.294680 0.096575 0.892678 0.440227 -0.032709 0.202816 -0.450664 0.869349 -0.050545 0.000000 0.000000 0.000000 1.000000
0.970899 -0.073261 -0.228007 0.294680 0.154679 0.918672 0.363477 -0.032709 0.182836 -0.388167 0.903270 -0.050545 0.000000 0.000000 0.000000 1.000000
0.961853 -0.156567 -0.224333 0.294680 0.217863 0.934349 0.282007 -0.032709 0.165452 -0.320123 0.932817 -0.050545 0.000000 0.000000 0.000000 1.000000
0.950431 -0.223819 -0.215837 0.294680 0.270074 0.938219 0.216347 -0.032709 0.154080 -0.263915 0.952160 -0.050545 0.000000 0.000000 0.000000 1.000000
0.943452 -0.256955 -0.209459 0.294680 0.296067 0.937343 0.183662 -0.032709 0.149143 -0.235290 0.960414 -0.050545 0.000000 0.000000 0.000000 1.000000
0.938366 -0.287176 -0.192352 0.294680 0.315974 0.938292 0.140599 -0.032709 0.140106 -0.192711 0.971202 -0.050545 0.000000 0.000000 0.000000 1.000000
0.930029 -0.328769 -0.164187 0.294680 0.344285 0.935749 0.076433 -0.032709 0.128509 -0.127612 0.983464 -0.050545 0.000000 0.000000 0.000000 1.000000
0.924615 -0.347586 -0.155795 0.294680 0.359355 0.931625 0.054212 -0.032709 0.126299 -0.106111 0.986301 -0.050545 0.000000 0.000000 0.000000 1.000000
0.914463 -0.388381 -0.113658 0.294680 0.387980 0.921286 -0.026534 -0.032709 0.115017 -0.019833 0.993166 -0.050545 0.000000 0.000000 0.000000 1.000000
0.892592 -0.450847 0.004139 0.294680 0.439368 0.867732 -0.232372 -0.032709 0.101172 0.209232 0.972618 -0.050545 0.000000 0.000000 0.000000 1.000000
0.882440 -0.456081 0.115279 0.294680 0.457732 0.775913 -0.434097 -0.032709 0.108537 0.435832 0.893460 -0.050545 0.000000 0.000000 0.000000 1.000000
0.901509 -0.404353 0.154209 0.294680 0.418625 0.724484 -0.547610 -0.032709 0.109706 0.558230 0.822401 -0.050545 0.000000 0.000000 0.000000 1.000000
0.930903 -0.337483 0.139730 0.294680 0.354370 0.741702 -0.569474 -0.032709 0.088550 0.579641 0.810046 -0.050545 0.000000 0.000000 0.000000 1.000000
0.960870 -0.259007 0.098209 0.294680 0.272838 0.823713 -0.497047 -0.032709 0.047842 0.504393 0.862148 -0.050545 0.000000 0.000000 0.000000 1.000000
0.987275 -0.150807 0.050454 0.294680 0.158987 0.929296 -0.333364 -0.032709 0.003387 0.337143 0.941447 -0.050545 0.000000 0.000000 0.000000 1.000000
0.998905 -0.041416 0.021776 0.294680 0.044038 0.989402 -0.138364 -0.032709 -0.015815 0.139171 0.990142 -0.050545 0.000000 0.000000 0.000000 1.000000
0.999850 -0.012157 0.012344 0.294680 0.012911 0.997929 -0.063018 -0.032709 -0.011553 0.063168 0.997936 -0.050545 0.000000 0.000000 0.000000 1.000000
0.998397 -0.055827 0.009266 0.294680 0.056489 0.992947 -0.104234 -0.032709 -0.003381 0.104590 0.994510 -0.050545 0.000000 0.000000 0.000000 1.000000
0.996048 -0.088522 0.007188 0.294680 0.088710 0.987738 -0.128466 -0.032709 0.004272 0.128596 0.991688 -0.050545 0.000000 0.000000 0.000000 1.000000
0.993525 -0.113499 0.005129 0.294680 0.113074 0.983394 -0.141953 -0.032709 0.011067 0.141614 0.989860 -0.050545 0.000000 0.000000 0.000000 1.000000
0.991198 -0.132357 0.002937 0.294680 0.131323 0.980161 -0.148455 -0.032709 0.016770 0.147534 0.988915 -0.050545 0.000000 0.000000 0.000000 1.000000
0.989266 -0.146127 0.000728 0.294680 0.144569 0.977963 -0.150624 -0.032709 0.021298 0.149112 0.988591 -0.050545 0.000000 0.000000 0.000000 1.000000
0.987833 -0.155514 -0.001238 0.294680 0.153559 0.976615 -0.150472 -0.032709 0.024610 0.148451 0.988613 -0.050545 0.000000 0.000000 0.000000 1.000000
0.986947 -0.161022 -0.002628 0.294680 0.158822 0.975903 -0.149629 -0.032709 0.026658 0.147259 0.988739 -0.050545 0.000000 0.000000 0.000000 1.000000
1.000000 0.000000 0.000000 0.294680 0.000000 1.000000 0.000000 -0.032709 0.000000 0.000000 1.000000 -0.050545 0.000000 0.000000 0.000000 1.000000</float_array><technique_common><accessor source="#LeftBackLeg-Matrix-animation-output-transform-array" count="51" stride="16"><param type="float4x4"/></accessor></technique_common></source><source id="LeftBackLeg-Interpolations"><Name_array id="LeftBackLeg-Interpolations-array" count="51">
 LINEAR LINEAR LINEAR LINEAR LINEAR LINEAR LINEAR LINEAR LINEAR LINEAR LINEAR
LINEAR LINEAR LINEAR LINEAR LINEAR LINEAR LINEAR LINEAR LINEAR LINEAR LINEAR LINEAR
LINEAR LINEAR LINEAR LINEAR LINEAR LINEAR LINEAR LINEAR LINEAR LINEAR LINEAR LINEAR
LINEAR LINEAR LINEAR LINEAR LINEAR LINEAR LINEAR LINEAR LINEAR LINEAR LINEAR LINEAR
LINEAR LINEAR LINEAR LINEAR</Name_array><technique_common><accessor source="#LeftBackLeg-Interpolations-array" count="51"><param type="name"/></accessor></technique_common></source><sampler id="LeftBackLeg-Matrix-animation-transform"><input semantic="INPUT" source="#LeftBackLeg-Matrix-animation-input"/><input semantic="OUTPUT" source="#LeftBackLeg-Matrix-animation-output-transform"/><input semantic="INTERPOLATION" source="#LeftBackLeg-Interpolations"/></sampler><channel source="#LeftBackLeg-Matrix-animation-transform" target="LeftBackLeg/matrix"/></animation><animation><source id="LeftBackLeg-visibility-animation-input"><float_array id="LeftBackLeg-visibility-animation-input-array" count="51">

0.033333 0.066667 0.100000 0.133333 0.166667 0.200000 0.233333 0.266667 0.300000 0.333333 0.366667 0.400000 0.433333 0.466667 0.500000 0.533333
0.566667 0.600000 0.633333 0.666667 0.700000 0.733333 0.766667 0.800000 0.833333 0.866667 0.900000 0.933333 0.966667 1.000000 1.033333 1.066667
1.100000 1.133333 1.166667 1.200000 1.233333 1.266667 1.300000 1.333333 1.366667 1.400000 1.433333 1.466667 1.500000 1.533333 1.566667 1.600000
1.633333 1.666667 1.700000</float_array><technique_common><accessor source="#LeftBackLeg-visibility-animation-input-array" count="51"><param name="TIME" type="float"/></accessor></technique_common></source><source id="LeftBackLeg-visibility-animation-output"><float_array id="LeftBackLeg-visibility-animation-output-array" count="51">

1.000000 1.000000 1.000000 1.000000 1.000000 1.000000 1.000000 1.000000 1.000000 1.000000 1.000000 1.000000 1.000000 1.000000 1.000000 1.000000
1.000000 1.000000 1.000000 1.000000 1.000000 1.000000 1.000000 1.000000 1.000000 1.000000 1.000000 1.000000 1.000000 1.000000 1.000000 1.000000
1.000000 1.000000 1.000000 1.000000 1.000000 1.000000 1.000000 1.000000 1.000000 1.000000 1.000000 1.000000 1.000000 1.000000 1.000000 1.000000
1.000000 1.000000 1.000000</float_array><technique_common><accessor source="#LeftBackLeg-visibility-animation-output-array" count="51"><param type="float"/></accessor></technique_common></source><source id="LeftBackLeg-visibility-animation-intan"><float_array id="LeftBackLeg-visibility-animation-intan-array" count="51">

0.000000 0.000000 0.000000 0.000000 0.000000 0.000000 0.000000 0.000000 0.000000 0.000000 0.000000 0.000000 0.000000 0.000000 0.000000 0.000000
0.000000 0.000000 0.000000 0.000000 0.000000 0.000000 0.000000 0.000000 0.000000 0.000000 0.000000 0.000000 0.000000 0.000000 0.000000 0.000000
0.000000 0.000000 0.000000 0.000000 0.000000 0.000000 0.000000 0.000000 0.000000 0.000000 0.000000 0.000000 0.000000 0.000000 0.000000 0.000000
