<?xml version="1.0" encoding="utf-8"?>
<COLLADA xmlns="http://www.collada.org/2005/11/COLLADASchema" version="1.4.1">
  <asset><contributor><author></author><authoring_tool>FBX COLLADA exporter</authoring_tool><comments></comments></contributor><created>2014-06-04T15:33:28Z</created><keywords></keywords><modified>2014-06-04T15:33:28Z</modified><revision></revision><subject></subject><title></title><unit meter="0.010000" name="centimeter"></unit><up_axis>Y_UP</up_axis></asset>
  <library_animations>
    <animation id="Root-anim" name="Root"><animation><source id="Root-Matrix-animation-input"><float_array id="Root-Matrix-animation-input-array" count="41">

0.033333 0.066667 0.100000 0.133333 0.166667 0.200000 0.233333 0.266667 0.300000 0.333333 0.366667 0.400000 0.433333 0.466667 0.500000 0.533333
0.566667 0.600000 0.633333 0.666667 0.700000 0.733333 0.766667 0.800000 0.833333 0.866667 0.900000 0.933333 0.966667 1.000000 1.033333 1.066667
1.100000 1.133333 1.166667 1.200000 1.233333 1.266667 1.300000 1.333333 1.366667</float_array><technique_common><accessor source="#Root-Matrix-animation-input-array" count="41"><param name="TIME" type="float"/></accessor></technique_common></source><source id="Root-Matrix-animation-output-transform"><float_array id="Root-Matrix-animation-output-transform-array" count="656">

1.000000 0.000000 0.000000 0.000000 0.000000 0.997003 0.077365 0.255515 0.000000 -0.077365 0.997003 -0.028853 0.000000 0.000000 0.000000 1.000000
1.000000 0.000000 0.000000 0.000000 0.000000 0.997003 0.077365 0.255515 0.000000 -0.077365 0.997003 -0.028853 0.000000 0.000000 0.000000 1.000000
1.000000 0.000000 0.000000 0.000000 0.000000 0.997003 0.077365 0.255515 0.000000 -0.077365 0.997003 -0.028853 0.000000 0.000000 0.000000 1.000000
1.000000 0.000000 0.000000 0.000000 0.000000 0.997003 0.077365 0.255515 0.000000 -0.077365 0.997003 -0.028853 0.000000 0.000000 0.000000 1.000000
1.000000 0.000000 0.000000 0.000000 0.000000 0.997003 0.077365 0.255515 0.000000 -0.077365 0.997003 -0.028853 0.000000 0.000000 0.000000 1.000000
1.000000 0.000000 0.000000 0.000000 0.000000 0.997003 0.077365 0.255515 0.000000 -0.077365 0.997003 -0.028853 0.000000 0.000000 0.000000 1.000000
1.000000 0.000000 0.000000 0.000000 0.000000 0.997003 0.077365 0.255515 0.000000 -0.077365 0.997003 -0.028853 0.000000 0.000000 0.000000 1.000000
1.000000 0.000000 0.000000 0.000000 0.000000 0.997003 0.077365 0.255515 0.000000 -0.077365 0.997003 -0.028853 0.000000 0.000000 0.000000 1.000000
1.000000 0.000000 0.000000 0.000000 0.000000 0.997003 0.077365 0.255515 0.000000 -0.077365 0.997003 -0.028853 0.000000 0.000000 0.000000 1.000000
1.000000 0.000000 0.000000 0.000000 0.000000 0.997003 0.077365 0.255515 0.000000 -0.077365 0.997003 -0.028853 0.000000 0.000000 0.000000 1.000000
1.000000 0.000000 0.000000 0.000000 0.000000 0.997003 0.077365 0.255515 0.000000 -0.077365 0.997003 -0.028853 0.000000 0.000000 0.000000 1.000000
1.000000 0.000000 0.000000 0.000000 0.000000 0.997003 0.077365 0.255515 0.000000 -0.077365 0.997003 -0.028853 0.000000 0.000000 0.000000 1.000000
1.000000 0.000000 0.000000 0.000000 0.000000 0.997003 0.077365 0.255515 0.000000 -0.077365 0.997003 -0.028853 0.000000 0.000000 0.000000 1.000000
1.000000 0.000000 0.000000 0.000000 0.000000 0.997003 0.077365 0.255515 0.000000 -0.077365 0.997003 -0.028853 0.000000 0.000000 0.000000 1.000000
1.000000 0.000000 0.000000 0.000000 0.000000 0.997003 0.077365 0.255515 0.000000 -0.077365 0.997003 -0.028853 0.000000 0.000000 0.000000 1.000000
1.000000 0.000000 0.000000 0.000000 0.000000 0.997003 0.077365 0.255515 0.000000 -0.077365 0.997003 -0.028853 0.000000 0.000000 0.000000 1.000000
1.000000 0.000000 0.000000 0.000000 0.000000 0.997003 0.077365 0.255515 0.000000 -0.077365 0.997003 -0.028853 0.000000 0.000000 0.000000 1.000000
1.000000 0.000000 0.000000 0.000000 0.000000 0.997003 0.077365 0.255515 0.000000 -0.077365 0.997003 -0.028853 0.000000 0.000000 0.000000 1.000000
1.000000 0.000000 0.000000 0.000000 0.000000 0.997003 0.077365 0.255515 0.000000 -0.077365 0.997003 -0.028853 0.000000 0.000000 0.000000 1.000000
1.000000 0.000000 0.000000 0.000000 0.000000 0.997003 0.077365 0.255515 0.000000 -0.077365 0.997003 -0.028853 0.000000 0.000000 0.000000 1.000000
1.000000 0.000000 0.000000 0.000000 0.000000 0.997003 0.077365 0.255515 0.000000 -0.077365 0.997003 -0.028853 0.000000 0.000000 0.000000 1.000000
1.000000 0.000000 0.000000 0.000000 0.000000 0.997003 0.077365 0.255515 0.000000 -0.077365 0.997003 -0.028853 0.000000 0.000000 0.000000 1.000000
1.000000 0.000000 0.000000 0.000000 0.000000 0.997003 0.077365 0.255515 0.000000 -0.077365 0.997003 -0.028853 0.000000 0.000000 0.000000 1.000000
1.000000 0.000000 0.000000 0.000000 0.000000 0.997003 0.077365 0.255515 0.000000 -0.077365 0.997003 -0.028853 0.000000 0.000000 0.000000 1.000000
1.000000 0.000000 0.000000 0.000000 0.000000 0.997003 0.077365 0.255515 0.000000 -0.077365 0.997003 -0.028853 0.000000 0.000000 0.000000 1.000000
1.000000 0.000000 0.000000 0.000000 0.000000 0.997003 0.077365 0.255515 0.000000 -0.077365 0.997003 -0.028853 0.000000 0.000000 0.000000 1.000000
1.000000 0.000000 0.000000 0.000000 0.000000 0.997003 0.077365 0.255515 0.000000 -0.077365 0.997003 -0.028853 0.000000 0.000000 0.000000 1.000000
1.000000 0.000000 0.000000 0.000000 0.000000 0.997003 0.077365 0.255515 0.000000 -0.077365 0.997003 -0.028853 0.000000 0.000000 0.000000 1.000000
1.000000 0.000000 0.000000 0.000000 0.000000 0.997003 0.077365 0.255515 0.000000 -0.077365 0.997003 -0.028853 0.000000 0.000000 0.000000 1.000000
1.000000 0.000000 0.000000 0.000000 0.000000 0.997003 0.077365 0.255515 0.000000 -0.077365 0.997003 -0.028853 0.000000 0.000000 0.000000 1.000000
1.000000 0.000000 0.000000 0.000000 0.000000 0.997003 0.077365 0.255515 0.000000 -0.077365 0.997003 -0.028853 0.000000 0.000000 0.000000 1.000000
1.000000 0.000000 0.000000 0.000000 0.000000 0.997003 0.077365 0.255515 0.000000 -0.077365 0.997003 -0.028853 0.000000 0.000000 0.000000 1.000000
1.000000 0.000000 0.000000 0.000000 0.000000 0.997003 0.077365 0.255515 0.000000 -0.077365 0.997003 -0.028853 0.000000 0.000000 0.000000 1.000000
1.000000 0.000000 0.000000 0.000000 0.000000 0.997003 0.077365 0.255515 0.000000 -0.077365 0.997003 -0.028853 0.000000 0.000000 0.000000 1.000000
1.000000 0.000000 0.000000 0.000000 0.000000 0.997003 0.077365 0.255515 0.000000 -0.077365 0.997003 -0.028853 0.000000 0.000000 0.000000 1.000000
1.000000 0.000000 0.000000 0.000000 0.000000 0.997003 0.077365 0.255515 0.000000 -0.077365 0.997003 -0.028853 0.000000 0.000000 0.000000 1.000000
1.000000 0.000000 0.000000 0.000000 0.000000 0.997003 0.077365 0.255515 0.000000 -0.077365 0.997003 -0.028853 0.000000 0.000000 0.000000 1.000000
1.000000 0.000000 0.000000 0.000000 0.000000 0.997003 0.077365 0.255515 0.000000 -0.077365 0.997003 -0.028853 0.000000 0.000000 0.000000 1.000000
1.000000 0.000000 0.000000 0.000000 0.000000 0.997003 0.077365 0.255515 0.000000 -0.077365 0.997003 -0.028853 0.000000 0.000000 0.000000 1.000000
1.000000 0.000000 0.000000 0.000000 0.000000 0.997003 0.077365 0.255515 0.000000 -0.077365 0.997003 -0.028853 0.000000 0.000000 0.000000 1.000000
1.000000 0.000000 0.000000 0.000000 0.000000 1.000000 0.000000 0.255515 0.000000 0.000000 1.000000 -0.028853 0.000000 0.000000 0.000000 1.000000</float_array><technique_common><accessor source="#Root-Matrix-animation-output-transform-array" count="41" stride="16"><param type="float4x4"/></accessor></technique_common></source><source id="Root-Interpolations"><Name_array id="Root-Interpolations-array" count="41">
 LINEAR LINEAR LINEAR LINEAR LINEAR LINEAR LINEAR LINEAR LINEAR LINEAR LINEAR
LINEAR LINEAR LINEAR LINEAR LINEAR LINEAR LINEAR LINEAR LINEAR LINEAR LINEAR LINEAR
LINEAR LINEAR LINEAR LINEAR LINEAR LINEAR LINEAR LINEAR LINEAR LINEAR LINEAR LINEAR
LINEAR LINEAR LINEAR LINEAR LINEAR LINEAR</Name_array><technique_common><accessor source="#Root-Interpolations-array" count="41"><param type="name"/></accessor></technique_common></source><sampler id="Root-Matrix-animation-transform"><input semantic="INPUT" source="#Root-Matrix-animation-input"/><input semantic="OUTPUT" source="#Root-Matrix-animation-output-transform"/><input semantic="INTERPOLATION" source="#Root-Interpolations"/></sampler><channel source="#Root-Matrix-animation-transform" target="Root/matrix"/></animation><animation><source id="Root-visibility-animation-input"><float_array id="Root-visibility-animation-input-array" count="41">

0.033333 0.066667 0.100000 0.133333 0.166667 0.200000 0.233333 0.266667 0.300000 0.333333 0.366667 0.400000 0.433333 0.466667 0.500000 0.533333
0.566667 0.600000 0.633333 0.666667 0.700000 0.733333 0.766667 0.800000 0.833333 0.866667 0.900000 0.933333 0.966667 1.000000 1.033333 1.066667
1.100000 1.133333 1.166667 1.200000 1.233333 1.266667 1.300000 1.333333 1.366667</float_array><technique_common><accessor source="#Root-visibility-animation-input-array" count="41"><param name="TIME" type="float"/></accessor></technique_common></source><source id="Root-visibility-animation-output"><float_array id="Root-visibility-animation-output-array" count="41">

1.000000 1.000000 1.000000 1.000000 1.000000 1.000000 1.000000 1.000000 1.000000 1.000000 1.000000 1.000000 1.000000 1.000000 1.000000 1.000000
1.000000 1.000000 1.000000 1.000000 1.000000 1.000000 1.000000 1.000000 1.000000 1.000000 1.000000 1.000000 1.000000 1.000000 1.000000 1.000000
1.000000 1.000000 1.000000 1.000000 1.000000 1.000000 1.000000 1.000000 1.000000</float_array><technique_common><accessor source="#Root-visibility-animation-output-array" count="41"><param type="float"/></accessor></technique_common></source><source id="Root-visibility-animation-intan"><float_array id="Root-visibility-animation-intan-array" count="41">

0.000000 0.000000 0.000000 0.000000 0.000000 0.000000 0.000000 0.000000 0.000000 0.000000 0.000000 0.000000 0.000000 0.000000 0.000000 0.000000
0.000000 0.000000 0.000000 0.000000 0.000000 0.000000 0.000000 0.000000 0.000000 0.000000 0.000000 0.000000 0.000000 0.000000 0.000000 0.000000
0.000000 0.000000 0.000000 0.000000 0.000000 0.000000 0.000000 0.000000 0.000000</float_array><technique_common><accessor source="#Root-visibility-animation-intan-array" count="41"><param type="float"/></accessor></technique_common></source><source id="Root-visibility-animation-outtan"><float_array id="Root-visibility-animation-outtan-array" count="41">

0.000000 0.000000 0.000000 0.000000 0.000000 0.000000 0.000000 0.000000 0.000000 0.000000 0.000000 0.000000 0.000000 0.000000 0.000000 0.000000
0.000000 0.000000 0.000000 0.000000 0.000000 0.000000 0.000000 0.000000 0.000000 0.000000 0.000000 0.000000 0.000000 0.000000 0.000000 0.000000
0.000000 0.000000 0.000000 0.000000 0.000000 0.000000 0.000000 0.000000 0.000000</float_array><technique_common><accessor source="#Root-visibility-animation-outtan-array" count="41"><param type="float"/></accessor></technique_common></source><source id="Root-visibility-animation-interpolation"><Name_array id="Root-visibility-animation-interpolation-array" count="41">
 BEZIER BEZIER BEZIER BEZIER BEZIER BEZIER BEZIER BEZIER BEZIER BEZIER BEZIER
BEZIER BEZIER BEZIER BEZIER BEZIER BEZIER BEZIER BEZIER BEZIER BEZIER BEZIER BEZIER
BEZIER BEZIER BEZIER BEZIER BEZIER BEZIER BEZIER BEZIER BEZIER BEZIER BEZIER BEZIER
BEZIER BEZIER BEZIER BEZIER BEZIER BEZIER</Name_array><technique_common><accessor source="#Root-visibility-animation-interpolation-array" count="41"><param type="name"/></accessor></technique_common></source><sampler id="Root-visibility-animation"><input semantic="INPUT" source="#Root-visibility-animation-input"/><input semantic="OUTPUT" source="#Root-visibility-animation-output"/><input semantic="IN_TANGENT" source="#Root-visibility-animation-intan"/><input semantic="OUT_TANGENT" source="#Root-visibility-animation-outtan"/><input semantic="INTERPOLATION" source="#Root-visibility-animation-interpolation"/></sampler><channel source="#Root-visibility-animation" target="Root/visibility"/></animation></animation>
    <animation id="hips-anim" name="hips"><animation><source id="hips-Matrix-animation-input"><float_array id="hips-Matrix-animation-input-array" count="41">

0.033333 0.066667 0.100000 0.133333 0.166667 0.200000 0.233333 0.266667 0.300000 0.333333 0.366667 0.400000 0.433333 0.466667 0.500000 0.533333
0.566667 0.600000 0.633333 0.666667 0.700000 0.733333 0.766667 0.800000 0.833333 0.866667 0.900000 0.933333 0.966667 1.000000 1.033333 1.066667
1.100000 1.133333 1.166667 1.200000 1.233333 1.266667 1.300000 1.333333 1.366667</float_array><technique_common><accessor source="#hips-Matrix-animation-input-array" count="41"><param name="TIME" type="float"/></accessor></technique_common></source><source id="hips-Matrix-animation-output-transform"><float_array id="hips-Matrix-animation-output-transform-array" count="656">

1.000000 0.000000 0.000000 0.000000 0.000000 1.000000 0.000000 -0.000000 0.000000 0.000000 1.000000 -0.472164 0.000000 0.000000 0.000000 1.000000
1.000000 0.000000 0.000000 0.000000 0.000000 1.000000 0.000000 -0.000000 0.000000 0.000000 1.000000 -0.472164 0.000000 0.000000 0.000000 1.000000
1.000000 0.000000 0.000000 0.000000 0.000000 1.000000 0.000000 -0.000000 0.000000 0.000000 1.000000 -0.472164 0.000000 0.000000 0.000000 1.000000
1.000000 0.000000 0.000000 0.000000 0.000000 1.000000 0.000000 -0.000000 0.000000 0.000000 1.000000 -0.472164 0.000000 0.000000 0.000000 1.000000
1.000000 0.000000 0.000000 0.000000 0.000000 1.000000 0.000000 -0.000000 0.000000 0.000000 1.000000 -0.472164 0.000000 0.000000 0.000000 1.000000
1.000000 0.000000 0.000000 0.000000 0.000000 1.000000 0.000000 -0.000000 0.000000 0.000000 1.000000 -0.472164 0.000000 0.000000 0.000000 1.000000
1.000000 0.000000 0.000000 0.000000 0.000000 1.000000 0.000000 -0.000000 0.000000 0.000000 1.000000 -0.472164 0.000000 0.000000 0.000000 1.000000
1.000000 0.000000 0.000000 0.000000 0.000000 1.000000 0.000000 -0.000000 0.000000 0.000000 1.000000 -0.472164 0.000000 0.000000 0.000000 1.000000
1.000000 0.000000 0.000000 0.000000 0.000000 1.000000 0.000000 -0.000000 0.000000 0.000000 1.000000 -0.472164 0.000000 0.000000 0.000000 1.000000
1.000000 0.000000 0.000000 0.000000 0.000000 1.000000 0.000000 -0.000000 0.000000 0.000000 1.000000 -0.472164 0.000000 0.000000 0.000000 1.000000
1.000000 0.000000 0.000000 0.000000 0.000000 1.000000 0.000000 -0.000000 0.000000 0.000000 1.000000 -0.472164 0.000000 0.000000 0.000000 1.000000
1.000000 0.000000 0.000000 0.000000 0.000000 1.000000 0.000000 -0.000000 0.000000 0.000000 1.000000 -0.472164 0.000000 0.000000 0.000000 1.000000
1.000000 0.000000 0.000000 0.000000 0.000000 1.000000 0.000000 -0.000000 0.000000 0.000000 1.000000 -0.472164 0.000000 0.000000 0.000000 1.000000
1.000000 0.000000 0.000000 0.000000 0.000000 1.000000 0.000000 -0.000000 0.000000 0.000000 1.000000 -0.472164 0.000000 0.000000 0.000000 1.000000
1.000000 0.000000 0.000000 0.000000 0.000000 1.000000 0.000000 -0.000000 0.000000 0.000000 1.000000 -0.472164 0.000000 0.000000 0.000000 1.000000
1.000000 0.000000 0.000000 0.000000 0.000000 1.000000 0.000000 -0.000000 0.000000 0.000000 1.000000 -0.472164 0.000000 0.000000 0.000000 1.000000
1.000000 0.000000 0.000000 0.000000 0.000000 1.000000 0.000000 -0.000000 0.000000 0.000000 1.000000 -0.472164 0.000000 0.000000 0.000000 1.000000
1.000000 0.000000 0.000000 0.000000 0.000000 1.000000 0.000000 -0.000000 0.000000 0.000000 1.000000 -0.472164 0.000000 0.000000 0.000000 1.000000
1.000000 0.000000 0.000000 0.000000 0.000000 1.000000 0.000000 -0.000000 0.000000 0.000000 1.000000 -0.472164 0.000000 0.000000 0.000000 1.000000
1.000000 0.000000 0.000000 0.000000 0.000000 1.000000 0.000000 -0.000000 0.000000 0.000000 1.000000 -0.472164 0.000000 0.000000 0.000000 1.000000
1.000000 0.000000 0.000000 0.000000 0.000000 1.000000 0.000000 -0.000000 0.000000 0.000000 1.000000 -0.472164 0.000000 0.000000 0.000000 1.000000
1.000000 0.000000 0.000000 0.000000 0.000000 1.000000 0.000000 -0.000000 0.000000 0.000000 1.000000 -0.472164 0.000000 0.000000 0.000000 1.000000
1.000000 0.000000 0.000000 0.000000 0.000000 1.000000 0.000000 -0.000000 0.000000 0.000000 1.000000 -0.472164 0.000000 0.000000 0.000000 1.000000
1.000000 0.000000 0.000000 0.000000 0.000000 1.000000 0.000000 -0.000000 0.000000 0.000000 1.000000 -0.472164 0.000000 0.000000 0.000000 1.000000
1.000000 0.000000 0.000000 0.000000 0.000000 1.000000 0.000000 -0.000000 0.000000 0.000000 1.000000 -0.472164 0.000000 0.000000 0.000000 1.000000
1.000000 0.000000 0.000000 0.000000 0.000000 1.000000 0.000000 -0.000000 0.000000 0.000000 1.000000 -0.472164 0.000000 0.000000 0.000000 1.000000
1.000000 0.000000 0.000000 0.000000 0.000000 1.000000 0.000000 -0.000000 0.000000 0.000000 1.000000 -0.472164 0.000000 0.000000 0.000000 1.000000
1.000000 0.000000 0.000000 0.000000 0.000000 1.000000 0.000000 -0.000000 0.000000 0.000000 1.000000 -0.472164 0.000000 0.000000 0.000000 1.000000
1.000000 0.000000 0.000000 0.000000 0.000000 1.000000 0.000000 -0.000000 0.000000 0.000000 1.000000 -0.472164 0.000000 0.000000 0.000000 1.000000
1.000000 0.000000 0.000000 0.000000 0.000000 1.000000 0.000000 -0.000000 0.000000 0.000000 1.000000 -0.472164 0.000000 0.000000 0.000000 1.000000
1.000000 0.000000 0.000000 0.000000 0.000000 1.000000 0.000000 -0.000000 0.000000 0.000000 1.000000 -0.472164 0.000000 0.000000 0.000000 1.000000
1.000000 0.000000 0.000000 0.000000 0.000000 1.000000 0.000000 -0.000000 0.000000 0.000000 1.000000 -0.472164 0.000000 0.000000 0.000000 1.000000
1.000000 0.000000 0.000000 0.000000 0.000000 1.000000 0.000000 -0.000000 0.000000 0.000000 1.000000 -0.472164 0.000000 0.000000 0.000000 1.000000
1.000000 0.000000 0.000000 0.000000 0.000000 1.000000 0.000000 -0.000000 0.000000 0.000000 1.000000 -0.472164 0.000000 0.000000 0.000000 1.000000
1.000000 0.000000 0.000000 0.000000 0.000000 1.000000 0.000000 -0.000000 0.000000 0.000000 1.000000 -0.472164 0.000000 0.000000 0.000000 1.000000
1.000000 0.000000 0.000000 0.000000 0.000000 1.000000 0.000000 -0.000000 0.000000 0.000000 1.000000 -0.472164 0.000000 0.000000 0.000000 1.000000
1.000000 0.000000 0.000000 0.000000 0.000000 1.000000 0.000000 -0.000000 0.000000 0.000000 1.000000 -0.472164 0.000000 0.000000 0.000000 1.000000
1.000000 0.000000 0.000000 0.000000 0.000000 1.000000 0.000000 -0.000000 0.000000 0.000000 1.000000 -0.472164 0.000000 0.000000 0.000000 1.000000
1.000000 0.000000 0.000000 0.000000 0.000000 1.000000 0.000000 -0.000000 0.000000 0.000000 1.000000 -0.472164 0.000000 0.000000 0.000000 1.000000
1.000000 0.000000 0.000000 0.000000 0.000000 1.000000 0.000000 -0.000000 0.000000 0.000000 1.000000 -0.472164 0.000000 0.000000 0.000000 1.000000
1.000000 0.000000 0.000000 0.000000 0.000000 1.000000 0.000000 0.000000 0.000000 0.000000 1.000000 -0.472164 0.000000 0.000000 0.000000 1.000000</float_array><technique_common><accessor source="#hips-Matrix-animation-output-transform-array" count="41" stride="16"><param type="float4x4"/></accessor></technique_common></source><source id="hips-Interpolations"><Name_array id="hips-Interpolations-array" count="41">
 LINEAR LINEAR LINEAR LINEAR LINEAR LINEAR LINEAR LINEAR LINEAR LINEAR LINEAR
LINEAR LINEAR LINEAR LINEAR LINEAR LINEAR LINEAR LINEAR LINEAR LINEAR LINEAR LINEAR
LINEAR LINEAR LINEAR LINEAR LINEAR LINEAR LINEAR LINEAR LINEAR LINEAR LINEAR LINEAR
LINEAR LINEAR LINEAR LINEAR LINEAR LINEAR</Name_array><technique_common><accessor source="#hips-Interpolations-array" count="41"><param type="name"/></accessor></technique_common></source><sampler id="hips-Matrix-animation-transform"><input semantic="INPUT" source="#hips-Matrix-animation-input"/><input semantic="OUTPUT" source="#hips-Matrix-animation-output-transform"/><input semantic="INTERPOLATION" source="#hips-Interpolations"/></sampler><channel source="#hips-Matrix-animation-transform" target="hips/matrix"/></animation><animation><source id="hips-visibility-animation-input"><float_array id="hips-visibility-animation-input-array" count="41">

0.033333 0.066667 0.100000 0.133333 0.166667 0.200000 0.233333 0.266667 0.300000 0.333333 0.366667 0.400000 0.433333 0.466667 0.500000 0.533333
0.566667 0.600000 0.633333 0.666667 0.700000 0.733333 0.766667 0.800000 0.833333 0.866667 0.900000 0.933333 0.966667 1.000000 1.033333 1.066667
1.100000 1.133333 1.166667 1.200000 1.233333 1.266667 1.300000 1.333333 1.366667</float_array><technique_common><accessor source="#hips-visibility-animation-input-array" count="41"><param name="TIME" type="float"/></accessor></technique_common></source><source id="hips-visibility-animation-output"><float_array id="hips-visibility-animation-output-array" count="41">

1.000000 1.000000 1.000000 1.000000 1.000000 1.000000 1.000000 1.000000 1.000000 1.000000 1.000000 1.000000 1.000000 1.000000 1.000000 1.000000
1.000000 1.000000 1.000000 1.000000 1.000000 1.000000 1.000000 1.000000 1.000000 1.000000 1.000000 1.000000 1.000000 1.000000 1.000000 1.000000
1.000000 1.000000 1.000000 1.000000 1.000000 1.000000 1.000000 1.000000 1.000000</float_array><technique_common><accessor source="#hips-visibility-animation-output-array" count="41"><param type="float"/></accessor></technique_common></source><source id="hips-visibility-animation-intan"><float_array id="hips-visibility-animation-intan-array" count="41">

0.000000 0.000000 0.000000 0.000000 0.000000 0.000000 0.000000 0.000000 0.000000 0.000000 0.000000 0.000000 0.000000 0.000000 0.000000 0.000000
0.000000 0.000000 0.000000 0.000000 0.000000 0.000000 0.000000 0.000000 0.000000 0.000000 0.000000 0.000000 0.000000 0.000000 0.000000 0.000000
0.000000 0.000000 0.000000 0.000000 0.000000 0.000000 0.000000 0.000000 0.000000</float_array><technique_common><accessor source="#hips-visibility-animation-intan-array" count="41"><param type="float"/></accessor></technique_common></source><source id="hips-visibility-animation-outtan"><float_array id="hips-visibility-animation-outtan-array" count="41">

0.000000 0.000000 0.000000 0.000000 0.000000 0.000000 0.000000 0.000000 0.000000 0.000000 0.000000 0.000000 0.000000 0.000000 0.000000 0.000000
0.000000 0.000000 0.000000 0.000000 0.000000 0.000000 0.000000 0.000000 0.000000 0.000000 0.000000 0.000000 0.000000 0.000000 0.000000 0.000000
0.000000 0.000000 0.000000 0.000000 0.000000 0.000000 0.000000 0.000000 0.000000</float_array><technique_common><accessor source="#hips-visibility-animation-outtan-array" count="41"><param type="float"/></accessor></technique_common></source><source id="hips-visibility-animation-interpolation"><Name_array id="hips-visibility-animation-interpolation-array" count="41">
 BEZIER BEZIER BEZIER BEZIER BEZIER BEZIER BEZIER BEZIER BEZIER BEZIER BEZIER
BEZIER BEZIER BEZIER BEZIER BEZIER BEZIER BEZIER BEZIER BEZIER BEZIER BEZIER BEZIER
BEZIER BEZIER BEZIER BEZIER BEZIER BEZIER BEZIER BEZIER BEZIER BEZIER BEZIER BEZIER
BEZIER BEZIER BEZIER BEZIER BEZIER BEZIER</Name_array><technique_common><accessor source="#hips-visibility-animation-interpolation-array" count="41"><param type="name"/></accessor></technique_common></source><sampler id="hips-visibility-animation"><input semantic="INPUT" source="#hips-visibility-animation-input"/><input semantic="OUTPUT" source="#hips-visibility-animation-output"/><input semantic="IN_TANGENT" source="#hips-visibility-animation-intan"/><input semantic="OUT_TANGENT" source="#hips-visibility-animation-outtan"/><input semantic="INTERPOLATION" source="#hips-visibility-animation-interpolation"/></sampler><channel source="#hips-visibility-animation" target="hips/visibility"/></animation></animation>
    <animation id="LeftBackLeg-anim" name="LeftBackLeg"><animation><source id="LeftBackLeg-Matrix-animation-input"><float_array id="LeftBackLeg-Matrix-animation-input-array" count="41">

0.033333 0.066667 0.100000 0.133333 0.166667 0.200000 0.233333 0.266667 0.300000 0.333333 0.366667 0.400000 0.433333 0.466667 0.500000 0.533333
0.566667 0.600000 0.633333 0.666667 0.700000 0.733333 0.766667 0.800000 0.833333 0.866667 0.900000 0.933333 0.966667 1.000000 1.033333 1.066667
1.100000 1.133333 1.166667 1.200000 1.233333 1.266667 1.300000 1.333333 1.366667</float_array><technique_common><accessor source="#LeftBackLeg-Matrix-animation-input-array" count="41"><param name="TIME" type="float"/></accessor></technique_common></source><source id="LeftBackLeg-Matrix-animation-output-transform"><float_array id="LeftBackLeg-Matrix-animation-output-transform-array" count="656">

0.892536 -0.201334 -0.403539 0.294680 -0.250016 0.523811 -0.814318 -0.032709 0.375328 0.827699 0.417184 -0.050545 0.000000 0.000000 0.000000 1.000000
0.889596 -0.242926 -0.386790 0.294680 -0.214963 0.524507 -0.823822 -0.032709 0.403002 0.816014 0.414379 -0.050545 0.000000 0.000000 0.000000 1.000000
0.885472 -0.282613 -0.368875 0.294680 -0.176822 0.529176 -0.829883 -0.032709 0.429735 0.800064 0.418599 -0.050545 0.000000 0.000000 0.000000 1.000000
0.880800 -0.316412 -0.352243 0.294680 -0.138547 0.539142 -0.830741 -0.032709 0.452765 0.780519 0.431038 -0.050545 0.000000 0.000000 0.000000 1.000000
0.876532 -0.341374 -0.339346 0.294680 -0.103257 0.555231 -0.825262 -0.032709 0.470138 0.758408 0.451428 -0.050545 0.000000 0.000000 0.000000 1.000000
0.873619 -0.355854 -0.331902 0.294680 -0.073889 0.577150 -0.813289 -0.032709 0.480969 0.735028 0.477915 -0.050545 0.000000 0.000000 0.000000 1.000000
0.872693 -0.359474 -0.330432 0.294680 -0.052838 0.603239 -0.795808 -0.032709 0.485402 0.711956 0.507449 -0.050545 0.000000 0.000000 0.000000 1.000000
0.873906 -0.352967 -0.334220 0.294680 -0.041707 0.630579 -0.775003 -0.032709 0.484303 0.691219 0.536346 -0.050545 0.000000 0.000000 0.000000 1.000000
0.876918 -0.338078 -0.341640 0.294680 -0.041178 0.655344 -0.754207 -0.032709 0.478873 0.675446 0.560762 -0.050545 0.000000 0.000000 0.000000 1.000000
0.881052 -0.317392 -0.350728 0.294680 -0.051086 0.673282 -0.737619 -0.032709 0.470253 0.667798 0.576982 -0.050545 0.000000 0.000000 0.000000 1.000000
0.885537 -0.293728 -0.359929 0.294680 -0.070844 0.680316 -0.729487 -0.032709 0.459136 0.671486 0.581636 -0.050545 0.000000 0.000000 0.000000 1.000000
0.890301 -0.265299 -0.370110 0.294680 -0.100461 0.678308 -0.727878 -0.032709 0.444153 0.685212 0.577246 -0.050545 0.000000 0.000000 0.000000 1.000000
0.895189 -0.228722 -0.382521 0.294680 -0.139076 0.672062 -0.727318 -0.032709 0.423431 0.704286 0.569813 -0.050545 0.000000 0.000000 0.000000 1.000000
0.899325 -0.183729 -0.396811 0.294680 -0.184861 0.662632 -0.725772 -0.032709 0.396285 0.726059 0.561957 -0.050545 0.000000 0.000000 0.000000 1.000000
0.901757 -0.130057 -0.412214 0.294680 -0.235866 0.651104 -0.721409 -0.032709 0.362218 0.747763 0.556461 -0.050545 0.000000 0.000000 0.000000 1.000000
0.901510 -0.067696 -0.427430 0.294680 -0.290064 0.638461 -0.712903 -0.032709 0.321158 0.766671 0.555943 -0.050545 0.000000 0.000000 0.000000 1.000000
0.897658 0.002944 -0.440683 0.294680 -0.345491 0.625485 -0.699575 -0.032709 0.273581 0.780231 0.562488 -0.050545 0.000000 0.000000 0.000000 1.000000
0.889399 0.080914 -0.449913 0.294680 -0.400418 0.612705 -0.681364 -0.032709 0.220532 0.786158 0.577339 -0.050545 0.000000 0.000000 0.000000 1.000000
0.876133 0.164708 -0.453058 0.294680 -0.453482 0.600422 -0.658671 -0.032709 0.163538 0.782537 0.600742 -0.050545 0.000000 0.000000 0.000000 1.000000
0.857524 0.252261 -0.448349 0.294680 -0.503722 0.588732 -0.632185 -0.032709 0.104482 0.767957 0.631922 -0.050545 0.000000 0.000000 0.000000 1.000000
0.833560 0.341090 -0.434553 0.294680 -0.550557 0.577634 -0.602682 -0.032709 0.045444 0.741618 0.669281 -0.050545 0.000000 0.000000 0.000000 1.000000
0.804600 0.428451 -0.411156 0.294680 -0.593706 0.567023 -0.570962 -0.032709 -0.011495 0.703501 0.710601 -0.050545 0.000000 0.000000 0.000000 1.000000
0.771462 0.511460 -0.378491 0.294680 -0.632998 0.556632 -0.538028 -0.032709 -0.064500 0.654652 0.753173 -0.050545 0.000000 0.000000 0.000000 1.000000
0.735613 0.586864 -0.338326 0.294680 -0.668211 0.546649 -0.504648 -0.032709 -0.111214 0.597298 0.794271 -0.050545 0.000000 0.000000 0.000000 1.000000
0.699804 0.650801 -0.294505 0.294680 -0.698526 0.537194 -0.472741 -0.032709 -0.149454 0.536545 0.830531 -0.050545 0.000000 0.000000 0.000000 1.000000
0.669552 0.697453 -0.255458 0.294680 -0.721466 0.528908 -0.446926 -0.032709 -0.176597 0.483544 0.857320 -0.050545 0.000000 0.000000 0.000000 1.000000
0.655315 0.716982 -0.237695 0.294680 -0.731326 0.523493 -0.437170 -0.032709 -0.189011 0.460316 0.867400 -0.050545 0.000000 0.000000 0.000000 1.000000
0.667287 0.698934 -0.257333 0.294680 -0.722022 0.522245 -0.453811 -0.032709 -0.182793 0.488622 0.853132 -0.050545 0.000000 0.000000 0.000000 1.000000
0.695740 0.653146 -0.298908 0.294680 -0.699981 0.523142 -0.486158 -0.032709 -0.161161 0.547469 0.821161 -0.050545 0.000000 0.000000 0.000000 1.000000
0.728790 0.592244 -0.343674 0.294680 -0.672489 0.524561 -0.522106 -0.032709 -0.128936 0.611623 0.780572 -0.050545 0.000000 0.000000 0.000000 1.000000
0.761668 0.521667 -0.384350 0.294680 -0.641830 0.525947 -0.558063 -0.032709 -0.088976 0.671746 0.735419 -0.050545 0.000000 0.000000 0.000000 1.000000
0.792292 0.444439 -0.418027 0.294680 -0.608605 0.527077 -0.593118 -0.032709 -0.043272 0.724337 0.688087 -0.050545 0.000000 0.000000 0.000000 1.000000
0.819590 0.362708 -0.443525 0.294680 -0.572909 0.528110 -0.626798 -0.032709 0.006885 0.767817 0.640633 -0.050545 0.000000 0.000000 0.000000 1.000000
0.842882 0.278597 -0.460363 0.294680 -0.534754 0.528928 -0.658994 -0.032709 0.059905 0.801635 0.594805 -0.050545 0.000000 0.000000 0.000000 1.000000
0.861778 0.194221 -0.468634 0.294680 -0.494272 0.529389 -0.689523 -0.032709 0.114170 0.825848 0.552214 -0.050545 0.000000 0.000000 0.000000 1.000000
0.876133 0.111746 -0.468940 0.294680 -0.451849 0.529368 -0.718054 -0.032709 0.168002 0.841001 0.514289 -0.050545 0.000000 0.000000 0.000000 1.000000
0.886055 0.033305 -0.462381 0.294680 -0.408199 0.528805 -0.744136 -0.032709 0.219726 0.848090 0.482146 -0.050545 0.000000 0.000000 0.000000 1.000000
0.891915 -0.039036 -0.450516 0.294680 -0.364446 0.527744 -0.767245 -0.032709 0.267707 0.848506 0.456476 -0.050545 0.000000 0.000000 0.000000 1.000000
0.894340 -0.103364 -0.435283 0.294680 -0.322145 0.526354 -0.786876 -0.032709 0.310447 0.843959 0.437441 -0.050545 0.000000 0.000000 0.000000 1.000000
0.894201 -0.157970 -0.418869 0.294680 -0.283247 0.524919 -0.802640 -0.032709 0.346665 0.836365 0.424638 -0.050545 0.000000 0.000000 0.000000 1.000000
1.000000 0.000000 0.000000 0.294680 0.000000 1.000000 0.000000 -0.032709 0.000000 0.000000 1.000000 -0.050545 0.000000 0.000000 0.000000 1.000000</float_array><technique_common><accessor source="#LeftBackLeg-Matrix-animation-output-transform-array" count="41" stride="16"><param type="float4x4"/></accessor></technique_common></source><source id="LeftBackLeg-Interpolations"><Name_array id="LeftBackLeg-Interpolations-array" count="41">
 LINEAR LINEAR LINEAR LINEAR LINEAR LINEAR LINEAR LINEAR LINEAR LINEAR LINEAR
LINEAR LINEAR LINEAR LINEAR LINEAR LINEAR LINEAR LINEAR LINEAR LINEAR LINEAR LINEAR
LINEAR LINEAR LINEAR LINEAR LINEAR LINEAR LINEAR LINEAR LINEAR LINEAR LINEAR LINEAR
LINEAR LINEAR LINEAR LINEAR LINEAR LINEAR</Name_array><technique_common><accessor source="#LeftBackLeg-Interpolations-array" count="41"><param type="name"/></accessor></technique_common></source><sampler id="LeftBackLeg-Matrix-animation-transform"><input semantic="INPUT" source="#LeftBackLeg-Matrix-animation-input"/><input semantic="OUTPUT" source="#LeftBackLeg-Matrix-animation-output-transform"/><input semantic="INTERPOLATION" source="#LeftBackLeg-Interpolations"/></sampler><channel source="#LeftBackLeg-Matrix-animation-transform" target="LeftBackLeg/matrix"/></animation><animation><source id="LeftBackLeg-visibility-animation-input"><float_array id="LeftBackLeg-visibility-animation-input-array" count="41">

0.033333 0.066667 0.100000 0.133333 0.166667 0.200000 0.233333 0.266667 0.300000 0.333333 0.366667 0.400000 0.433333 0.466667 0.500000 0.533333
0.566667 0.600000 0.633333 0.666667 0.700000 0.733333 0.766667 0.800000 0.833333 0.866667 0.900000 0.933333 0.966667 1.000000 1.033333 1.066667
1.100000 1.133333 1.166667 1.200000 1.233333 1.266667 1.300000 1.333333 1.366667</float_array><technique_common><accessor source="#LeftBackLeg-visibility-animation-input-array" count="41"><param name="TIME" type="float"/></accessor></technique_common></source><source id="LeftBackLeg-visibility-animation-output"><float_array id="LeftBackLeg-visibility-animation-output-array" count="41">

1.000000 1.000000 1.000000 1.000000 1.000000 1.000000 1.000000 1.000000 1.000000 1.000000 1.000000 1.000000 1.000000 1.000000 1.000000 1.000000
1.000000 1.000000 1.000000 1.000000 1.000000 1.000000 1.000000 1.000000 1.000000 1.000000 1.000000 1.000000 1.000000 1.000000 1.000000 1.000000
1.000000 1.000000 1.000000 1.000000 1.000000 1.000000 1.000000 1.000000 1.000000</float_array><technique_common><accessor source="#LeftBackLeg-visibility-animation-output-array" count="41"><param type="float"/></accessor></technique_common></source><source id="LeftBackLeg-visibility-animation-intan"><float_array id="LeftBackLeg-visibility-animation-intan-array" count="41">

0.000000 0.000000 0.000000 0.000000 0.000000 0.000000 0.000000 0.000000 0.000000 0.000000 0.000000 0.000000 0.000000 0.000000 0.000000 0.000000
0.000000 0.000000 0.000000 0.000000 0.000000 0.000000 0.000000 0.000000 0.000000 0.000000 0.000000 0.000000 0.000000 0.000000 0.000000 0.000000
0.000000 0.000000 0.000000 0.000000 0.000000 0.000000 0.000000 0.000000 0.000000</float_array><technique_common><accessor source="#LeftBackLeg-visibility-animation-intan-array" count="41"><param type="float"/></accessor></technique_common></source><source id="LeftBackLeg-visibility-animation-outtan"><float_array id="LeftBackLeg-visibility-animation-outtan-array" count="41">

0.000000 0.000000 0.000000 0.000000 0.000000 0.000000 0.000000 0.000000 0.000000 0.000000 0.000000 0.000000 0.000000 0.000000 0.000000 0.000000
0.000000 0.000000 0.000000 0.000000 0.000000 0.000000 0.000000 0.000000 0.000000 0.000000 0.000000 0.000000 0.000000 0.000000 0.000000 0.000000
0.000000 0.000000 0.000000 0.000000 0.000000 0.000000 0.000000 0.000000 0.000000</float_array><technique_common><accessor source="#LeftBackLeg-visibility-animation-outtan-array" count="41"><param type="float"/></accessor></technique_common></source><source id="LeftBackLeg-visibility-animation-interpolation"><Name_array id="LeftBackLeg-visibility-animation-interpolation-array" count="41">
 BEZIER BEZIER BEZIER BEZIER BEZIER BEZIER BEZIER BEZIER BEZIER BEZIER BEZIER
BEZIER BEZIER BEZIER BEZIER BEZIER BEZIER BEZIER BEZIER BEZIER BEZIER BEZIER BEZIER
BEZIER BEZIER BEZIER BEZIER BEZIER BEZIER BEZIER BEZIER BEZIER BEZIER BEZIER BEZIER
BEZIER BEZIER BEZIER BEZIER BEZIER BEZIER</Name_array><technique_common><accessor source="#LeftBackLeg-visibility-animation-interpolation-array" count="41"><param type="name"/></accessor></technique_common></source><sampler id="LeftBackLeg-visibility-animation"><input semantic="INPUT" source="#LeftBackLeg-visibility-animation-input"/><input semantic="OUTPUT" source="#LeftBackLeg-visibility-animation-output"/><input semantic="IN_TANGENT" source="#LeftBackLeg-visibility-animation-intan"/><input semantic="OUT_TANGENT" source="#LeftBackLeg-visibility-animation-outtan"/><input semantic="INTERPOLATION" source="#LeftBackLeg-visibility-animation-interpolation"/></sampler><channel source="#LeftBackLeg-visibility-animation" target="LeftBackLeg/visibility"/></animation></animation>
    <animation id="LeftBackLeg1-anim" name="LeftBackLeg1"><animation><source id="LeftBackLeg1-Matrix-animation-input"><float_array id="LeftBackLeg1-Matrix-animation-input-array" count="41">

0.033333 0.066667 0.100000 0.133333 0.166667 0.200000 0.233333 0.266667 0.300000 0.333333 0.366667 0.400000 0.433333 0.466667 0.500000 0.533333
0.566667 0.600000 0.633333 0.666667 0.700000 0.733333 0.766667 0.800000 0.833333 0.866667 0.900000 0.933333 0.966667 1.000000 1.033333 1.066667
1.100000 1.133333 1.166667 1.200000 1.233333 1.266667 1.300000 1.333333 1.366667</float_array><technique_common><accessor source="#LeftBackLeg1-Matrix-animation-input-array" count="41"><param name="TIME" type="float"/></accessor></technique_common></source><source id="LeftBackLeg1-Matrix-animation-output-transform"><float_array id="LeftBackLeg1-Matrix-animation-output-transform-array" count="656">

0.899083 0.401183 0.175217 0.050323 -0.401083 0.594463 0.696955 -0.042782 0.175446 -0.696897 0.695380 -0.082027 0.000000 0.000000 0.000000 1.000000
0.897558 0.403302 0.178150 0.050323 -0.403431 0.588259 0.700853 -0.042782 0.177857 -0.700927 0.690701 -0.082027 0.000000 0.000000 0.000000 1.000000
0.899934 0.399985 0.173584 0.050323 -0.399760 0.597921 0.694754 -0.042782 0.174102 -0.694624 0.697987 -0.082027 0.000000 0.000000 0.000000 1.000000
0.906077 0.390955 0.161800 0.050323 -0.389881 0.622898 0.678226 -0.042782 0.164371 -0.677608 0.716819 -0.082027 0.000000 0.000000 0.000000 1.000000
0.915461 0.375809 0.143871 0.050323 -0.373628 0.661033 0.650721 -0.042782 0.149444 -0.649464 0.745562 -0.082027 0.000000 0.000000 0.000000 1.000000
0.927127 0.354424 0.121736 0.050323 -0.351194 0.708383 0.612255 -0.042782 0.130762 -0.610391 0.781233 -0.082027 0.000000 0.000000 0.000000 1.000000
0.939782 0.327431 0.097977 0.050323 -0.323488 0.759647 0.564174 -0.042782 0.110300 -0.561894 0.819822 -0.082027 0.000000 0.000000 0.000000 1.000000
0.951992 0.296693 0.075390 0.050323 -0.292501 0.808972 0.509910 -0.042782 0.090298 -0.507482 0.856918 -0.082027 0.000000 0.000000 0.000000 1.000000
0.962431 0.265595 0.056449 0.050323 -0.261553 0.850988 0.455423 -0.042782 0.072921 -0.453078 0.888484 -0.082027 0.000000 0.000000 0.000000 1.000000
0.970089 0.238939 0.042854 0.050323 -0.235235 0.881699 0.408988 -0.042782 0.059939 -0.406836 0.911533 -0.082027 0.000000 0.000000 0.000000 1.000000
0.974365 0.222169 0.035412 0.050323 -0.218745 0.898797 0.379886 -0.042782 0.052571 -0.377894 0.924355 -0.082027 0.000000 0.000000 0.000000 1.000000
0.976547 0.212965 0.031666 0.050323 -0.209710 0.907505 0.363945 -0.042782 0.048771 -0.362050 0.930882 -0.082027 0.000000 0.000000 0.000000 1.000000
0.978355 0.204948 0.028591 0.050323 -0.201847 0.914715 0.350078 -0.042782 0.045595 -0.348272 0.936284 -0.082027 0.000000 0.000000 0.000000 1.000000
0.980093 0.196871 0.025666 0.050323 -0.193931 0.921635 0.336125 -0.042782 0.042519 -0.334412 0.941467 -0.082027 0.000000 0.000000 0.000000 1.000000
0.982033 0.187370 0.022440 0.050323 -0.184624 0.929347 0.319731 -0.042782 0.039054 -0.318130 0.947242 -0.082027 0.000000 0.000000 0.000000 1.000000
0.984373 0.175112 0.018612 0.050323 -0.172621 0.938634 0.298612 -0.042782 0.034821 -0.297158 0.954193 -0.082027 0.000000 0.000000 0.000000 1.000000
0.987194 0.158898 0.014106 0.050323 -0.156749 0.949809 0.270726 -0.042782 0.029620 -0.269471 0.962553 -0.082027 0.000000 0.000000 0.000000 1.000000
0.990427 0.137733 0.009144 0.050323 -0.136024 0.962575 0.234409 -0.042782 0.023484 -0.233409 0.972095 -0.082027 0.000000 0.000000 0.000000 1.000000
0.993826 0.110867 0.004280 0.050323 -0.109683 0.975942 0.188434 -0.042782 0.016714 -0.187740 0.982077 -0.082027 0.000000 0.000000 0.000000 1.000000
0.996961 0.077897 0.000407 0.050323 -0.077267 0.988208 0.132191 -0.042782 0.009895 -0.131821 0.991224 -0.082027 0.000000 0.000000 0.000000 1.000000
0.999246 0.038809 -0.001307 0.050323 -0.038639 0.997088 0.065743 -0.042782 0.003854 -0.065643 0.997836 -0.082027 0.000000 0.000000 0.000000 1.000000
0.999982 -0.005937 0.000425 0.050323 0.005941 0.999933 -0.009912 -0.042782 -0.000366 0.009914 0.999951 -0.082027 0.000000 0.000000 0.000000 1.000000
0.998441 -0.055421 0.006613 0.050323 0.055795 0.994162 -0.092348 -0.042782 -0.001457 0.092573 0.995705 -0.082027 0.000000 0.000000 0.000000 1.000000
