<?xml version="1.0" encoding="utf-8"?>
<COLLADA xmlns="http://www.collada.org/2005/11/COLLADASchema" version="1.4.1">
  <asset><contributor><author></author><authoring_tool>FBX COLLADA exporter</authoring_tool><comments></comments></contributor><created>2014-06-04T15:33:29Z</created><keywords></keywords><modified>2014-06-04T15:33:29Z</modified><revision></revision><subject></subject><title></title><unit meter="0.010000" name="centimeter"></unit><up_axis>Y_UP</up_axis></asset>
  <library_animations>
    <animation id="Root-anim" name="Root"><animation><source id="Root-Matrix-animation-input"><float_array id="Root-Matrix-animation-input-array" count="43">

0.033333 0.066667 0.100000 0.133333 0.166667 0.200000 0.233333 0.266667 0.300000 0.333333 0.366667 0.400000 0.433333 0.466667 0.500000 0.533333
0.566667 0.600000 0.633333 0.666667 0.700000 0.733333 0.766667 0.800000 0.833333 0.866667 0.900000 0.933333 0.966667 1.000000 1.033333 1.066667
1.100000 1.133333 1.166667 1.200000 1.233333 1.266667 1.300000 1.333333 1.366667 1.400000 1.433333</float_array><technique_common><accessor source="#Root-Matrix-animation-input-array" count="43"><param name="TIME" type="float"/></accessor></technique_common></source><source id="Root-Matrix-animation-output-transform"><float_array id="Root-Matrix-animation-output-transform-array" count="688">

1.000000 0.000000 0.000000 0.000000 0.000000 0.991020 0.133717 0.328767 0.000000 -0.133717 0.991020 -0.028853 0.000000 0.000000 0.000000 1.000000
0.999908 -0.001420 -0.013479 -0.000109 0.002958 0.993382 0.114818 0.318240 0.013227 -0.114847 0.993295 -0.044848 0.000000 0.000000 0.000000 1.000000
0.999010 -0.006615 -0.044002 -0.000409 0.009767 0.997371 0.071798 0.294660 0.043412 -0.072156 0.996448 -0.080874 0.000000 0.000000 0.000000 1.000000
0.996936 -0.015302 -0.076714 -0.000864 0.017313 0.999522 0.025625 0.270034 0.076285 -0.026874 0.996724 -0.118988 0.000000 0.000000 0.000000 1.000000
0.994966 -0.022595 -0.097630 -0.001435 0.022528 0.999745 -0.001792 0.256367 0.097646 -0.000416 0.995221 -0.141252 0.000000 0.000000 0.000000 1.000000
0.993866 -0.026859 -0.107281 -0.002083 0.026055 0.999621 -0.008885 0.254588 0.107479 0.006035 0.994189 -0.146772 0.000000 0.000000 0.000000 1.000000
0.992891 -0.031040 -0.114907 -0.002772 0.030085 0.999497 -0.010034 0.256778 0.115161 0.006506 0.993326 -0.147431 0.000000 0.000000 0.000000 1.000000
0.992114 -0.034498 -0.120498 -0.003461 0.033928 0.999401 -0.006785 0.261664 0.120660 0.002643 0.992690 -0.144457 0.000000 0.000000 0.000000 1.000000
0.991603 -0.036695 -0.124006 -0.004115 0.036897 0.999319 -0.000665 0.267972 0.123945 -0.003916 0.992281 -0.139080 0.000000 0.000000 0.000000 1.000000
0.991419 -0.037155 -0.125332 -0.004694 0.038308 0.999243 0.006799 0.274431 0.124985 -0.011542 0.992092 -0.132528 0.000000 0.000000 0.000000 1.000000
0.991606 -0.035437 -0.124342 -0.005161 0.037473 0.999199 0.014069 0.279766 0.123744 -0.018610 0.992140 -0.126028 0.000000 0.000000 0.000000 1.000000
0.992179 -0.031092 -0.120886 -0.005477 0.033698 0.999240 0.019574 0.282706 0.120186 -0.023495 0.992473 -0.120812 0.000000 0.000000 0.000000 1.000000
0.993291 -0.022053 -0.113519 -0.005684 0.024865 0.999416 0.023418 0.283687 0.112936 -0.026084 0.993260 -0.116414 0.000000 0.000000 0.000000 1.000000
0.994770 -0.008074 -0.101817 -0.005850 0.010858 0.999581 0.026823 0.284075 0.101558 -0.027788 0.994441 -0.111612 0.000000 0.000000 0.000000 1.000000
0.996153 0.008596 -0.087209 -0.005976 -0.006008 0.999535 0.029900 0.283986 0.087426 -0.029261 0.995741 -0.106497 0.000000 0.000000 0.000000 1.000000
0.997136 0.025679 -0.071135 -0.006065 -0.023384 0.999184 0.032918 0.283539 0.071923 -0.031161 0.996923 -0.101158 0.000000 0.000000 0.000000 1.000000
0.997648 0.040870 -0.055030 -0.006118 -0.038902 0.998581 0.036373 0.282850 0.056438 -0.034146 0.997822 -0.095686 0.000000 0.000000 0.000000 1.000000
0.997841 0.051841 -0.040327 -0.006138 -0.050187 0.997898 0.040994 0.282036 0.042368 -0.038882 0.998345 -0.090170 0.000000 0.000000 0.000000 1.000000
0.998009 0.056268 -0.028504 -0.006125 -0.054869 0.997354 0.047690 0.281215 0.031112 -0.046032 0.998455 -0.084702 0.000000 0.000000 0.000000 1.000000
0.998520 0.050811 -0.019408 -0.006082 -0.049586 0.997019 0.059120 0.280505 0.022354 -0.058070 0.998062 -0.079371 0.000000 0.000000 0.000000 1.000000
0.999264 0.036376 -0.012167 -0.006010 -0.035356 0.996513 0.075572 0.280021 0.014874 -0.075086 0.997066 -0.074268 0.000000 0.000000 0.000000 1.000000
0.999828 0.017149 -0.007121 -0.005912 -0.016401 0.995409 0.094295 0.279882 0.008706 -0.094162 0.995519 -0.069482 0.000000 0.000000 0.000000 1.000000
0.999988 -0.002583 -0.004203 -0.005790 0.003039 0.993661 0.112375 0.280205 0.003886 -0.112387 0.993657 -0.065105 0.000000 0.000000 0.000000 1.000000
0.999825 -0.018515 -0.002822 -0.005644 0.018723 0.991746 0.126845 0.281107 0.000450 -0.126876 0.991918 -0.061226 0.000000 0.000000 0.000000 1.000000
0.999650 -0.026386 -0.002007 -0.005477 0.026416 0.990526 0.134758 0.282706 -0.001567 -0.134764 0.990876 -0.057935 0.000000 0.000000 0.000000 1.000000
0.999598 -0.028325 -0.001211 -0.005271 0.028221 0.990028 0.138018 0.285520 -0.002710 -0.137996 0.990429 -0.055030 0.000000 0.000000 0.000000 1.000000
0.999569 -0.029337 -0.000566 -0.005010 0.029125 0.989650 0.140514 0.289736 -0.003563 -0.140470 0.990079 -0.052250 0.000000 0.000000 0.000000 1.000000
0.999564 -0.029519 -0.000049 -0.004703 0.029225 0.989390 0.142316 0.294972 -0.004152 -0.142255 0.989821 -0.049601 0.000000 0.000000 0.000000 1.000000
0.999580 -0.028969 0.000354 -0.004358 0.028618 0.989238 0.143492 0.300845 -0.004507 -0.143422 0.989651 -0.047087 0.000000 0.000000 0.000000 1.000000
0.999614 -0.027785 0.000656 -0.003983 0.027401 0.989182 0.144114 0.306973 -0.004653 -0.144040 0.989561 -0.044714 0.000000 0.000000 0.000000 1.000000
0.999660 -0.026067 0.000868 -0.003586 0.025669 0.989208 0.144250 0.312973 -0.004618 -0.144179 0.989541 -0.042485 0.000000 0.000000 0.000000 1.000000
0.999714 -0.023913 0.000998 -0.003175 0.023520 0.989302 0.143973 0.318464 -0.004430 -0.143908 0.989581 -0.040407 0.000000 0.000000 0.000000 1.000000
0.999770 -0.021423 0.001055 -0.002757 0.021051 0.989448 0.143352 0.323063 -0.004115 -0.143297 0.989671 -0.038483 0.000000 0.000000 0.000000 1.000000
0.999825 -0.018697 0.001048 -0.002341 0.018357 0.989630 0.142459 0.326386 -0.003701 -0.142415 0.989800 -0.036720 0.000000 0.000000 0.000000 1.000000
0.999874 -0.015835 0.000986 -0.001935 0.015537 0.989836 0.141364 0.328490 -0.003215 -0.141331 0.989957 -0.035121 0.000000 0.000000 0.000000 1.000000
0.999916 -0.012936 0.000880 -0.001547 0.012686 0.990051 0.140137 0.329783 -0.002684 -0.140114 0.990132 -0.033692 0.000000 0.000000 0.000000 1.000000
0.999949 -0.010101 0.000740 -0.001184 0.009900 0.990264 0.138848 0.330416 -0.002135 -0.138834 0.990313 -0.032438 0.000000 0.000000 0.000000 1.000000
0.999972 -0.007429 0.000580 -0.000856 0.007278 0.990466 0.137568 0.330538 -0.001596 -0.137560 0.990492 -0.031363 0.000000 0.000000 0.000000 1.000000
0.999987 -0.005020 0.000414 -0.000569 0.004916 0.990646 0.136366 0.330302 -0.001094 -0.136362 0.990658 -0.030473 0.000000 0.000000 0.000000 1.000000
0.999996 -0.002973 0.000256 -0.000332 0.002911 0.990799 0.135310 0.329856 -0.000656 -0.135309 0.990803 -0.029772 0.000000 0.000000 0.000000 1.000000
0.999999 -0.001387 0.000124 -0.000153 0.001358 0.990917 0.134471 0.329351 -0.000310 -0.134471 0.990918 -0.029265 0.000000 0.000000 0.000000 1.000000
1.000000 -0.000363 0.000034 -0.000040 0.000356 0.990992 0.133917 0.328938 -0.000082 -0.133917 0.990993 -0.028957 0.000000 0.000000 0.000000 1.000000
1.000000 0.000000 0.000000 0.000000 0.000000 1.000000 0.000000 0.255515 0.000000 0.000000 1.000000 -0.028853 0.000000 0.000000 0.000000 1.000000</float_array><technique_common><accessor source="#Root-Matrix-animation-output-transform-array" count="43" stride="16"><param type="float4x4"/></accessor></technique_common></source><source id="Root-Interpolations"><Name_array id="Root-Interpolations-array" count="43">
 LINEAR LINEAR LINEAR LINEAR LINEAR LINEAR LINEAR LINEAR LINEAR LINEAR LINEAR
LINEAR LINEAR LINEAR LINEAR LINEAR LINEAR LINEAR LINEAR LINEAR LINEAR LINEAR LINEAR
LINEAR LINEAR LINEAR LINEAR LINEAR LINEAR LINEAR LINEAR LINEAR LINEAR LINEAR LINEAR
LINEAR LINEAR LINEAR LINEAR LINEAR LINEAR LINEAR LINEAR</Name_array><technique_common><accessor source="#Root-Interpolations-array" count="43"><param type="name"/></accessor></technique_common></source><sampler id="Root-Matrix-animation-transform"><input semantic="INPUT" source="#Root-Matrix-animation-input"/><input semantic="OUTPUT" source="#Root-Matrix-animation-output-transform"/><input semantic="INTERPOLATION" source="#Root-Interpolations"/></sampler><channel source="#Root-Matrix-animation-transform" target="Root/matrix"/></animation><animation><source id="Root-visibility-animation-input"><float_array id="Root-visibility-animation-input-array" count="43">

0.033333 0.066667 0.100000 0.133333 0.166667 0.200000 0.233333 0.266667 0.300000 0.333333 0.366667 0.400000 0.433333 0.466667 0.500000 0.533333
0.566667 0.600000 0.633333 0.666667 0.700000 0.733333 0.766667 0.800000 0.833333 0.866667 0.900000 0.933333 0.966667 1.000000 1.033333 1.066667
1.100000 1.133333 1.166667 1.200000 1.233333 1.266667 1.300000 1.333333 1.366667 1.400000 1.433333</float_array><technique_common><accessor source="#Root-visibility-animation-input-array" count="43"><param name="TIME" type="float"/></accessor></technique_common></source><source id="Root-visibility-animation-output"><float_array id="Root-visibility-animation-output-array" count="43">

1.000000 1.000000 1.000000 1.000000 1.000000 1.000000 1.000000 1.000000 1.000000 1.000000 1.000000 1.000000 1.000000 1.000000 1.000000 1.000000
1.000000 1.000000 1.000000 1.000000 1.000000 1.000000 1.000000 1.000000 1.000000 1.000000 1.000000 1.000000 1.000000 1.000000 1.000000 1.000000
1.000000 1.000000 1.000000 1.000000 1.000000 1.000000 1.000000 1.000000 1.000000 1.000000 1.000000</float_array><technique_common><accessor source="#Root-visibility-animation-output-array" count="43"><param type="float"/></accessor></technique_common></source><source id="Root-visibility-animation-intan"><float_array id="Root-visibility-animation-intan-array" count="43">

0.000000 0.000000 0.000000 0.000000 0.000000 0.000000 0.000000 0.000000 0.000000 0.000000 0.000000 0.000000 0.000000 0.000000 0.000000 0.000000
0.000000 0.000000 0.000000 0.000000 0.000000 0.000000 0.000000 0.000000 0.000000 0.000000 0.000000 0.000000 0.000000 0.000000 0.000000 0.000000
0.000000 0.000000 0.000000 0.000000 0.000000 0.000000 0.000000 0.000000 0.000000 0.000000 0.000000</float_array><technique_common><accessor source="#Root-visibility-animation-intan-array" count="43"><param type="float"/></accessor></technique_common></source><source id="Root-visibility-animation-outtan"><float_array id="Root-visibility-animation-outtan-array" count="43">

0.000000 0.000000 0.000000 0.000000 0.000000 0.000000 0.000000 0.000000 0.000000 0.000000 0.000000 0.000000 0.000000 0.000000 0.000000 0.000000
0.000000 0.000000 0.000000 0.000000 0.000000 0.000000 0.000000 0.000000 0.000000 0.000000 0.000000 0.000000 0.000000 0.000000 0.000000 0.000000
0.000000 0.000000 0.000000 0.000000 0.000000 0.000000 0.000000 0.000000 0.000000 0.000000 0.000000</float_array><technique_common><accessor source="#Root-visibility-animation-outtan-array" count="43"><param type="float"/></accessor></technique_common></source><source id="Root-visibility-animation-interpolation"><Name_array id="Root-visibility-animation-interpolation-array" count="43">
 BEZIER BEZIER BEZIER BEZIER BEZIER BEZIER BEZIER BEZIER BEZIER BEZIER BEZIER
BEZIER BEZIER BEZIER BEZIER BEZIER BEZIER BEZIER BEZIER BEZIER BEZIER BEZIER BEZIER
BEZIER BEZIER BEZIER BEZIER BEZIER BEZIER BEZIER BEZIER BEZIER BEZIER BEZIER BEZIER
BEZIER BEZIER BEZIER BEZIER BEZIER BEZIER BEZIER BEZIER</Name_array><technique_common><accessor source="#Root-visibility-animation-interpolation-array" count="43"><param type="name"/></accessor></technique_common></source><sampler id="Root-visibility-animation"><input semantic="INPUT" source="#Root-visibility-animation-input"/><input semantic="OUTPUT" source="#Root-visibility-animation-output"/><input semantic="IN_TANGENT" source="#Root-visibility-animation-intan"/><input semantic="OUT_TANGENT" source="#Root-visibility-animation-outtan"/><input semantic="INTERPOLATION" source="#Root-visibility-animation-interpolation"/></sampler><channel source="#Root-visibility-animation" target="Root/visibility"/></animation></animation>
    <animation id="hips-anim" name="hips"><animation><source id="hips-Matrix-animation-input"><float_array id="hips-Matrix-animation-input-array" count="43">

0.033333 0.066667 0.100000 0.133333 0.166667 0.200000 0.233333 0.266667 0.300000 0.333333 0.366667 0.400000 0.433333 0.466667 0.500000 0.533333
0.566667 0.600000 0.633333 0.666667 0.700000 0.733333 0.766667 0.800000 0.833333 0.866667 0.900000 0.933333 0.966667 1.000000 1.033333 1.066667
1.100000 1.133333 1.166667 1.200000 1.233333 1.266667 1.300000 1.333333 1.366667 1.400000 1.433333</float_array><technique_common><accessor source="#hips-Matrix-animation-input-array" count="43"><param name="TIME" type="float"/></accessor></technique_common></source><source id="hips-Matrix-animation-output-transform"><float_array id="hips-Matrix-animation-output-transform-array" count="688">

1.000000 0.000000 0.000000 0.000000 0.000000 1.000000 0.000000 0.000000 0.000000 0.000000 1.000000 -0.472164 0.000000 0.000000 0.000000 1.000000
1.000000 -0.000000 0.000000 0.000000 -0.000000 1.000000 0.000000 0.000000 0.000000 0.000000 1.000000 -0.472164 0.000000 0.000000 0.000000 1.000000
1.000000 0.000000 0.000000 -0.000000 0.000000 1.000000 -0.000000 -0.000000 0.000000 0.000000 1.000000 -0.472164 0.000000 0.000000 0.000000 1.000000
1.000000 0.000000 0.000000 -0.000000 0.000000 1.000000 0.000000 0.000000 0.000000 0.000000 1.000000 -0.472164 0.000000 0.000000 0.000000 1.000000
1.000000 0.000000 0.000000 -0.000000 0.000000 1.000000 -0.000000 0.000000 -0.000000 0.000000 1.000000 -0.472164 0.000000 0.000000 0.000000 1.000000
1.000000 0.000000 0.000000 -0.000000 -0.000000 1.000000 0.000000 0.000000 -0.000000 0.000000 1.000000 -0.472164 0.000000 0.000000 0.000000 1.000000
1.000000 0.000000 0.000000 -0.000000 0.000000 1.000000 -0.000000 -0.000000 0.000000 0.000000 1.000000 -0.472164 0.000000 0.000000 0.000000 1.000000
1.000000 0.000000 0.000000 0.000000 0.000000 1.000000 0.000000 0.000000 0.000000 -0.000000 1.000000 -0.472164 0.000000 0.000000 0.000000 1.000000
1.000000 0.000000 0.000000 -0.000000 0.000000 1.000000 0.000000 0.000000 0.000000 -0.000000 1.000000 -0.472164 0.000000 0.000000 0.000000 1.000000
1.000000 -0.000000 -0.000000 0.000000 -0.000000 1.000000 0.000000 0.000000 0.000000 0.000000 1.000000 -0.472164 0.000000 0.000000 0.000000 1.000000
1.000000 0.000000 0.000000 0.000000 -0.000000 1.000000 0.000000 0.000000 0.000000 -0.000000 1.000000 -0.472164 0.000000 0.000000 0.000000 1.000000
1.000000 0.000000 -0.000000 0.000000 0.000000 1.000000 0.000000 0.000000 0.000000 0.000000 1.000000 -0.472164 0.000000 0.000000 0.000000 1.000000
1.000000 0.000000 0.000000 -0.000000 -0.000000 1.000000 0.000000 -0.000000 0.000000 -0.000000 1.000000 -0.472164 0.000000 0.000000 0.000000 1.000000
1.000000 0.000000 -0.000000 0.000000 0.000000 1.000000 -0.000000 0.000000 0.000000 0.000000 1.000000 -0.472164 0.000000 0.000000 0.000000 1.000000
1.000000 0.000000 -0.000000 0.000000 0.000000 1.000000 0.000000 0.000000 0.000000 0.000000 1.000000 -0.472164 0.000000 0.000000 0.000000 1.000000
1.000000 -0.000000 0.000000 -0.000000 0.000000 1.000000 -0.000000 0.000000 -0.000000 0.000000 1.000000 -0.472164 0.000000 0.000000 0.000000 1.000000
1.000000 -0.000000 0.000000 0.000000 0.000000 1.000000 -0.000000 0.000000 -0.000000 0.000000 1.000000 -0.472164 0.000000 0.000000 0.000000 1.000000
1.000000 0.000000 0.000000 0.000000 -0.000000 1.000000 0.000000 0.000000 -0.000000 0.000000 1.000000 -0.472164 0.000000 0.000000 0.000000 1.000000
1.000000 -0.000000 0.000000 -0.000000 -0.000000 1.000000 0.000000 0.000000 -0.000000 0.000000 1.000000 -0.472164 0.000000 0.000000 0.000000 1.000000
1.000000 -0.000000 0.000000 0.000000 -0.000000 1.000000 0.000000 -0.000000 -0.000000 0.000000 1.000000 -0.472164 0.000000 0.000000 0.000000 1.000000
1.000000 -0.000000 0.000000 0.000000 -0.000000 1.000000 0.000000 0.000000 0.000000 0.000000 1.000000 -0.472164 0.000000 0.000000 0.000000 1.000000
1.000000 0.000000 0.000000 -0.000000 0.000000 1.000000 0.000000 0.000000 0.000000 0.000000 1.000000 -0.472164 0.000000 0.000000 0.000000 1.000000
1.000000 -0.000000 0.000000 0.000000 0.000000 1.000000 0.000000 0.000000 0.000000 0.000000 1.000000 -0.472164 0.000000 0.000000 0.000000 1.000000
1.000000 0.000000 0.000000 0.000000 -0.000000 1.000000 -0.000000 0.000000 0.000000 0.000000 1.000000 -0.472164 0.000000 0.000000 0.000000 1.000000
1.000000 -0.000000 -0.000000 0.000000 -0.000000 1.000000 -0.000000 0.000000 -0.000000 0.000000 1.000000 -0.472164 0.000000 0.000000 0.000000 1.000000
1.000000 -0.000000 -0.000000 -0.000000 0.000000 1.000000 0.000000 0.000000 -0.000000 -0.000000 1.000000 -0.472164 0.000000 0.000000 0.000000 1.000000
1.000000 -0.000000 0.000000 0.000000 -0.000000 1.000000 0.000000 0.000000 -0.000000 0.000000 1.000000 -0.472164 0.000000 0.000000 0.000000 1.000000
1.000000 0.000000 -0.000000 0.000000 0.000000 1.000000 0.000000 0.000000 -0.000000 0.000000 1.000000 -0.472164 0.000000 0.000000 0.000000 1.000000
1.000000 0.000000 -0.000000 0.000000 0.000000 1.000000 -0.000000 0.000000 -0.000000 0.000000 1.000000 -0.472164 0.000000 0.000000 0.000000 1.000000
1.000000 0.000000 -0.000000 -0.000000 0.000000 1.000000 0.000000 0.000000 0.000000 -0.000000 1.000000 -0.472164 0.000000 0.000000 0.000000 1.000000
1.000000 0.000000 -0.000000 -0.000000 -0.000000 1.000000 -0.000000 0.000000 -0.000000 -0.000000 1.000000 -0.472164 0.000000 0.000000 0.000000 1.000000
1.000000 -0.000000 0.000000 0.000000 0.000000 1.000000 0.000000 0.000000 0.000000 0.000000 1.000000 -0.472164 0.000000 0.000000 0.000000 1.000000
1.000000 -0.000000 -0.000000 0.000000 -0.000000 1.000000 0.000000 0.000000 0.000000 0.000000 1.000000 -0.472164 0.000000 0.000000 0.000000 1.000000
1.000000 0.000000 -0.000000 -0.000000 -0.000000 1.000000 0.000000 0.000000 0.000000 0.000000 1.000000 -0.472164 0.000000 0.000000 0.000000 1.000000
1.000000 0.000000 0.000000 0.000000 -0.000000 1.000000 -0.000000 -0.000000 0.000000 -0.000000 1.000000 -0.472164 0.000000 0.000000 0.000000 1.000000
1.000000 0.000000 0.000000 0.000000 0.000000 1.000000 0.000000 0.000000 0.000000 0.000000 1.000000 -0.472164 0.000000 0.000000 0.000000 1.000000
1.000000 0.000000 0.000000 0.000000 -0.000000 1.000000 -0.000000 0.000000 0.000000 -0.000000 1.000000 -0.472164 0.000000 0.000000 0.000000 1.000000
1.000000 0.000000 0.000000 0.000000 0.000000 1.000000 -0.000000 0.000000 0.000000 0.000000 1.000000 -0.472164 0.000000 0.000000 0.000000 1.000000
1.000000 0.000000 0.000000 -0.000000 0.000000 1.000000 0.000000 0.000000 -0.000000 0.000000 1.000000 -0.472164 0.000000 0.000000 0.000000 1.000000
1.000000 -0.000000 0.000000 0.000000 -0.000000 1.000000 0.000000 0.000000 -0.000000 0.000000 1.000000 -0.472164 0.000000 0.000000 0.000000 1.000000
1.000000 -0.000000 -0.000000 0.000000 0.000000 1.000000 0.000000 -0.000000 0.000000 -0.000000 1.000000 -0.472164 0.000000 0.000000 0.000000 1.000000
1.000000 -0.000000 0.000000 0.000000 0.000000 1.000000 0.000000 -0.000000 -0.000000 0.000000 1.000000 -0.472164 0.000000 0.000000 0.000000 1.000000
1.000000 0.000000 0.000000 0.000000 0.000000 1.000000 0.000000 0.000000 0.000000 0.000000 1.000000 -0.472164 0.000000 0.000000 0.000000 1.000000</float_array><technique_common><accessor source="#hips-Matrix-animation-output-transform-array" count="43" stride="16"><param type="float4x4"/></accessor></technique_common></source><source id="hips-Interpolations"><Name_array id="hips-Interpolations-array" count="43">
 LINEAR LINEAR LINEAR LINEAR LINEAR LINEAR LINEAR LINEAR LINEAR LINEAR LINEAR
LINEAR LINEAR LINEAR LINEAR LINEAR LINEAR LINEAR LINEAR LINEAR LINEAR LINEAR LINEAR
LINEAR LINEAR LINEAR LINEAR LINEAR LINEAR LINEAR LINEAR LINEAR LINEAR LINEAR LINEAR
LINEAR LINEAR LINEAR LINEAR LINEAR LINEAR LINEAR LINEAR</Name_array><technique_common><accessor source="#hips-Interpolations-array" count="43"><param type="name"/></accessor></technique_common></source><sampler id="hips-Matrix-animation-transform"><input semantic="INPUT" source="#hips-Matrix-animation-input"/><input semantic="OUTPUT" source="#hips-Matrix-animation-output-transform"/><input semantic="INTERPOLATION" source="#hips-Interpolations"/></sampler><channel source="#hips-Matrix-animation-transform" target="hips/matrix"/></animation><animation><source id="hips-visibility-animation-input"><float_array id="hips-visibility-animation-input-array" count="43">

0.033333 0.066667 0.100000 0.133333 0.166667 0.200000 0.233333 0.266667 0.300000 0.333333 0.366667 0.400000 0.433333 0.466667 0.500000 0.533333
0.566667 0.600000 0.633333 0.666667 0.700000 0.733333 0.766667 0.800000 0.833333 0.866667 0.900000 0.933333 0.966667 1.000000 1.033333 1.066667
1.100000 1.133333 1.166667 1.200000 1.233333 1.266667 1.300000 1.333333 1.366667 1.400000 1.433333</float_array><technique_common><accessor source="#hips-visibility-animation-input-array" count="43"><param name="TIME" type="float"/></accessor></technique_common></source><source id="hips-visibility-animation-output"><float_array id="hips-visibility-animation-output-array" count="43">

1.000000 1.000000 1.000000 1.000000 1.000000 1.000000 1.000000 1.000000 1.000000 1.000000 1.000000 1.000000 1.000000 1.000000 1.000000 1.000000
1.000000 1.000000 1.000000 1.000000 1.000000 1.000000 1.000000 1.000000 1.000000 1.000000 1.000000 1.000000 1.000000 1.000000 1.000000 1.000000
1.000000 1.000000 1.000000 1.000000 1.000000 1.000000 1.000000 1.000000 1.000000 1.000000 1.000000</float_array><technique_common><accessor source="#hips-visibility-animation-output-array" count="43"><param type="float"/></accessor></technique_common></source><source id="hips-visibility-animation-intan"><float_array id="hips-visibility-animation-intan-array" count="43">

0.000000 0.000000 0.000000 0.000000 0.000000 0.000000 0.000000 0.000000 0.000000 0.000000 0.000000 0.000000 0.000000 0.000000 0.000000 0.000000
0.000000 0.000000 0.000000 0.000000 0.000000 0.000000 0.000000 0.000000 0.000000 0.000000 0.000000 0.000000 0.000000 0.000000 0.000000 0.000000
0.000000 0.000000 0.000000 0.000000 0.000000 0.000000 0.000000 0.000000 0.000000 0.000000 0.000000</float_array><technique_common><accessor source="#hips-visibility-animation-intan-array" count="43"><param type="float"/></accessor></technique_common></source><source id="hips-visibility-animation-outtan"><float_array id="hips-visibility-animation-outtan-array" count="43">

0.000000 0.000000 0.000000 0.000000 0.000000 0.000000 0.000000 0.000000 0.000000 0.000000 0.000000 0.000000 0.000000 0.000000 0.000000 0.000000
0.000000 0.000000 0.000000 0.000000 0.000000 0.000000 0.000000 0.000000 0.000000 0.000000 0.000000 0.000000 0.000000 0.000000 0.000000 0.000000
0.000000 0.000000 0.000000 0.000000 0.000000 0.000000 0.000000 0.000000 0.000000 0.000000 0.000000</float_array><technique_common><accessor source="#hips-visibility-animation-outtan-array" count="43"><param type="float"/></accessor></technique_common></source><source id="hips-visibility-animation-interpolation"><Name_array id="hips-visibility-animation-interpolation-array" count="43">
 BEZIER BEZIER BEZIER BEZIER BEZIER BEZIER BEZIER BEZIER BEZIER BEZIER BEZIER
BEZIER BEZIER BEZIER BEZIER BEZIER BEZIER BEZIER BEZIER BEZIER BEZIER BEZIER BEZIER
BEZIER BEZIER BEZIER BEZIER BEZIER BEZIER BEZIER BEZIER BEZIER BEZIER BEZIER BEZIER
BEZIER BEZIER BEZIER BEZIER BEZIER BEZIER BEZIER BEZIER</Name_array><technique_common><accessor source="#hips-visibility-animation-interpolation-array" count="43"><param type="name"/></accessor></technique_common></source><sampler id="hips-visibility-animation"><input semantic="INPUT" source="#hips-visibility-animation-input"/><input semantic="OUTPUT" source="#hips-visibility-animation-output"/><input semantic="IN_TANGENT" source="#hips-visibility-animation-intan"/><input semantic="OUT_TANGENT" source="#hips-visibility-animation-outtan"/><input semantic="INTERPOLATION" source="#hips-visibility-animation-interpolation"/></sampler><channel source="#hips-visibility-animation" target="hips/visibility"/></animation></animation>
    <animation id="LeftBackLeg-anim" name="LeftBackLeg"><animation><source id="LeftBackLeg-Matrix-animation-input"><float_array id="LeftBackLeg-Matrix-animation-input-array" count="43">

0.033333 0.066667 0.100000 0.133333 0.166667 0.200000 0.233333 0.266667 0.300000 0.333333 0.366667 0.400000 0.433333 0.466667 0.500000 0.533333
0.566667 0.600000 0.633333 0.666667 0.700000 0.733333 0.766667 0.800000 0.833333 0.866667 0.900000 0.933333 0.966667 1.000000 1.033333 1.066667
1.100000 1.133333 1.166667 1.200000 1.233333 1.266667 1.300000 1.333333 1.366667 1.400000 1.433333</float_array><technique_common><accessor source="#LeftBackLeg-Matrix-animation-input-array" count="43"><param name="TIME" type="float"/></accessor></technique_common></source><source id="LeftBackLeg-Matrix-animation-output-transform"><float_array id="LeftBackLeg-Matrix-animation-output-transform-array" count="688">

0.986644 -0.162864 -0.003143 0.294680 0.160579 0.975682 -0.149195 -0.032709 0.027365 0.146698 0.988803 -0.050545 0.000000 0.000000 0.000000 1.000000
0.985443 -0.169987 -0.002432 0.294680 0.167552 0.973548 -0.155339 -0.032709 0.028773 0.152670 0.987858 -0.050545 0.000000 0.000000 0.000000 1.000000
0.986492 -0.163346 -0.012324 0.294680 0.160624 0.979328 -0.122951 -0.032709 0.032153 0.119311 0.992336 -0.050545 0.000000 0.000000 0.000000 1.000000
0.990957 -0.129019 -0.036857 0.294680 0.127881 0.991282 -0.031729 -0.032709 0.040629 0.026729 0.998817 -0.050545 0.000000 0.000000 0.000000 1.000000
0.994375 -0.090938 -0.054305 0.294680 0.093539 0.994485 0.047442 -0.032709 0.049691 -0.052255 0.997397 -0.050545 0.000000 0.000000 0.000000 1.000000
0.996796 -0.059482 -0.053478 0.294680 0.063626 0.994805 0.079465 -0.032709 0.048474 -0.082613 0.995402 -0.050545 0.000000 0.000000 0.000000 1.000000
0.998727 -0.023827 -0.044450 0.294680 0.028179 0.994588 0.100002 -0.032709 0.041827 -0.101127 0.993994 -0.050545 0.000000 0.000000 0.000000 1.000000
0.999471 0.011405 -0.030459 0.294680 -0.007967 0.993824 0.110679 -0.032709 0.031533 -0.110378 0.993389 -0.050545 0.000000 0.000000 0.000000 1.000000
0.999002 0.042009 -0.015173 0.294680 -0.040026 0.992754 0.113306 -0.032709 0.019822 -0.112586 0.993444 -0.050545 0.000000 0.000000 0.000000 1.000000
0.997969 0.063674 -0.002065 0.294680 -0.063073 0.992071 0.108706 -0.032709 0.008970 -0.108355 0.994072 -0.050545 0.000000 0.000000 0.000000 1.000000
0.997417 0.071597 0.005839 0.294680 -0.071827 0.992769 0.096176 -0.032709 0.001089 -0.096347 0.995347 -0.050545 0.000000 0.000000 0.000000 1.000000
0.998161 0.060293 0.006255 0.294680 -0.060590 0.995426 0.073866 -0.032709 -0.001773 -0.074109 0.997249 -0.050545 0.000000 0.000000 0.000000 1.000000
0.999724 0.023412 -0.001679 0.294680 -0.023327 0.998931 0.039897 -0.032709 0.002611 -0.039847 0.999202 -0.050545 0.000000 0.000000 0.000000 1.000000
0.999248 -0.036243 -0.013792 0.294680 0.036212 0.999341 -0.002468 -0.032709 0.013872 0.001967 0.999902 -0.050545 0.000000 0.000000 0.000000 1.000000
0.993600 -0.110218 -0.024732 0.294680 0.108966 0.992920 -0.047279 -0.032709 0.029768 0.044282 0.998575 -0.050545 0.000000 0.000000 0.000000 1.000000
0.981411 -0.189371 -0.031160 0.294680 0.185956 0.978461 -0.089630 -0.032709 0.047462 0.082169 0.995488 -0.050545 0.000000 0.000000 0.000000 1.000000
0.963783 -0.264780 -0.031852 0.294680 0.258873 0.957543 -0.126868 -0.032709 0.064092 0.114028 0.991408 -0.050545 0.000000 0.000000 0.000000 1.000000
0.944043 -0.328729 -0.026835 0.294680 0.320612 0.933731 -0.159229 -0.032709 0.077400 0.141716 0.986877 -0.050545 0.000000 0.000000 0.000000 1.000000
0.926871 -0.375026 -0.016308 0.294680 0.365399 0.911323 -0.189667 -0.032709 0.085992 0.169838 0.981713 -0.050545 0.000000 0.000000 0.000000 1.000000
0.915237 -0.402916 0.000144 0.294680 0.392716 0.891988 -0.223901 -0.032709 0.090085 0.204979 0.974612 -0.050545 0.000000 0.000000 0.000000 1.000000
0.908566 -0.417224 0.020755 0.294680 0.407573 0.874463 -0.263055 -0.032709 0.091604 0.247462 0.964558 -0.050545 0.000000 0.000000 0.000000 1.000000
0.906266 -0.420607 0.042107 0.294680 0.412655 0.858715 -0.303848 -0.032709 0.091643 0.292742 0.951790 -0.050545 0.000000 0.000000 0.000000 1.000000
0.907405 -0.415851 0.060696 0.294680 0.410353 0.845561 -0.341521 -0.032709 0.090700 0.334805 0.937912 -0.050545 0.000000 0.000000 0.000000 1.000000
0.910749 -0.406386 0.073392 0.294680 0.403272 0.836955 -0.369971 -0.032709 0.088925 0.366547 0.926140 -0.050545 0.000000 0.000000 0.000000 1.000000
0.914836 -0.396263 0.077781 0.294680 0.394455 0.835626 -0.382275 -0.032709 0.086486 0.380400 0.920769 -0.050545 0.000000 0.000000 0.000000 1.000000
0.920566 -0.383447 0.074339 0.294680 0.381783 0.843189 -0.378515 -0.032709 0.082459 0.376829 0.922605 -0.050545 0.000000 0.000000 0.000000 1.000000
0.929018 -0.364091 0.066053 0.294680 0.362121 0.857830 -0.364686 -0.032709 0.076116 0.362720 0.928785 -0.050545 0.000000 0.000000 0.000000 1.000000
0.938987 -0.339570 0.054725 0.294680 0.337102 0.876970 -0.342471 -0.032709 0.068301 0.340024 0.937933 -0.050545 0.000000 0.000000 0.000000 1.000000
0.949383 -0.311298 0.042022 0.294680 0.308359 0.898082 -0.313628 -0.032709 0.059892 0.310711 0.948616 -0.050545 0.000000 0.000000 0.000000 1.000000
0.959308 -0.280830 0.029364 0.294680 0.277587 0.918937 -0.280179 -0.032709 0.051699 0.276929 0.959499 -0.050545 0.000000 0.000000 0.000000 1.000000
0.968096 -0.249944 0.017856 0.294680 0.246620 0.937750 -0.244546 -0.032709 0.044379 0.241148 0.969473 -0.050545 0.000000 0.000000 0.000000 1.000000
0.975311 -0.220679 0.008273 0.294680 0.217474 0.953288 -0.209634 -0.032709 0.038375 0.206258 0.977745 -0.050545 0.000000 0.000000 0.000000 1.000000
0.980731 -0.195359 0.001090 0.294680 0.192399 0.964875 -0.178880 -0.032709 0.033894 0.175643 0.983870 -0.050545 0.000000 0.000000 0.000000 1.000000
0.984281 -0.176577 -0.003434 0.294680 0.173882 0.972296 -0.156221 -0.032709 0.030924 0.153169 0.987716 -0.050545 0.000000 0.000000 0.000000 1.000000
0.986363 -0.164483 -0.005832 0.294680 0.161997 0.976495 -0.142178 -0.032709 0.029081 0.139295 0.989824 -0.050545 0.000000 0.000000 0.000000 1.000000
0.987580 -0.156962 -0.007023 0.294680 0.154622 0.978849 -0.133964 -0.032709 0.027902 0.131214 0.990961 -0.050545 0.000000 0.000000 0.000000 1.000000
0.988159 -0.153259 -0.007325 0.294680 0.151003 0.979860 -0.130663 -0.032709 0.027203 0.128009 0.991400 -0.050545 0.000000 0.000000 0.000000 1.000000
0.988272 -0.152541 -0.006986 0.294680 0.150321 0.979893 -0.131201 -0.032709 0.026859 0.128612 0.991331 -0.050545 0.000000 0.000000 0.000000 1.000000
0.988062 -0.153932 -0.006220 0.294680 0.151712 0.979244 -0.134402 -0.032709 0.026780 0.131854 0.990907 -0.050545 0.000000 0.000000 0.000000 1.000000
0.987658 -0.156539 -0.005231 0.294680 0.154303 0.978192 -0.139038 -0.032709 0.026881 0.136515 0.990273 -0.050545 0.000000 0.000000 0.000000 1.000000
0.987193 -0.159477 -0.004233 0.294680 0.157218 0.977028 -0.143868 -0.032709 0.027079 0.141360 0.989588 -0.050545 0.000000 0.000000 0.000000 1.000000
0.986806 -0.161873 -0.003456 0.294680 0.159596 0.976077 -0.147660 -0.032709 0.027276 0.145161 0.989032 -0.050545 0.000000 0.000000 0.000000 1.000000
1.000000 0.000000 0.000000 0.294680 0.000000 1.000000 0.000000 -0.032709 0.000000 0.000000 1.000000 -0.050545 0.000000 0.000000 0.000000 1.000000</float_array><technique_common><accessor source="#LeftBackLeg-Matrix-animation-output-transform-array" count="43" stride="16"><param type="float4x4"/></accessor></technique_common></source><source id="LeftBackLeg-Interpolations"><Name_array id="LeftBackLeg-Interpolations-array" count="43">
 LINEAR LINEAR LINEAR LINEAR LINEAR LINEAR LINEAR LINEAR LINEAR LINEAR LINEAR
LINEAR LINEAR LINEAR LINEAR LINEAR LINEAR LINEAR LINEAR LINEAR LINEAR LINEAR LINEAR
LINEAR LINEAR LINEAR LINEAR LINEAR LINEAR LINEAR LINEAR LINEAR LINEAR LINEAR LINEAR
LINEAR LINEAR LINEAR LINEAR LINEAR LINEAR LINEAR LINEAR</Name_array><technique_common><accessor source="#LeftBackLeg-Interpolations-array" count="43"><param type="name"/></accessor></technique_common></source><sampler id="LeftBackLeg-Matrix-animation-transform"><input semantic="INPUT" source="#LeftBackLeg-Matrix-animation-input"/><input semantic="OUTPUT" source="#LeftBackLeg-Matrix-animation-output-transform"/><input semantic="INTERPOLATION" source="#LeftBackLeg-Interpolations"/></sampler><channel source="#LeftBackLeg-Matrix-animation-transform" target="LeftBackLeg/matrix"/></animation><animation><source id="LeftBackLeg-visibility-animation-input"><float_array id="LeftBackLeg-visibility-animation-input-array" count="43">

0.033333 0.066667 0.100000 0.133333 0.166667 0.200000 0.233333 0.266667 0.300000 0.333333 0.366667 0.400000 0.433333 0.466667 0.500000 0.533333
0.566667 0.600000 0.633333 0.666667 0.700000 0.733333 0.766667 0.800000 0.833333 0.866667 0.900000 0.933333 0.966667 1.000000 1.033333 1.066667
1.100000 1.133333 1.166667 1.200000 1.233333 1.266667 1.300000 1.333333 1.366667 1.400000 1.433333</float_array><technique_common><accessor source="#LeftBackLeg-visibility-animation-input-array" count="43"><param name="TIME" type="float"/></accessor></technique_common></source><source id="LeftBackLeg-visibility-animation-output"><float_array id="LeftBackLeg-visibility-animation-output-array" count="43">

1.000000 1.000000 1.000000 1.000000 1.000000 1.000000 1.000000 1.000000 1.000000 1.000000 1.000000 1.000000 1.000000 1.000000 1.000000 1.000000
1.000000 1.000000 1.000000 1.000000 1.000000 1.000000 1.000000 1.000000 1.000000 1.000000 1.000000 1.000000 1.000000 1.000000 1.000000 1.000000
1.000000 1.000000 1.000000 1.000000 1.000000 1.000000 1.000000 1.000000 1.000000 1.000000 1.000000</float_array><technique_common><accessor source="#LeftBackLeg-visibility-animation-output-array" count="43"><param type="float"/></accessor></technique_common></source><source id="LeftBackLeg-visibility-animation-intan"><float_array id="LeftBackLeg-visibility-animation-intan-array" count="43">

0.000000 0.000000 0.000000 0.000000 0.000000 0.000000 0.000000 0.000000 0.000000 0.000000 0.000000 0.000000 0.000000 0.000000 0.000000 0.000000
0.000000 0.000000 0.000000 0.000000 0.000000 0.000000 0.000000 0.000000 0.000000 0.000000 0.000000 0.000000 0.000000 0.000000 0.000000 0.000000
0.000000 0.000000 0.000000 0.000000 0.000000 0.000000 0.000000 0.000000 0.000000 0.000000 0.000000</float_array><technique_common><accessor source="#LeftBackLeg-visibility-animation-intan-array" count="43"><param type="float"/></accessor></technique_common></source><source id="LeftBackLeg-visibility-animation-outtan"><float_array id="LeftBackLeg-visibility-animation-outtan-array" count="43">

0.000000 0.000000 0.000000 0.000000 0.000000 0.000000 0.000000 0.000000 0.000000 0.000000 0.000000 0.000000 0.000000 0.000000 0.000000 0.000000
0.000000 0.000000 0.000000 0.000000 0.000000 0.000000 0.000000 0.000000 0.000000 0.000000 0.000000 0.000000 0.000000 0.000000 0.000000 0.000000
0.000000 0.000000 0.000000 0.000000 0.000000 0.000000 0.000000 0.000000 0.000000 0.000000 0.000000</float_array><technique_common><accessor source="#LeftBackLeg-visibility-animation-outtan-array" count="43"><param type="float"/></accessor></technique_common></source><source id="LeftBackLeg-visibility-animation-interpolation"><Name_array id="LeftBackLeg-visibility-animation-interpolation-array" count="43">
 BEZIER BEZIER BEZIER BEZIER BEZIER BEZIER BEZIER BEZIER BEZIER BEZIER BEZIER
BEZIER BEZIER BEZIER BEZIER BEZIER BEZIER BEZIER BEZIER BEZIER BEZIER BEZIER BEZIER
BEZIER BEZIER BEZIER BEZIER BEZIER BEZIER BEZIER BEZIER BEZIER BEZIER BEZIER BEZIER
BEZIER BEZIER BEZIER BEZIER BEZIER BEZIER BEZIER BEZIER</Name_array><technique_common><accessor source="#LeftBackLeg-visibility-animation-interpolation-array" count="43"><param type="name"/></accessor></technique_common></source><sampler id="LeftBackLeg-visibility-animation"><input semantic="INPUT" source="#LeftBackLeg-visibility-animation-input"/><input semantic="OUTPUT" source="#LeftBackLeg-visibility-animation-output"/><input semantic="IN_TANGENT" source="#LeftBackLeg-visibility-animation-intan"/><input semantic="OUT_TANGENT" source="#LeftBackLeg-visibility-animation-outtan"/><input semantic="INTERPOLATION" source="#LeftBackLeg-visibility-animation-interpolation"/></sampler><channel source="#LeftBackLeg-visibility-animation" target="LeftBackLeg/visibility"/></animation></animation>
    <animation id="LeftBackLeg1-anim" name="LeftBackLeg1"><animation><source id="LeftBackLeg1-Matrix-animation-input"><float_array id="LeftBackLeg1-Matrix-animation-input-array" count="43">

0.033333 0.066667 0.100000 0.133333 0.166667 0.200000 0.233333 0.266667 0.300000 0.333333 0.366667 0.400000 0.433333 0.466667 0.500000 0.533333
0.566667 0.600000 0.633333 0.666667 0.700000 0.733333 0.766667 0.800000 0.833333 0.866667 0.900000 0.933333 0.966667 1.000000 1.033333 1.066667
1.100000 1.133333 1.166667 1.200000 1.233333 1.266667 1.300000 1.333333 1.366667 1.400000 1.433333</float_array><technique_common><accessor source="#LeftBackLeg1-Matrix-animation-input-array" count="43"><param name="TIME" type="float"/></accessor></technique_common></source><source id="LeftBackLeg1-Matrix-animation-output-transform"><float_array id="LeftBackLeg1-Matrix-animation-output-transform-array" count="688">

0.984524 0.174286 0.018367 0.050323 -0.171812 0.939233 0.297189 -0.042782 0.034545 -0.295745 0.954642 -0.082027 0.000000 0.000000 0.000000 1.000000
0.973703 0.224870 0.036555 0.050323 -0.221398 0.896153 0.384567 -0.042782 0.053718 -0.382548 0.922373 -0.082027 0.000000 0.000000 0.000000 1.000000
0.950778 0.299993 0.077617 0.050323 -0.295806 0.804076 0.515714 -0.042782 0.092301 -0.513290 0.853238 -0.082027 0.000000 0.000000 0.000000 1.000000
0.934234 0.339803 0.108356 0.050323 -0.336118 0.737189 0.586155 -0.042782 0.119299 -0.584026 0.802920 -0.082027 0.000000 0.000000 0.000000 1.000000
0.930666 0.347307 0.115062 0.050323 -0.343832 0.722732 0.599531 -0.042782 0.125062 -0.597526 0.792037 -0.082027 0.000000 0.000000 0.000000 1.000000
0.934166 0.339949 0.108482 0.050323 -0.336266 0.736915 0.586413 -0.042782 0.119408 -0.584287 0.802715 -0.082027 0.000000 0.000000 0.000000 1.000000
0.940433 0.325917 0.096762 0.050323 -0.321950 0.762284 0.561490 -0.042782 0.109239 -0.559197 0.821807 -0.082027 0.000000 0.000000 0.000000 1.000000
0.948000 0.307328 0.082730 0.050323 -0.303169 0.792865 0.528634 -0.042782 0.096870 -0.526227 0.844809 -0.082027 0.000000 0.000000 0.000000 1.000000
0.955565 0.286625 0.068863 0.050323 -0.282445 0.823368 0.492229 -0.042782 0.084385 -0.489807 0.867738 -0.082027 0.000000 0.000000 0.000000 1.000000
0.961860 0.267437 0.057474 0.050323 -0.263378 0.848693 0.458641 -0.042782 0.073880 -0.456286 0.886761 -0.082027 0.000000 0.000000 0.000000 1.000000
0.965644 0.254873 0.050708 0.050323 -0.250948 0.863888 0.436718 -0.042782 0.067502 -0.434439 0.898168 -0.082027 0.000000 0.000000 0.000000 1.000000
0.965655 0.254837 0.050689 0.050323 -0.250912 0.863930 0.436655 -0.042782 0.067484 -0.434376 0.898200 -0.082027 0.000000 0.000000 0.000000 1.000000
0.961697 0.267960 0.057767 0.050323 -0.263895 0.848039 0.459554 -0.042782 0.074153 -0.457196 0.886269 -0.082027 0.000000 0.000000 0.000000 1.000000
0.955290 0.287419 0.069363 0.050323 -0.283236 0.822263 0.493620 -0.042782 0.084841 -0.491197 0.866907 -0.082027 0.000000 0.000000 0.000000 1.000000
