<?xml version="1.0" encoding="utf-8"?>
<COLLADA xmlns="http://www.collada.org/2005/11/COLLADASchema" version="1.4.1">
  <asset><contributor><author></author><authoring_tool>FBX COLLADA exporter</authoring_tool><comments></comments></contributor><created>2014-06-04T15:33:21Z</created><keywords></keywords><modified>2014-06-04T15:33:21Z</modified><revision></revision><subject></subject><title></title><unit meter="0.010000" name="centimeter"></unit><up_axis>Y_UP</up_axis></asset>
  <library_animations>
    <animation id="Root-anim" name="Root"><animation><source id="Root-Matrix-animation-input"><float_array id="Root-Matrix-animation-input-array" count="56">

0.033333 0.066667 0.100000 0.133333 0.166667 0.200000 0.233333 0.266667 0.300000 0.333333 0.366667 0.400000 0.433333 0.466667 0.500000 0.533333
0.566667 0.600000 0.633333 0.666667 0.700000 0.733333 0.766667 0.800000 0.833333 0.866667 0.900000 0.933333 0.966667 1.000000 1.033333 1.066667
1.100000 1.133333 1.166667 1.200000 1.233333 1.266667 1.300000 1.333333 1.366667 1.400000 1.433333 1.466667 1.500000 1.533333 1.566667 1.600000
1.633333 1.666667 1.700000 1.733333 1.766667 1.800000 1.833333 1.866667</float_array><technique_common><accessor source="#Root-Matrix-animation-input-array" count="56"><param name="TIME" type="float"/></accessor></technique_common></source><source id="Root-Matrix-animation-output-transform"><float_array id="Root-Matrix-animation-output-transform-array" count="896">

1.000000 0.000000 0.000000 0.000000 0.000000 0.991020 0.133717 0.328767 0.000000 -0.133717 0.991020 -0.028853 0.000000 0.000000 0.000000 1.000000
0.999996 -0.000590 0.002840 0.001740 0.000207 0.991094 0.133167 0.328385 -0.002893 -0.133166 0.991090 -0.031716 0.000000 0.000000 0.000000 1.000000
0.999937 -0.002262 0.010973 0.006719 0.000798 0.991304 0.131591 0.327279 -0.011176 -0.131574 0.991243 -0.039911 0.000000 0.000000 0.000000 1.000000
0.999705 -0.004847 0.023818 0.014578 0.001732 0.991629 0.129105 0.325516 -0.024244 -0.129026 0.991345 -0.052843 0.000000 0.000000 0.000000 1.000000
0.999134 -0.008158 0.040794 0.024956 0.002963 0.992047 0.125831 0.323159 -0.041496 -0.125601 0.991213 -0.069921 0.000000 0.000000 0.000000 1.000000
0.998046 -0.012001 0.061315 0.037494 0.004446 0.992533 0.121894 0.320272 -0.062320 -0.121383 0.990647 -0.090553 0.000000 0.000000 0.000000 1.000000
0.996268 -0.016180 0.084788 0.051831 0.006136 0.993064 0.117417 0.316921 -0.086100 -0.116459 0.989457 -0.114146 0.000000 0.000000 0.000000 1.000000
0.993652 -0.020508 0.110609 0.067608 0.007982 0.993617 0.112520 0.313169 -0.112211 -0.110923 0.987474 -0.140108 0.000000 0.000000 0.000000 1.000000
0.990098 -0.024810 0.138165 0.084465 0.009937 0.994175 0.107318 0.309081 -0.140022 -0.104882 0.984578 -0.167847 0.000000 0.000000 0.000000 1.000000
0.985559 -0.028934 0.166840 0.102043 0.011950 0.994721 0.101915 0.304720 -0.168908 -0.098449 0.980703 -0.196774 0.000000 0.000000 0.000000 1.000000
0.980056 -0.032746 0.196007 0.119980 0.013972 0.995244 0.096410 0.300152 -0.198232 -0.091748 0.975852 -0.226290 0.000000 0.000000 0.000000 1.000000
0.973675 -0.036146 0.225055 0.137916 0.015957 0.995733 0.090890 0.295442 -0.227380 -0.084906 0.970098 -0.255807 0.000000 0.000000 0.000000 1.000000
0.966579 -0.039058 0.253377 0.155493 0.017860 0.996184 0.085432 0.290652 -0.255747 -0.078051 0.963588 -0.284730 0.000000 0.000000 0.000000 1.000000
0.958993 -0.041437 0.280383 0.172350 0.019641 0.996593 0.080105 0.285848 -0.282747 -0.071313 0.956540 -0.312469 0.000000 0.000000 0.000000 1.000000
0.951208 -0.043263 0.305502 0.188127 0.021266 0.996959 0.074969 0.281094 -0.307817 -0.064815 0.949235 -0.338432 0.000000 0.000000 0.000000 1.000000
0.943563 -0.044541 0.328186 0.202464 0.022703 0.997283 0.070079 0.276455 -0.330415 -0.058673 0.942010 -0.362025 0.000000 0.000000 0.000000 1.000000
0.936435 -0.045298 0.347904 0.215001 0.023927 0.997567 0.065481 0.271994 -0.350024 -0.052995 0.935241 -0.382657 0.000000 0.000000 0.000000 1.000000
0.930225 -0.045572 0.364148 0.225381 0.024917 0.997813 0.061223 0.267776 -0.366142 -0.047878 0.929327 -0.399736 0.000000 0.000000 0.000000 1.000000
0.925339 -0.045413 0.376412 0.233239 0.025650 0.998024 0.057352 0.263866 -0.378273 -0.043415 0.924676 -0.412668 0.000000 0.000000 0.000000 1.000000
0.922160 -0.044870 0.384196 0.238218 0.026108 0.998204 0.053914 0.260328 -0.385925 -0.039687 0.921676 -0.420861 0.000000 0.000000 0.000000 1.000000
0.921035 -0.043988 0.386988 0.239958 0.026267 0.998355 0.050965 0.257225 -0.388593 -0.036776 0.920675 -0.423724 0.000000 0.000000 0.000000 1.000000
0.921042 -0.043017 0.387081 0.239958 0.026265 0.998479 0.048467 0.254381 -0.388577 -0.034473 0.920771 -0.423724 0.000000 0.000000 0.000000 1.000000
0.921089 -0.042169 0.387062 0.239958 0.026253 0.998582 0.046316 0.251591 -0.388466 -0.032500 0.920890 -0.423724 0.000000 0.000000 0.000000 1.000000
0.921217 -0.041417 0.386839 0.239958 0.026221 0.998666 0.044480 0.248879 -0.388165 -0.030832 0.921074 -0.423724 0.000000 0.000000 0.000000 1.000000
0.921466 -0.040736 0.386318 0.239958 0.026158 0.998736 0.042922 0.246271 -0.387578 -0.029446 0.921366 -0.423724 0.000000 0.000000 0.000000 1.000000
0.921875 -0.040103 0.385407 0.239958 0.026054 0.998794 0.041608 0.243793 -0.386611 -0.028316 0.921808 -0.423724 0.000000 0.000000 0.000000 1.000000
0.922483 -0.039490 0.384011 0.239958 0.025898 0.998844 0.040504 0.241468 -0.385167 -0.027419 0.922440 -0.423724 0.000000 0.000000 0.000000 1.000000
0.923329 -0.038874 0.382037 0.239958 0.025680 0.998887 0.039576 0.239323 -0.383150 -0.026731 0.923299 -0.423724 0.000000 0.000000 0.000000 1.000000
0.924447 -0.038229 0.379388 0.239958 0.025390 0.998925 0.038789 0.237383 -0.380463 -0.026226 0.924424 -0.423724 0.000000 0.000000 0.000000 1.000000
0.925872 -0.037529 0.375969 0.239958 0.025016 0.998960 0.038111 0.235671 -0.377009 -0.025881 0.925848 -0.423724 0.000000 0.000000 0.000000 1.000000
0.927632 -0.036748 0.371682 0.239958 0.024546 0.998995 0.037509 0.234215 -0.372687 -0.025671 0.927602 -0.423724 0.000000 0.000000 0.000000 1.000000
0.929755 -0.035860 0.366428 0.239958 0.023969 0.999030 0.036950 0.233039 -0.367398 -0.025572 0.929712 -0.423724 0.000000 0.000000 0.000000 1.000000
0.932261 -0.034838 0.360105 0.239958 0.023272 0.999066 0.036406 0.232167 -0.361037 -0.025559 0.932201 -0.423724 0.000000 0.000000 0.000000 1.000000
0.935164 -0.033657 0.352611 0.239958 0.022442 0.999105 0.035846 0.231626 -0.353502 -0.025608 0.935083 -0.423724 0.000000 0.000000 0.000000 1.000000
0.938473 -0.032290 0.343840 0.239958 0.021465 0.999148 0.035243 0.231440 -0.344685 -0.025694 0.938367 -0.423724 0.000000 0.000000 0.000000 1.000000
0.942621 -0.029335 0.332574 0.238218 0.019064 0.999236 0.034103 0.232145 -0.333321 -0.025806 0.942460 -0.420861 0.000000 0.000000 0.000000 1.000000
0.947788 -0.023800 0.318012 0.233239 0.014300 0.999380 0.032175 0.234165 -0.318581 -0.025948 0.947540 -0.412668 0.000000 0.000000 0.000000 1.000000
0.953588 -0.016278 0.300674 0.225381 0.007667 0.999527 0.029799 0.237352 -0.301016 -0.026111 0.953261 -0.399736 0.000000 0.000000 0.000000 1.000000
0.959653 -0.007362 0.281091 0.215003 -0.000328 0.999627 0.027298 0.241562 -0.281187 -0.026289 0.959293 -0.382659 0.000000 0.000000 0.000000 1.000000
0.965655 0.002358 0.259818 0.202464 -0.009155 0.999647 0.024954 0.246647 -0.259667 -0.026476 0.965335 -0.362025 0.000000 0.000000 0.000000 1.000000
0.971325 0.012283 0.237438 0.188127 -0.018260 0.999569 0.022990 0.252463 -0.237054 -0.026666 0.971130 -0.338432 0.000000 0.000000 0.000000 1.000000
0.976469 0.021820 0.214553 0.172350 -0.027069 0.999401 0.021557 0.258862 -0.213954 -0.026857 0.976474 -0.312469 0.000000 0.000000 0.000000 1.000000
0.980967 0.030375 0.191781 0.155493 -0.034992 0.999173 0.020731 0.265699 -0.190993 -0.027047 0.981219 -0.284730 0.000000 0.000000 0.000000 1.000000
0.984778 0.037355 0.169755 0.137916 -0.041428 0.998931 0.020515 0.272828 -0.168807 -0.027235 0.985273 -0.255807 0.000000 0.000000 0.000000 1.000000
0.987921 0.042164 0.149109 0.119980 -0.045773 0.998734 0.020850 0.280103 -0.148042 -0.027423 0.988601 -0.226290 0.000000 0.000000 0.000000 1.000000
0.990465 0.044212 0.130478 0.102043 -0.047426 0.998640 0.021631 0.287378 -0.129344 -0.027613 0.991215 -0.196774 0.000000 0.000000 0.000000 1.000000
0.992746 0.042659 0.112412 0.084467 -0.045903 0.998596 0.026428 0.294507 -0.111127 -0.031396 0.993310 -0.167851 0.000000 0.000000 0.000000 1.000000
0.994896 0.037957 0.093491 0.067608 -0.041619 0.998428 0.037533 0.301345 -0.091919 -0.041232 0.994912 -0.140108 0.000000 0.000000 0.000000 1.000000
0.996738 0.031352 0.074365 0.051831 -0.035341 0.997972 0.052945 0.307744 -0.072555 -0.055400 0.995825 -0.114146 0.000000 0.000000 0.000000 1.000000
0.998160 0.023926 0.055723 0.037494 -0.027850 0.997106 0.070736 0.313560 -0.053869 -0.072158 0.995937 -0.090553 0.000000 0.000000 0.000000 1.000000
0.999127 0.016575 0.038339 0.024956 -0.019938 0.995826 0.089063 0.318645 -0.036703 -0.089750 0.995288 -0.069921 0.000000 0.000000 0.000000 1.000000
0.999683 0.010003 0.023091 0.014578 -0.012402 0.994270 0.106173 0.322854 -0.021896 -0.106426 0.994080 -0.052843 0.000000 0.000000 0.000000 1.000000
0.999929 0.004755 0.010940 0.006719 -0.006038 0.992708 0.120395 0.326042 -0.010287 -0.120452 0.992666 -0.039911 0.000000 0.000000 0.000000 1.000000
0.999995 0.001274 0.002901 0.001740 -0.001641 0.991498 0.130112 0.328061 -0.002711 -0.130116 0.991495 -0.031717 0.000000 0.000000 0.000000 1.000000
1.000000 0.000000 0.000000 0.000000 0.000000 0.991020 0.133717 0.328767 0.000000 -0.133717 0.991020 -0.028853 0.000000 0.000000 0.000000 1.000000
1.000000 0.000000 0.000000 0.000000 0.000000 1.000000 0.000000 0.255515 0.000000 0.000000 1.000000 -0.028853 0.000000 0.000000 0.000000 1.000000</float_array><technique_common><accessor source="#Root-Matrix-animation-output-transform-array" count="56" stride="16"><param type="float4x4"/></accessor></technique_common></source><source id="Root-Interpolations"><Name_array id="Root-Interpolations-array" count="56">
 LINEAR LINEAR LINEAR LINEAR LINEAR LINEAR LINEAR LINEAR LINEAR LINEAR LINEAR
LINEAR LINEAR LINEAR LINEAR LINEAR LINEAR LINEAR LINEAR LINEAR LINEAR LINEAR LINEAR
LINEAR LINEAR LINEAR LINEAR LINEAR LINEAR LINEAR LINEAR LINEAR LINEAR LINEAR LINEAR
LINEAR LINEAR LINEAR LINEAR LINEAR LINEAR LINEAR LINEAR LINEAR LINEAR LINEAR LINEAR
LINEAR LINEAR LINEAR LINEAR LINEAR LINEAR LINEAR LINEAR LINEAR</Name_array><technique_common><accessor source="#Root-Interpolations-array" count="56"><param type="name"/></accessor></technique_common></source><sampler id="Root-Matrix-animation-transform"><input semantic="INPUT" source="#Root-Matrix-animation-input"/><input semantic="OUTPUT" source="#Root-Matrix-animation-output-transform"/><input semantic="INTERPOLATION" source="#Root-Interpolations"/></sampler><channel source="#Root-Matrix-animation-transform" target="Root/matrix"/></animation><animation><source id="Root-visibility-animation-input"><float_array id="Root-visibility-animation-input-array" count="56">

0.033333 0.066667 0.100000 0.133333 0.166667 0.200000 0.233333 0.266667 0.300000 0.333333 0.366667 0.400000 0.433333 0.466667 0.500000 0.533333
0.566667 0.600000 0.633333 0.666667 0.700000 0.733333 0.766667 0.800000 0.833333 0.866667 0.900000 0.933333 0.966667 1.000000 1.033333 1.066667
1.100000 1.133333 1.166667 1.200000 1.233333 1.266667 1.300000 1.333333 1.366667 1.400000 1.433333 1.466667 1.500000 1.533333 1.566667 1.600000
1.633333 1.666667 1.700000 1.733333 1.766667 1.800000 1.833333 1.866667</float_array><technique_common><accessor source="#Root-visibility-animation-input-array" count="56"><param name="TIME" type="float"/></accessor></technique_common></source><source id="Root-visibility-animation-output"><float_array id="Root-visibility-animation-output-array" count="56">

1.000000 1.000000 1.000000 1.000000 1.000000 1.000000 1.000000 1.000000 1.000000 1.000000 1.000000 1.000000 1.000000 1.000000 1.000000 1.000000
1.000000 1.000000 1.000000 1.000000 1.000000 1.000000 1.000000 1.000000 1.000000 1.000000 1.000000 1.000000 1.000000 1.000000 1.000000 1.000000
1.000000 1.000000 1.000000 1.000000 1.000000 1.000000 1.000000 1.000000 1.000000 1.000000 1.000000 1.000000 1.000000 1.000000 1.000000 1.000000
1.000000 1.000000 1.000000 1.000000 1.000000 1.000000 1.000000 1.000000</float_array><technique_common><accessor source="#Root-visibility-animation-output-array" count="56"><param type="float"/></accessor></technique_common></source><source id="Root-visibility-animation-intan"><float_array id="Root-visibility-animation-intan-array" count="56">

0.000000 0.000000 0.000000 0.000000 0.000000 0.000000 0.000000 0.000000 0.000000 0.000000 0.000000 0.000000 0.000000 0.000000 0.000000 0.000000
0.000000 0.000000 0.000000 0.000000 0.000000 0.000000 0.000000 0.000000 0.000000 0.000000 0.000000 0.000000 0.000000 0.000000 0.000000 0.000000
0.000000 0.000000 0.000000 0.000000 0.000000 0.000000 0.000000 0.000000 0.000000 0.000000 0.000000 0.000000 0.000000 0.000000 0.000000 0.000000
0.000000 0.000000 0.000000 0.000000 0.000000 0.000000 0.000000 0.000000</float_array><technique_common><accessor source="#Root-visibility-animation-intan-array" count="56"><param type="float"/></accessor></technique_common></source><source id="Root-visibility-animation-outtan"><float_array id="Root-visibility-animation-outtan-array" count="56">

0.000000 0.000000 0.000000 0.000000 0.000000 0.000000 0.000000 0.000000 0.000000 0.000000 0.000000 0.000000 0.000000 0.000000 0.000000 0.000000
0.000000 0.000000 0.000000 0.000000 0.000000 0.000000 0.000000 0.000000 0.000000 0.000000 0.000000 0.000000 0.000000 0.000000 0.000000 0.000000
0.000000 0.000000 0.000000 0.000000 0.000000 0.000000 0.000000 0.000000 0.000000 0.000000 0.000000 0.000000 0.000000 0.000000 0.000000 0.000000
0.000000 0.000000 0.000000 0.000000 0.000000 0.000000 0.000000 0.000000</float_array><technique_common><accessor source="#Root-visibility-animation-outtan-array" count="56"><param type="float"/></accessor></technique_common></source><source id="Root-visibility-animation-interpolation"><Name_array id="Root-visibility-animation-interpolation-array" count="56">
 BEZIER BEZIER BEZIER BEZIER BEZIER BEZIER BEZIER BEZIER BEZIER BEZIER BEZIER
BEZIER BEZIER BEZIER BEZIER BEZIER BEZIER BEZIER BEZIER BEZIER BEZIER BEZIER BEZIER
BEZIER BEZIER BEZIER BEZIER BEZIER BEZIER BEZIER BEZIER BEZIER BEZIER BEZIER BEZIER
BEZIER BEZIER BEZIER BEZIER BEZIER BEZIER BEZIER BEZIER BEZIER BEZIER BEZIER BEZIER
BEZIER BEZIER BEZIER BEZIER BEZIER BEZIER BEZIER BEZIER BEZIER</Name_array><technique_common><accessor source="#Root-visibility-animation-interpolation-array" count="56"><param type="name"/></accessor></technique_common></source><sampler id="Root-visibility-animation"><input semantic="INPUT" source="#Root-visibility-animation-input"/><input semantic="OUTPUT" source="#Root-visibility-animation-output"/><input semantic="IN_TANGENT" source="#Root-visibility-animation-intan"/><input semantic="OUT_TANGENT" source="#Root-visibility-animation-outtan"/><input semantic="INTERPOLATION" source="#Root-visibility-animation-interpolation"/></sampler><channel source="#Root-visibility-animation" target="Root/visibility"/></animation></animation>
    <animation id="hips-anim" name="hips"><animation><source id="hips-Matrix-animation-input"><float_array id="hips-Matrix-animation-input-array" count="56">

0.033333 0.066667 0.100000 0.133333 0.166667 0.200000 0.233333 0.266667 0.300000 0.333333 0.366667 0.400000 0.433333 0.466667 0.500000 0.533333
0.566667 0.600000 0.633333 0.666667 0.700000 0.733333 0.766667 0.800000 0.833333 0.866667 0.900000 0.933333 0.966667 1.000000 1.033333 1.066667
1.100000 1.133333 1.166667 1.200000 1.233333 1.266667 1.300000 1.333333 1.366667 1.400000 1.433333 1.466667 1.500000 1.533333 1.566667 1.600000
1.633333 1.666667 1.700000 1.733333 1.766667 1.800000 1.833333 1.866667</float_array><technique_common><accessor source="#hips-Matrix-animation-input-array" count="56"><param name="TIME" type="float"/></accessor></technique_common></source><source id="hips-Matrix-animation-output-transform"><float_array id="hips-Matrix-animation-output-transform-array" count="896">

1.000000 0.000000 0.000000 0.000000 0.000000 1.000000 0.000000 0.000000 0.000000 0.000000 1.000000 -0.472164 0.000000 0.000000 0.000000 1.000000
1.000000 0.000000 -0.000000 0.000000 0.000000 1.000000 -0.000000 0.000000 -0.000000 0.000000 1.000000 -0.472164 0.000000 0.000000 0.000000 1.000000
1.000000 0.000000 0.000000 -0.000000 0.000000 1.000000 0.000000 0.000000 0.000000 0.000000 1.000000 -0.472164 0.000000 0.000000 0.000000 1.000000
1.000000 -0.000000 0.000000 0.000000 0.000000 1.000000 0.000000 0.000000 -0.000000 0.000000 1.000000 -0.472164 0.000000 0.000000 0.000000 1.000000
1.000000 -0.000000 0.000000 0.000000 -0.000000 1.000000 0.000000 0.000000 0.000000 0.000000 1.000000 -0.472164 0.000000 0.000000 0.000000 1.000000
1.000000 0.000000 0.000000 0.000000 -0.000000 1.000000 -0.000000 0.000000 0.000000 0.000000 1.000000 -0.472164 0.000000 0.000000 0.000000 1.000000
1.000000 -0.000000 -0.000000 0.000000 0.000000 1.000000 -0.000000 0.000000 -0.000000 -0.000000 1.000000 -0.472164 0.000000 0.000000 0.000000 1.000000
1.000000 0.000000 0.000000 0.000000 0.000000 1.000000 0.000000 0.000000 0.000000 0.000000 1.000000 -0.472164 0.000000 0.000000 0.000000 1.000000
1.000000 0.000000 0.000000 0.000000 0.000000 1.000000 0.000000 0.000000 0.000000 0.000000 1.000000 -0.472164 0.000000 0.000000 0.000000 1.000000
1.000000 -0.000000 0.000000 0.000000 0.000000 1.000000 0.000000 -0.000000 0.000000 0.000000 1.000000 -0.472164 0.000000 0.000000 0.000000 1.000000
1.000000 0.000000 -0.000000 -0.000000 0.000000 1.000000 -0.000000 0.000000 -0.000000 0.000000 1.000000 -0.472164 0.000000 0.000000 0.000000 1.000000
1.000000 0.000000 0.000000 0.000000 0.000000 1.000000 0.000000 0.000000 -0.000000 0.000000 1.000000 -0.472164 0.000000 0.000000 0.000000 1.000000
1.000000 0.000000 -0.000000 0.000000 0.000000 1.000000 0.000000 0.000000 0.000000 0.000000 1.000000 -0.472164 0.000000 0.000000 0.000000 1.000000
1.000000 -0.000000 0.000000 -0.000000 0.000000 1.000000 0.000000 0.000000 0.000000 0.000000 1.000000 -0.472164 0.000000 0.000000 0.000000 1.000000
1.000000 0.000000 -0.000000 0.000000 0.000000 1.000000 0.000000 0.000000 -0.000000 0.000000 1.000000 -0.472164 0.000000 0.000000 0.000000 1.000000
1.000000 0.000000 -0.000000 0.000000 0.000000 1.000000 0.000000 0.000000 0.000000 0.000000 1.000000 -0.472164 0.000000 0.000000 0.000000 1.000000
1.000000 -0.000000 0.000000 -0.000000 -0.000000 1.000000 -0.000000 0.000000 0.000000 -0.000000 1.000000 -0.472164 0.000000 0.000000 0.000000 1.000000
1.000000 -0.000000 0.000000 0.000000 0.000000 1.000000 0.000000 0.000000 -0.000000 0.000000 1.000000 -0.472164 0.000000 0.000000 0.000000 1.000000
1.000000 -0.000000 0.000000 0.000000 -0.000000 1.000000 -0.000000 0.000000 0.000000 0.000000 1.000000 -0.472164 0.000000 0.000000 0.000000 1.000000
1.000000 0.000000 -0.000000 0.000000 0.000000 1.000000 -0.000000 0.000000 0.000000 0.000000 1.000000 -0.472164 0.000000 0.000000 0.000000 1.000000
1.000000 0.000000 0.000000 -0.000000 0.000000 1.000000 -0.000000 0.000000 0.000000 0.000000 1.000000 -0.472164 0.000000 0.000000 0.000000 1.000000
1.000000 0.000000 -0.000000 0.000000 0.000000 1.000000 0.000000 0.000000 0.000000 0.000000 1.000000 -0.472164 0.000000 0.000000 0.000000 1.000000
1.000000 -0.000000 0.000000 -0.000000 -0.000000 1.000000 -0.000000 0.000000 0.000000 0.000000 1.000000 -0.472164 0.000000 0.000000 0.000000 1.000000
1.000000 0.000000 -0.000000 0.000000 0.000000 1.000000 -0.000000 0.000000 -0.000000 -0.000000 1.000000 -0.472164 0.000000 0.000000 0.000000 1.000000
1.000000 0.000000 0.000000 0.000000 -0.000000 1.000000 0.000000 -0.000000 -0.000000 0.000000 1.000000 -0.472164 0.000000 0.000000 0.000000 1.000000
1.000000 -0.000000 0.000000 0.000000 -0.000000 1.000000 0.000000 0.000000 -0.000000 0.000000 1.000000 -0.472164 0.000000 0.000000 0.000000 1.000000
1.000000 0.000000 -0.000000 0.000000 0.000000 1.000000 0.000000 0.000000 0.000000 -0.000000 1.000000 -0.472164 0.000000 0.000000 0.000000 1.000000
1.000000 -0.000000 -0.000000 0.000000 -0.000000 1.000000 0.000000 0.000000 0.000000 0.000000 1.000000 -0.472164 0.000000 0.000000 0.000000 1.000000
1.000000 0.000000 0.000000 0.000000 0.000000 1.000000 0.000000 0.000000 0.000000 0.000000 1.000000 -0.472164 0.000000 0.000000 0.000000 1.000000
1.000000 -0.000000 0.000000 0.000000 0.000000 1.000000 0.000000 0.000000 0.000000 0.000000 1.000000 -0.472164 0.000000 0.000000 0.000000 1.000000
1.000000 0.000000 -0.000000 0.000000 -0.000000 1.000000 -0.000000 0.000000 0.000000 0.000000 1.000000 -0.472164 0.000000 0.000000 0.000000 1.000000
1.000000 -0.000000 0.000000 -0.000000 -0.000000 1.000000 -0.000000 0.000000 0.000000 -0.000000 1.000000 -0.472164 0.000000 0.000000 0.000000 1.000000
1.000000 -0.000000 0.000000 0.000000 -0.000000 1.000000 0.000000 -0.000000 -0.000000 -0.000000 1.000000 -0.472164 0.000000 0.000000 0.000000 1.000000
1.000000 0.000000 0.000000 0.000000 -0.000000 1.000000 -0.000000 0.000000 0.000000 0.000000 1.000000 -0.472164 0.000000 0.000000 0.000000 1.000000
1.000000 0.000000 0.000000 -0.000000 -0.000000 1.000000 0.000000 -0.000000 0.000000 -0.000000 1.000000 -0.472164 0.000000 0.000000 0.000000 1.000000
1.000000 0.000000 -0.000000 0.000000 -0.000000 1.000000 0.000000 0.000000 0.000000 0.000000 1.000000 -0.472164 0.000000 0.000000 0.000000 1.000000
1.000000 0.000000 -0.000000 0.000000 0.000000 1.000000 0.000000 0.000000 0.000000 0.000000 1.000000 -0.472164 0.000000 0.000000 0.000000 1.000000
1.000000 0.000000 -0.000000 0.000000 -0.000000 1.000000 0.000000 0.000000 -0.000000 0.000000 1.000000 -0.472164 0.000000 0.000000 0.000000 1.000000
1.000000 -0.000000 0.000000 0.000000 0.000000 1.000000 0.000000 0.000000 -0.000000 -0.000000 1.000000 -0.472164 0.000000 0.000000 0.000000 1.000000
1.000000 -0.000000 -0.000000 0.000000 0.000000 1.000000 -0.000000 0.000000 -0.000000 0.000000 1.000000 -0.472164 0.000000 0.000000 0.000000 1.000000
1.000000 -0.000000 -0.000000 0.000000 -0.000000 1.000000 0.000000 0.000000 0.000000 0.000000 1.000000 -0.472164 0.000000 0.000000 0.000000 1.000000
1.000000 -0.000000 -0.000000 0.000000 0.000000 1.000000 0.000000 0.000000 0.000000 0.000000 1.000000 -0.472164 0.000000 0.000000 0.000000 1.000000
1.000000 -0.000000 -0.000000 -0.000000 0.000000 1.000000 0.000000 0.000000 0.000000 -0.000000 1.000000 -0.472164 0.000000 0.000000 0.000000 1.000000
1.000000 0.000000 0.000000 -0.000000 -0.000000 1.000000 -0.000000 0.000000 0.000000 0.000000 1.000000 -0.472164 0.000000 0.000000 0.000000 1.000000
1.000000 0.000000 0.000000 0.000000 0.000000 1.000000 0.000000 -0.000000 0.000000 0.000000 1.000000 -0.472164 0.000000 0.000000 0.000000 1.000000
1.000000 -0.000000 0.000000 0.000000 0.000000 1.000000 -0.000000 0.000000 0.000000 -0.000000 1.000000 -0.472164 0.000000 0.000000 0.000000 1.000000
1.000000 0.000000 0.000000 0.000000 -0.000000 1.000000 0.000000 -0.000000 0.000000 0.000000 1.000000 -0.472164 0.000000 0.000000 0.000000 1.000000
1.000000 0.000000 0.000000 0.000000 0.000000 1.000000 -0.000000 0.000000 0.000000 0.000000 1.000000 -0.472164 0.000000 0.000000 0.000000 1.000000
1.000000 -0.000000 0.000000 0.000000 -0.000000 1.000000 0.000000 0.000000 0.000000 0.000000 1.000000 -0.472164 0.000000 0.000000 0.000000 1.000000
1.000000 -0.000000 0.000000 0.000000 0.000000 1.000000 0.000000 0.000000 0.000000 0.000000 1.000000 -0.472164 0.000000 0.000000 0.000000 1.000000
1.000000 0.000000 0.000000 -0.000000 -0.000000 1.000000 0.000000 -0.000000 -0.000000 0.000000 1.000000 -0.472164 0.000000 0.000000 0.000000 1.000000
1.000000 -0.000000 0.000000 0.000000 -0.000000 1.000000 0.000000 -0.000000 -0.000000 0.000000 1.000000 -0.472164 0.000000 0.000000 0.000000 1.000000
1.000000 -0.000000 -0.000000 0.000000 -0.000000 1.000000 0.000000 0.000000 0.000000 0.000000 1.000000 -0.472164 0.000000 0.000000 0.000000 1.000000
1.000000 0.000000 -0.000000 0.000000 0.000000 1.000000 0.000000 -0.000000 -0.000000 0.000000 1.000000 -0.472164 0.000000 0.000000 0.000000 1.000000
1.000000 0.000000 0.000000 0.000000 0.000000 1.000000 0.000000 0.000000 0.000000 0.000000 1.000000 -0.472164 0.000000 0.000000 0.000000 1.000000
1.000000 0.000000 0.000000 0.000000 0.000000 1.000000 0.000000 0.000000 0.000000 0.000000 1.000000 -0.472164 0.000000 0.000000 0.000000 1.000000</float_array><technique_common><accessor source="#hips-Matrix-animation-output-transform-array" count="56" stride="16"><param type="float4x4"/></accessor></technique_common></source><source id="hips-Interpolations"><Name_array id="hips-Interpolations-array" count="56">
 LINEAR LINEAR LINEAR LINEAR LINEAR LINEAR LINEAR LINEAR LINEAR LINEAR LINEAR
LINEAR LINEAR LINEAR LINEAR LINEAR LINEAR LINEAR LINEAR LINEAR LINEAR LINEAR LINEAR
LINEAR LINEAR LINEAR LINEAR LINEAR LINEAR LINEAR LINEAR LINEAR LINEAR LINEAR LINEAR
LINEAR LINEAR LINEAR LINEAR LINEAR LINEAR LINEAR LINEAR LINEAR LINEAR LINEAR LINEAR
LINEAR LINEAR LINEAR LINEAR LINEAR LINEAR LINEAR LINEAR LINEAR</Name_array><technique_common><accessor source="#hips-Interpolations-array" count="56"><param type="name"/></accessor></technique_common></source><sampler id="hips-Matrix-animation-transform"><input semantic="INPUT" source="#hips-Matrix-animation-input"/><input semantic="OUTPUT" source="#hips-Matrix-animation-output-transform"/><input semantic="INTERPOLATION" source="#hips-Interpolations"/></sampler><channel source="#hips-Matrix-animation-transform" target="hips/matrix"/></animation><animation><source id="hips-visibility-animation-input"><float_array id="hips-visibility-animation-input-array" count="56">

0.033333 0.066667 0.100000 0.133333 0.166667 0.200000 0.233333 0.266667 0.300000 0.333333 0.366667 0.400000 0.433333 0.466667 0.500000 0.533333
0.566667 0.600000 0.633333 0.666667 0.700000 0.733333 0.766667 0.800000 0.833333 0.866667 0.900000 0.933333 0.966667 1.000000 1.033333 1.066667
1.100000 1.133333 1.166667 1.200000 1.233333 1.266667 1.300000 1.333333 1.366667 1.400000 1.433333 1.466667 1.500000 1.533333 1.566667 1.600000
1.633333 1.666667 1.700000 1.733333 1.766667 1.800000 1.833333 1.866667</float_array><technique_common><accessor source="#hips-visibility-animation-input-array" count="56"><param name="TIME" type="float"/></accessor></technique_common></source><source id="hips-visibility-animation-output"><float_array id="hips-visibility-animation-output-array" count="56">

1.000000 1.000000 1.000000 1.000000 1.000000 1.000000 1.000000 1.000000 1.000000 1.000000 1.000000 1.000000 1.000000 1.000000 1.000000 1.000000
1.000000 1.000000 1.000000 1.000000 1.000000 1.000000 1.000000 1.000000 1.000000 1.000000 1.000000 1.000000 1.000000 1.000000 1.000000 1.000000
1.000000 1.000000 1.000000 1.000000 1.000000 1.000000 1.000000 1.000000 1.000000 1.000000 1.000000 1.000000 1.000000 1.000000 1.000000 1.000000
1.000000 1.000000 1.000000 1.000000 1.000000 1.000000 1.000000 1.000000</float_array><technique_common><accessor source="#hips-visibility-animation-output-array" count="56"><param type="float"/></accessor></technique_common></source><source id="hips-visibility-animation-intan"><float_array id="hips-visibility-animation-intan-array" count="56">

0.000000 0.000000 0.000000 0.000000 0.000000 0.000000 0.000000 0.000000 0.000000 0.000000 0.000000 0.000000 0.000000 0.000000 0.000000 0.000000
0.000000 0.000000 0.000000 0.000000 0.000000 0.000000 0.000000 0.000000 0.000000 0.000000 0.000000 0.000000 0.000000 0.000000 0.000000 0.000000
0.000000 0.000000 0.000000 0.000000 0.000000 0.000000 0.000000 0.000000 0.000000 0.000000 0.000000 0.000000 0.000000 0.000000 0.000000 0.000000
0.000000 0.000000 0.000000 0.000000 0.000000 0.000000 0.000000 0.000000</float_array><technique_common><accessor source="#hips-visibility-animation-intan-array" count="56"><param type="float"/></accessor></technique_common></source><source id="hips-visibility-animation-outtan"><float_array id="hips-visibility-animation-outtan-array" count="56">

0.000000 0.000000 0.000000 0.000000 0.000000 0.000000 0.000000 0.000000 0.000000 0.000000 0.000000 0.000000 0.000000 0.000000 0.000000 0.000000
0.000000 0.000000 0.000000 0.000000 0.000000 0.000000 0.000000 0.000000 0.000000 0.000000 0.000000 0.000000 0.000000 0.000000 0.000000 0.000000
0.000000 0.000000 0.000000 0.000000 0.000000 0.000000 0.000000 0.000000 0.000000 0.000000 0.000000 0.000000 0.000000 0.000000 0.000000 0.000000
0.000000 0.000000 0.000000 0.000000 0.000000 0.000000 0.000000 0.000000</float_array><technique_common><accessor source="#hips-visibility-animation-outtan-array" count="56"><param type="float"/></accessor></technique_common></source><source id="hips-visibility-animation-interpolation"><Name_array id="hips-visibility-animation-interpolation-array" count="56">
 BEZIER BEZIER BEZIER BEZIER BEZIER BEZIER BEZIER BEZIER BEZIER BEZIER BEZIER
BEZIER BEZIER BEZIER BEZIER BEZIER BEZIER BEZIER BEZIER BEZIER BEZIER BEZIER BEZIER
BEZIER BEZIER BEZIER BEZIER BEZIER BEZIER BEZIER BEZIER BEZIER BEZIER BEZIER BEZIER
BEZIER BEZIER BEZIER BEZIER BEZIER BEZIER BEZIER BEZIER BEZIER BEZIER BEZIER BEZIER
BEZIER BEZIER BEZIER BEZIER BEZIER BEZIER BEZIER BEZIER BEZIER</Name_array><technique_common><accessor source="#hips-visibility-animation-interpolation-array" count="56"><param type="name"/></accessor></technique_common></source><sampler id="hips-visibility-animation"><input semantic="INPUT" source="#hips-visibility-animation-input"/><input semantic="OUTPUT" source="#hips-visibility-animation-output"/><input semantic="IN_TANGENT" source="#hips-visibility-animation-intan"/><input semantic="OUT_TANGENT" source="#hips-visibility-animation-outtan"/><input semantic="INTERPOLATION" source="#hips-visibility-animation-interpolation"/></sampler><channel source="#hips-visibility-animation" target="hips/visibility"/></animation></animation>
    <animation id="LeftBackLeg-anim" name="LeftBackLeg"><animation><source id="LeftBackLeg-Matrix-animation-input"><float_array id="LeftBackLeg-Matrix-animation-input-array" count="56">

0.033333 0.066667 0.100000 0.133333 0.166667 0.200000 0.233333 0.266667 0.300000 0.333333 0.366667 0.400000 0.433333 0.466667 0.500000 0.533333
0.566667 0.600000 0.633333 0.666667 0.700000 0.733333 0.766667 0.800000 0.833333 0.866667 0.900000 0.933333 0.966667 1.000000 1.033333 1.066667
1.100000 1.133333 1.166667 1.200000 1.233333 1.266667 1.300000 1.333333 1.366667 1.400000 1.433333 1.466667 1.500000 1.533333 1.566667 1.600000
1.633333 1.666667 1.700000 1.733333 1.766667 1.800000 1.833333 1.866667</float_array><technique_common><accessor source="#LeftBackLeg-Matrix-animation-input-array" count="56"><param name="TIME" type="float"/></accessor></technique_common></source><source id="LeftBackLeg-Matrix-animation-output-transform"><float_array id="LeftBackLeg-Matrix-animation-output-transform-array" count="896">

0.986644 -0.162864 -0.003143 0.294680 0.160579 0.975682 -0.149195 -0.032709 0.027365 0.146698 0.988803 -0.050545 0.000000 0.000000 0.000000 1.000000
0.985183 -0.171431 -0.005054 0.294680 0.168790 0.974385 -0.148607 -0.032709 0.030400 0.145552 0.988883 -0.050545 0.000000 0.000000 0.000000 1.000000
0.981061 -0.193369 -0.011325 0.294680 0.189801 0.971339 -0.143096 -0.032709 0.038671 0.138236 0.989644 -0.050545 0.000000 0.000000 0.000000 1.000000
0.975054 -0.220653 -0.024115 0.294680 0.216096 0.968468 -0.123986 -0.032709 0.050712 0.115682 0.991991 -0.050545 0.000000 0.000000 0.000000 1.000000
0.968697 -0.243684 -0.047373 0.294680 0.239391 0.967489 -0.081586 -0.032709 0.065714 0.067691 0.995540 -0.050545 0.000000 0.000000 0.000000 1.000000
0.963911 -0.252017 -0.085811 0.294680 0.252315 0.967616 -0.007541 -0.032709 0.084932 -0.014383 0.996283 -0.050545 0.000000 0.000000 0.000000 1.000000
0.961703 -0.234227 -0.142357 0.294680 0.249779 0.962777 0.103301 -0.032709 0.112862 -0.134903 0.984410 -0.050545 0.000000 0.000000 0.000000 1.000000
0.960299 -0.178302 -0.214554 0.294680 0.230506 0.940346 0.250233 -0.032709 0.157137 -0.289755 0.944113 -0.050545 0.000000 0.000000 0.000000 1.000000
0.958447 -0.141539 -0.247680 0.294680 0.218890 0.921665 0.320345 -0.032709 0.182937 -0.361248 0.914349 -0.050545 0.000000 0.000000 0.000000 1.000000
0.959141 -0.191438 -0.208327 0.294680 0.238305 0.943534 0.230118 -0.032709 0.152511 -0.270361 0.950603 -0.050545 0.000000 0.000000 0.000000 1.000000
0.954516 -0.273025 -0.119820 0.294680 0.279149 0.959520 0.037378 -0.032709 0.104764 -0.069126 0.992092 -0.050545 0.000000 0.000000 0.000000 1.000000
0.944288 -0.328445 -0.021055 0.294680 0.320057 0.931316 -0.173823 -0.032709 0.076700 0.157400 0.984552 -0.050545 0.000000 0.000000 0.000000 1.000000
0.937606 -0.344258 0.048800 0.294680 0.340556 0.880951 -0.328551 -0.032709 0.070116 0.324671 0.943225 -0.050545 0.000000 0.000000 0.000000 1.000000
0.935488 -0.342942 0.085169 0.294680 0.346069 0.840470 -0.416949 -0.032709 0.071407 0.419525 0.904931 -0.050545 0.000000 0.000000 0.000000 1.000000
0.928793 -0.350083 0.121600 0.294680 0.361350 0.782625 -0.506876 -0.032709 0.082281 0.514723 0.853399 -0.050545 0.000000 0.000000 0.000000 1.000000
0.921569 -0.353446 0.160585 0.294680 0.374717 0.701724 -0.605947 -0.032709 0.101483 0.618595 0.779128 -0.050545 0.000000 0.000000 0.000000 1.000000
0.923442 -0.339817 0.178268 0.294680 0.367050 0.646679 -0.668641 -0.032709 0.111934 0.682885 0.721900 -0.050545 0.000000 0.000000 0.000000 1.000000
0.945850 -0.287333 0.151019 0.294680 0.313732 0.689818 -0.652475 -0.032709 0.083302 0.664523 0.742610 -0.050545 0.000000 0.000000 0.000000 1.000000
0.974909 -0.196961 0.103725 0.294680 0.220886 0.798178 -0.560465 -0.032709 0.027599 0.569314 0.821657 -0.050545 0.000000 0.000000 0.000000 1.000000
0.991558 -0.107048 0.073170 0.294680 0.128502 0.886683 -0.444162 -0.032709 -0.017332 0.449815 0.892953 -0.050545 0.000000 0.000000 0.000000 1.000000
0.995490 -0.069155 0.064946 0.294680 0.089101 0.916613 -0.389721 -0.032709 -0.032579 0.393750 0.918640 -0.050545 0.000000 0.000000 0.000000 1.000000
0.994936 -0.075660 0.066164 0.294680 0.095889 0.911818 -0.399241 -0.032709 -0.030123 0.403564 0.914456 -0.050545 0.000000 0.000000 0.000000 1.000000
0.994309 -0.082287 0.067671 0.294680 0.102907 0.906213 -0.410108 -0.032709 -0.027578 0.414737 0.909523 -0.050545 0.000000 0.000000 0.000000 1.000000
0.993646 -0.088571 0.069440 0.294680 0.109711 0.899891 -0.422090 -0.032709 -0.025104 0.427026 0.903891 -0.050545 0.000000 0.000000 0.000000 1.000000
0.993003 -0.094043 0.071422 0.294680 0.115854 0.892963 -0.434966 -0.032709 -0.022871 0.440197 0.897610 -0.050545 0.000000 0.000000 0.000000 1.000000
0.992444 -0.098226 0.073532 0.294680 0.120879 0.885564 -0.448515 -0.032709 -0.021061 0.454014 0.890746 -0.050545 0.000000 0.000000 0.000000 1.000000
0.992042 -0.100637 0.075661 0.294680 0.124328 0.877848 -0.462521 -0.032709 -0.019872 0.468247 0.883374 -0.050545 0.000000 0.000000 0.000000 1.000000
0.991872 -0.100783 0.077669 0.294680 0.125732 0.869997 -0.476757 -0.032709 -0.019522 0.482648 0.875597 -0.050545 0.000000 0.000000 0.000000 1.000000
0.991998 -0.098163 0.079394 0.294680 0.124615 0.862214 -0.490976 -0.032709 -0.020259 0.496941 0.867548 -0.050545 0.000000 0.000000 0.000000 1.000000
0.992462 -0.092265 0.080660 0.294680 0.120495 0.854729 -0.504895 -0.032709 -0.022358 0.510809 0.859404 -0.050545 0.000000 0.000000 0.000000 1.000000
0.993264 -0.082565 0.081294 0.294680 0.112883 0.847790 -0.518179 -0.032709 -0.026137 0.523866 0.851400 -0.050545 0.000000 0.000000 0.000000 1.000000
0.994344 -0.068526 0.081145 0.294680 0.101290 0.841661 -0.530421 -0.032709 -0.031949 0.535640 0.843842 -0.050545 0.000000 0.000000 0.000000 1.000000
0.995550 -0.049601 0.080122 0.294680 0.085232 0.836612 -0.541125 -0.032709 -0.040190 0.545546 0.837116 -0.050545 0.000000 0.000000 0.000000 1.000000
0.996615 -0.025245 0.078238 0.294680 0.064250 0.832901 -0.549679 -0.032709 -0.051288 0.552846 0.831704 -0.050545 0.000000 0.000000 0.000000 1.000000
0.997120 0.005084 0.075669 0.294680 0.037908 0.830753 -0.555349 -0.032709 -0.065686 0.556618 0.828167 -0.050545 0.000000 0.000000 0.000000 1.000000
0.997079 0.016713 0.074531 0.294680 0.028796 0.821513 -0.569463 -0.032709 -0.070746 0.569945 0.818631 -0.050545 0.000000 0.000000 0.000000 1.000000
0.997011 -0.008110 0.076837 0.294680 0.052541 0.800310 -0.597280 -0.032709 -0.056649 0.599532 0.798344 -0.050545 0.000000 0.000000 0.000000 1.000000
0.994671 -0.058776 0.084708 0.294680 0.099023 0.773421 -0.626111 -0.032709 -0.028715 0.631163 0.775119 -0.050545 0.000000 0.000000 0.000000 1.000000
0.987156 -0.125391 0.098999 0.294680 0.159626 0.748581 -0.643542 -0.032709 0.006585 0.651079 0.758982 -0.050545 0.000000 0.000000 0.000000 1.000000
0.973258 -0.198198 0.116128 0.294680 0.225948 0.734814 -0.639528 -0.032709 0.041421 0.648664 0.759947 -0.050545 0.000000 0.000000 0.000000 1.000000
0.955413 -0.266307 0.127538 0.294680 0.287433 0.739950 -0.608158 -0.032709 0.067585 0.617701 0.783504 -0.050545 0.000000 0.000000 0.000000 1.000000
0.940580 -0.316342 0.123435 0.294680 0.330194 0.767207 -0.549878 -0.032709 0.079249 0.557962 0.826074 -0.050545 0.000000 0.000000 0.000000 1.000000
0.934277 -0.346198 0.085285 0.294680 0.347864 0.832593 -0.431022 -0.032709 0.078211 0.432362 0.898302 -0.050545 0.000000 0.000000 0.000000 1.000000
0.937578 -0.347702 -0.007184 0.294680 0.337912 0.915675 -0.217610 -0.032709 0.082242 0.201598 0.976009 -0.050545 0.000000 0.000000 0.000000 1.000000
0.946283 -0.293950 -0.134688 0.294680 0.302119 0.952236 0.044401 -0.032709 0.115203 -0.082708 0.989893 -0.050545 0.000000 0.000000 0.000000 1.000000
0.950489 -0.191462 -0.244771 0.294680 0.257060 0.927004 0.273099 -0.032709 0.174615 -0.322498 0.930325 -0.050545 0.000000 0.000000 0.000000 1.000000
0.950508 -0.108509 -0.291135 0.294680 0.222125 0.892501 0.392559 -0.032709 0.217242 -0.437799 0.872432 -0.050545 0.000000 0.000000 0.000000 1.000000
0.957101 -0.125238 -0.261292 0.294680 0.214842 0.911809 0.349925 -0.032709 0.194424 -0.391051 0.899599 -0.050545 0.000000 0.000000 0.000000 1.000000
0.964419 -0.181749 -0.191998 0.294680 0.222587 0.950060 0.218724 -0.032709 0.142657 -0.253678 0.956711 -0.050545 0.000000 0.000000 0.000000 1.000000
0.969122 -0.209457 -0.130118 0.294680 0.223230 0.969400 0.102141 -0.032709 0.104742 -0.128033 0.986223 -0.050545 0.000000 0.000000 0.000000 1.000000
0.973528 -0.213887 -0.080597 0.294680 0.215133 0.976560 0.007003 -0.032709 0.077210 -0.024157 0.996722 -0.050545 0.000000 0.000000 0.000000 1.000000
0.978204 -0.202779 -0.044693 0.294680 0.199758 0.977749 -0.064055 -0.032709 0.056688 0.053731 0.996945 -0.050545 0.000000 0.000000 0.000000 1.000000
0.982528 -0.184917 -0.021086 0.294680 0.181472 0.976998 -0.111991 -0.032709 0.041310 0.106208 0.993485 -0.050545 0.000000 0.000000 0.000000 1.000000
0.985559 -0.169160 -0.007657 0.294680 0.166451 0.976102 -0.139708 -0.032709 0.031107 0.136416 0.990163 -0.050545 0.000000 0.000000 0.000000 1.000000
0.986644 -0.162864 -0.003143 0.294680 0.160579 0.975682 -0.149195 -0.032709 0.027365 0.146698 0.988803 -0.050545 0.000000 0.000000 0.000000 1.000000
1.000000 0.000000 0.000000 0.294680 0.000000 1.000000 0.000000 -0.032709 0.000000 0.000000 1.000000 -0.050545 0.000000 0.000000 0.000000 1.000000</float_array><technique_common><accessor source="#LeftBackLeg-Matrix-animation-output-transform-array" count="56" stride="16"><param type="float4x4"/></accessor></technique_common></source><source id="LeftBackLeg-Interpolations"><Name_array id="LeftBackLeg-Interpolations-array" count="56">
 LINEAR LINEAR LINEAR LINEAR LINEAR LINEAR LINEAR LINEAR LINEAR LINEAR LINEAR
LINEAR LINEAR LINEAR LINEAR LINEAR LINEAR LINEAR LINEAR LINEAR LINEAR LINEAR LINEAR
LINEAR LINEAR LINEAR LINEAR LINEAR LINEAR LINEAR LINEAR LINEAR LINEAR LINEAR LINEAR
LINEAR LINEAR LINEAR LINEAR LINEAR LINEAR LINEAR LINEAR LINEAR LINEAR LINEAR LINEAR
