<?xml version="1.0" encoding="utf-8"?>
<COLLADA xmlns="http://www.collada.org/2005/11/COLLADASchema" version="1.4.1">
  <asset><contributor><author></author><authoring_tool>FBX COLLADA exporter</authoring_tool><comments></comments></contributor><created>2014-06-04T15:33:28Z</created><keywords></keywords><modified>2014-06-04T15:33:28Z</modified><revision></revision><subject></subject><title></title><unit meter="0.010000" name="centimeter"></unit><up_axis>Y_UP</up_axis></asset>
  <library_animations>
    <animation id="Root-anim" name="Root"><animation><source id="Root-Matrix-animation-input"><float_array id="Root-Matrix-animation-input-array" count="91">

0.033333 0.066667 0.100000 0.133333 0.166667 0.200000 0.233333 0.266667 0.300000 0.333333 0.366667 0.400000 0.433333 0.466667 0.500000 0.533333
0.566667 0.600000 0.633333 0.666667 0.700000 0.733333 0.766667 0.800000 0.833333 0.866667 0.900000 0.933333 0.966667 1.000000 1.033333 1.066667
1.100000 1.133333 1.166667 1.200000 1.233333 1.266667 1.300000 1.333333 1.366667 1.400000 1.433333 1.466667 1.500000 1.533333 1.566667 1.600000
1.633333 1.666667 1.700000 1.733333 1.766667 1.800000 1.833333 1.866667 1.900000 1.933333 1.966667 2.000000 2.033333 2.066667 2.100000 2.133333
2.166667 2.200000 2.233333 2.266667 2.300000 2.333333 2.366667 2.400000 2.433333 2.466667 2.500000 2.533333 2.566667 2.600000 2.633333 2.666667
2.700000 2.733333 2.766667 2.800000 2.833333 2.866667 2.900000 2.933333 2.966667 3.000000 3.033333</float_array><technique_common><accessor source="#Root-Matrix-animation-input-array" count="91"><param name="TIME" type="float"/></accessor></technique_common></source><source id="Root-Matrix-animation-output-transform"><float_array id="Root-Matrix-animation-output-transform-array" count="1456">

0.999897 -0.014317 -0.001111 0.000000 0.014360 0.996900 0.077357 0.255515 0.000000 -0.077365 0.997003 -0.028853 0.000000 0.000000 0.000000 1.000000
0.999897 -0.014282 -0.001110 0.000000 0.014325 0.996901 0.077357 0.255198 0.000002 -0.077365 0.997003 -0.028853 0.000000 0.000000 0.000000 1.000000
0.999899 -0.014179 -0.001108 0.000000 0.014222 0.996902 0.077357 0.254860 0.000008 -0.077365 0.997003 -0.028853 0.000000 0.000000 0.000000 1.000000
0.999901 -0.014010 -0.001104 0.000000 0.014054 0.996904 0.077357 0.254504 0.000017 -0.077365 0.997003 -0.028853 0.000000 0.000000 0.000000 1.000000
0.999904 -0.013779 -0.001099 0.000000 0.013823 0.996908 0.077357 0.254132 0.000030 -0.077365 0.997003 -0.028853 0.000000 0.000000 0.000000 1.000000
0.999908 -0.013489 -0.001093 0.000000 0.013533 0.996912 0.077357 0.253747 0.000046 -0.077365 0.997003 -0.028853 0.000000 0.000000 0.000000 1.000000
0.999913 -0.013142 -0.001085 0.000000 0.013186 0.996916 0.077357 0.253353 0.000066 -0.077365 0.997003 -0.028853 0.000000 0.000000 0.000000 1.000000
0.999918 -0.012740 -0.001077 0.000000 0.012785 0.996921 0.077357 0.252951 0.000088 -0.077364 0.997003 -0.028853 0.000000 0.000000 0.000000 1.000000
0.999924 -0.012288 -0.001067 0.000000 0.012334 0.996927 0.077357 0.252546 0.000113 -0.077364 0.997003 -0.028853 0.000000 0.000000 0.000000 1.000000
0.999930 -0.011787 -0.001056 0.000000 0.011834 0.996933 0.077357 0.252140 0.000141 -0.077364 0.997003 -0.028853 0.000000 0.000000 0.000000 1.000000
0.999936 -0.011241 -0.001044 0.000000 0.011289 0.996940 0.077357 0.251736 0.000171 -0.077363 0.997003 -0.028853 0.000000 0.000000 0.000000 1.000000
0.999943 -0.010653 -0.001031 0.000000 0.010701 0.996946 0.077356 0.251336 0.000204 -0.077363 0.997003 -0.028853 0.000000 0.000000 0.000000 1.000000
0.999949 -0.010025 -0.001018 0.000000 0.010073 0.996953 0.077356 0.250945 0.000239 -0.077363 0.997003 -0.028853 0.000000 0.000000 0.000000 1.000000
0.999956 -0.009359 -0.001003 0.000000 0.009409 0.996959 0.077356 0.250564 0.000276 -0.077362 0.997003 -0.028853 0.000000 0.000000 0.000000 1.000000
0.999962 -0.008660 -0.000988 0.000000 0.008711 0.996965 0.077356 0.250197 0.000315 -0.077362 0.997003 -0.028853 0.000000 0.000000 0.000000 1.000000
0.999968 -0.007930 -0.000972 0.000000 0.007981 0.996972 0.077356 0.249846 0.000356 -0.077361 0.997003 -0.028853 0.000000 0.000000 0.000000 1.000000
0.999974 -0.007171 -0.000956 0.000000 0.007223 0.996977 0.077356 0.249515 0.000398 -0.077361 0.997003 -0.028853 0.000000 0.000000 0.000000 1.000000
0.999979 -0.006386 -0.000939 0.000000 0.006440 0.996983 0.077356 0.249206 0.000442 -0.077361 0.997003 -0.028853 0.000000 0.000000 0.000000 1.000000
0.999984 -0.005579 -0.000921 0.000000 0.005634 0.996988 0.077356 0.248923 0.000487 -0.077360 0.997003 -0.028853 0.000000 0.000000 0.000000 1.000000
0.999988 -0.004752 -0.000903 0.000000 0.004808 0.996992 0.077356 0.248668 0.000533 -0.077360 0.997003 -0.028853 0.000000 0.000000 0.000000 1.000000
0.999992 -0.003908 -0.000885 0.000000 0.003965 0.996996 0.077356 0.248444 0.000580 -0.077359 0.997003 -0.028853 0.000000 0.000000 0.000000 1.000000
0.999995 -0.003050 -0.000867 0.000000 0.003108 0.996999 0.077356 0.248255 0.000628 -0.077359 0.997003 -0.028853 0.000000 0.000000 0.000000 1.000000
0.999997 -0.002180 -0.000848 0.000000 0.002239 0.997001 0.077356 0.248102 0.000676 -0.077358 0.997003 -0.028853 0.000000 0.000000 0.000000 1.000000
0.999999 -0.001302 -0.000829 0.000000 0.001362 0.997003 0.077356 0.247989 0.000725 -0.077358 0.997003 -0.028853 0.000000 0.000000 0.000000 1.000000
1.000000 -0.000418 -0.000809 0.000000 0.000479 0.997003 0.077357 0.247920 0.000775 -0.077357 0.997003 -0.028853 0.000000 0.000000 0.000000 1.000000
1.000000 0.000469 -0.000790 0.000000 -0.000406 0.997003 0.077357 0.247896 0.000824 -0.077356 0.997003 -0.028853 0.000000 0.000000 0.000000 1.000000
0.999999 0.001355 -0.000771 0.000000 -0.001292 0.997003 0.077357 0.247921 0.000874 -0.077356 0.997003 -0.028853 0.000000 0.000000 0.000000 1.000000
0.999997 0.002239 -0.000752 0.000000 -0.002174 0.997001 0.077357 0.247996 0.000923 -0.077355 0.997003 -0.028853 0.000000 0.000000 0.000000 1.000000
0.999995 0.003117 -0.000733 0.000000 -0.003051 0.996999 0.077358 0.248118 0.000972 -0.077355 0.997003 -0.028853 0.000000 0.000000 0.000000 1.000000
0.999992 0.003987 -0.000714 0.000000 -0.003920 0.996996 0.077358 0.248285 0.001020 -0.077354 0.997003 -0.028853 0.000000 0.000000 0.000000 1.000000
0.999988 0.004845 -0.000695 0.000000 -0.004777 0.996992 0.077358 0.248493 0.001068 -0.077354 0.997003 -0.028853 0.000000 0.000000 0.000000 1.000000
0.999984 0.005689 -0.000677 0.000000 -0.005620 0.996988 0.077358 0.248741 0.001115 -0.077353 0.997003 -0.028853 0.000000 0.000000 0.000000 1.000000
0.999979 0.006516 -0.000659 0.000000 -0.006446 0.996982 0.077359 0.249025 0.001161 -0.077353 0.997003 -0.028853 0.000000 0.000000 0.000000 1.000000
0.999973 0.007324 -0.000642 0.000000 -0.007252 0.996977 0.077359 0.249344 0.001206 -0.077352 0.997003 -0.028853 0.000000 0.000000 0.000000 1.000000
0.999967 0.008108 -0.000625 0.000000 -0.008035 0.996971 0.077359 0.249694 0.001250 -0.077352 0.997003 -0.028853 0.000000 0.000000 0.000000 1.000000
0.999961 0.008867 -0.000608 0.000000 -0.008793 0.996964 0.077360 0.250074 0.001292 -0.077351 0.997003 -0.028853 0.000000 0.000000 0.000000 1.000000
0.999954 0.009597 -0.000592 0.000000 -0.009523 0.996958 0.077360 0.250480 0.001333 -0.077351 0.997003 -0.028853 0.000000 0.000000 0.000000 1.000000
0.999947 0.010297 -0.000577 0.000000 -0.010221 0.996951 0.077361 0.250911 0.001372 -0.077351 0.997003 -0.028853 0.000000 0.000000 0.000000 1.000000
0.999940 0.010962 -0.000563 0.000000 -0.010886 0.996944 0.077361 0.251363 0.001409 -0.077350 0.997003 -0.028853 0.000000 0.000000 0.000000 1.000000
0.999933 0.011590 -0.000549 0.000000 -0.011513 0.996937 0.077361 0.251834 0.001444 -0.077350 0.997003 -0.028853 0.000000 0.000000 0.000000 1.000000
0.999926 0.012179 -0.000536 0.000000 -0.012101 0.996930 0.077362 0.252321 0.001477 -0.077349 0.997003 -0.028853 0.000000 0.000000 0.000000 1.000000
0.999919 0.012725 -0.000524 0.000000 -0.012646 0.996923 0.077362 0.252823 0.001507 -0.077349 0.997003 -0.028853 0.000000 0.000000 0.000000 1.000000
0.999912 0.013225 -0.000514 0.000000 -0.013146 0.996916 0.077362 0.253336 0.001535 -0.077349 0.997003 -0.028853 0.000000 0.000000 0.000000 1.000000
0.999906 0.013678 -0.000504 0.000000 -0.013598 0.996910 0.077363 0.253857 0.001560 -0.077349 0.997003 -0.028853 0.000000 0.000000 0.000000 1.000000
0.999901 0.014079 -0.000495 0.000000 -0.013998 0.996905 0.077363 0.254385 0.001583 -0.077348 0.997003 -0.028853 0.000000 0.000000 0.000000 1.000000
0.999896 0.014426 -0.000488 0.000000 -0.014345 0.996900 0.077363 0.254917 0.001602 -0.077348 0.997003 -0.028853 0.000000 0.000000 0.000000 1.000000
0.999892 0.014717 -0.000481 0.000000 -0.014635 0.996896 0.077363 0.255450 0.001618 -0.077348 0.997003 -0.028853 0.000000 0.000000 0.000000 1.000000
0.999888 0.014947 -0.000476 0.000000 -0.014866 0.996892 0.077364 0.255982 0.001631 -0.077348 0.997003 -0.028853 0.000000 0.000000 0.000000 1.000000
0.999886 0.015116 -0.000473 0.000000 -0.015034 0.996890 0.077364 0.256510 0.001641 -0.077348 0.997003 -0.028853 0.000000 0.000000 0.000000 1.000000
0.999884 0.015219 -0.000470 0.000000 -0.015137 0.996888 0.077364 0.257032 0.001646 -0.077348 0.997003 -0.028853 0.000000 0.000000 0.000000 1.000000
0.999884 0.015254 -0.000470 0.000000 -0.015172 0.996887 0.077364 0.257545 0.001648 -0.077348 0.997003 -0.028853 0.000000 0.000000 0.000000 1.000000
0.999884 0.015199 -0.000471 0.000000 -0.015117 0.996888 0.077364 0.258046 0.001645 -0.077348 0.997003 -0.028853 0.000000 0.000000 0.000000 1.000000
0.999887 0.015040 -0.000474 0.000000 -0.014958 0.996891 0.077364 0.258534 0.001636 -0.077348 0.997003 -0.028853 0.000000 0.000000 0.000000 1.000000
0.999891 0.014780 -0.000480 0.000000 -0.014699 0.996895 0.077363 0.259005 0.001622 -0.077348 0.997003 -0.028853 0.000000 0.000000 0.000000 1.000000
0.999896 0.014426 -0.000488 0.000000 -0.014345 0.996900 0.077363 0.259457 0.001602 -0.077348 0.997003 -0.028853 0.000000 0.000000 0.000000 1.000000
0.999902 0.013983 -0.000497 0.000000 -0.013903 0.996906 0.077363 0.259887 0.001577 -0.077348 0.997003 -0.028853 0.000000 0.000000 0.000000 1.000000
0.999909 0.013458 -0.000509 0.000000 -0.013378 0.996913 0.077363 0.260294 0.001548 -0.077349 0.997003 -0.028853 0.000000 0.000000 0.000000 1.000000
0.999917 0.012854 -0.000522 0.000000 -0.012775 0.996921 0.077362 0.260673 0.001514 -0.077349 0.997003 -0.028853 0.000000 0.000000 0.000000 1.000000
0.999926 0.012179 -0.000536 0.000000 -0.012101 0.996930 0.077362 0.261024 0.001477 -0.077349 0.997003 -0.028853 0.000000 0.000000 0.000000 1.000000
0.999934 0.011437 -0.000552 0.000000 -0.011360 0.996938 0.077361 0.261342 0.001435 -0.077350 0.997003 -0.028853 0.000000 0.000000 0.000000 1.000000
0.999943 0.010634 -0.000570 0.000000 -0.010558 0.996947 0.077361 0.261627 0.001391 -0.077350 0.997003 -0.028853 0.000000 0.000000 0.000000 1.000000
0.999952 0.009775 -0.000588 0.000000 -0.009701 0.996956 0.077360 0.261874 0.001343 -0.077351 0.997003 -0.028853 0.000000 0.000000 0.000000 1.000000
0.999961 0.008867 -0.000608 0.000000 -0.008793 0.996964 0.077360 0.262083 0.001292 -0.077351 0.997003 -0.028853 0.000000 0.000000 0.000000 1.000000
0.999968 0.007914 -0.000629 0.000000 -0.007842 0.996972 0.077359 0.262249 0.001239 -0.077352 0.997003 -0.028853 0.000000 0.000000 0.000000 1.000000
0.999976 0.006923 -0.000650 0.000000 -0.006852 0.996980 0.077359 0.262371 0.001184 -0.077353 0.997003 -0.028853 0.000000 0.000000 0.000000 1.000000
0.999982 0.005898 -0.000673 0.000000 -0.005828 0.996986 0.077359 0.262446 0.001127 -0.077353 0.997003 -0.028853 0.000000 0.000000 0.000000 1.000000
0.999988 0.004845 -0.000695 0.000000 -0.004777 0.996992 0.077358 0.262472 0.001068 -0.077354 0.997003 -0.028853 0.000000 0.000000 0.000000 1.000000
0.999993 0.003771 -0.000719 0.000000 -0.003704 0.996997 0.077358 0.262448 0.001008 -0.077354 0.997003 -0.028853 0.000000 0.000000 0.000000 1.000000
0.999996 0.002679 -0.000742 0.000000 -0.002614 0.997000 0.077357 0.262379 0.000947 -0.077355 0.997003 -0.028853 0.000000 0.000000 0.000000 1.000000
0.999998 0.001577 -0.000766 0.000000 -0.001513 0.997002 0.077357 0.262268 0.000886 -0.077356 0.997003 -0.028853 0.000000 0.000000 0.000000 1.000000
1.000000 0.000469 -0.000790 0.000000 -0.000406 0.997003 0.077357 0.262118 0.000824 -0.077356 0.997003 -0.028853 0.000000 0.000000 0.000000 1.000000
0.999999 -0.000639 -0.000814 0.000000 0.000700 0.997003 0.077357 0.261931 0.000762 -0.077357 0.997003 -0.028853 0.000000 0.000000 0.000000 1.000000
0.999998 -0.001742 -0.000838 0.000000 0.001801 0.997002 0.077356 0.261711 0.000701 -0.077358 0.997003 -0.028853 0.000000 0.000000 0.000000 1.000000
0.999996 -0.002833 -0.000862 0.000000 0.002891 0.996999 0.077356 0.261461 0.000640 -0.077358 0.997003 -0.028853 0.000000 0.000000 0.000000 1.000000
0.999992 -0.003908 -0.000885 0.000000 0.003965 0.996996 0.077356 0.261184 0.000580 -0.077359 0.997003 -0.028853 0.000000 0.000000 0.000000 1.000000
0.999987 -0.004960 -0.000908 0.000000 0.005016 0.996991 0.077356 0.260882 0.000522 -0.077360 0.997003 -0.028853 0.000000 0.000000 0.000000 1.000000
0.999982 -0.005985 -0.000930 0.000000 0.006039 0.996985 0.077356 0.260559 0.000464 -0.077360 0.997003 -0.028853 0.000000 0.000000 0.000000 1.000000
0.999975 -0.006977 -0.000952 0.000000 0.007030 0.996979 0.077356 0.260219 0.000409 -0.077361 0.997003 -0.028853 0.000000 0.000000 0.000000 1.000000
0.999968 -0.007930 -0.000972 0.000000 0.007981 0.996972 0.077356 0.259863 0.000356 -0.077361 0.997003 -0.028853 0.000000 0.000000 0.000000 1.000000
0.999960 -0.008838 -0.000992 0.000000 0.008888 0.996964 0.077356 0.259495 0.000305 -0.077362 0.997003 -0.028853 0.000000 0.000000 0.000000 1.000000
0.999952 -0.009696 -0.001011 0.000000 0.009746 0.996956 0.077356 0.259118 0.000258 -0.077362 0.997003 -0.028853 0.000000 0.000000 0.000000 1.000000
0.999944 -0.010499 -0.001028 0.000000 0.010548 0.996948 0.077356 0.258735 0.000213 -0.077363 0.997003 -0.028853 0.000000 0.000000 0.000000 1.000000
0.999936 -0.011242 -0.001044 0.000000 0.011289 0.996940 0.077357 0.258349 0.000171 -0.077363 0.997003 -0.028853 0.000000 0.000000 0.000000 1.000000
0.999928 -0.011917 -0.001059 0.000000 0.011963 0.996932 0.077357 0.257963 0.000134 -0.077364 0.997003 -0.028853 0.000000 0.000000 0.000000 1.000000
0.999921 -0.012520 -0.001072 0.000000 0.012566 0.996924 0.077357 0.257580 0.000100 -0.077364 0.997003 -0.028853 0.000000 0.000000 0.000000 1.000000
0.999914 -0.013046 -0.001083 0.000000 0.013091 0.996918 0.077357 0.257203 0.000071 -0.077364 0.997003 -0.028853 0.000000 0.000000 0.000000 1.000000
0.999908 -0.013489 -0.001093 0.000000 0.013533 0.996912 0.077357 0.256835 0.000046 -0.077365 0.997003 -0.028853 0.000000 0.000000 0.000000 1.000000
0.999904 -0.013843 -0.001101 0.000000 0.013886 0.996907 0.077357 0.256479 0.000026 -0.077365 0.997003 -0.028853 0.000000 0.000000 0.000000 1.000000
0.999900 -0.014102 -0.001106 0.000000 0.014146 0.996903 0.077357 0.256139 0.000012 -0.077365 0.997003 -0.028853 0.000000 0.000000 0.000000 1.000000
0.999898 -0.014262 -0.001110 0.000000 0.014305 0.996901 0.077357 0.255816 0.000003 -0.077365 0.997003 -0.028853 0.000000 0.000000 0.000000 1.000000
1.000000 0.000000 0.000000 0.000000 0.000000 1.000000 0.000000 0.255515 0.000000 0.000000 1.000000 -0.028853 0.000000 0.000000 0.000000 1.000000</float_array><technique_common><accessor source="#Root-Matrix-animation-output-transform-array" count="91" stride="16"><param type="float4x4"/></accessor></technique_common></source><source id="Root-Interpolations"><Name_array id="Root-Interpolations-array" count="91">
 LINEAR LINEAR LINEAR LINEAR LINEAR LINEAR LINEAR LINEAR LINEAR LINEAR LINEAR
LINEAR LINEAR LINEAR LINEAR LINEAR LINEAR LINEAR LINEAR LINEAR LINEAR LINEAR LINEAR
LINEAR LINEAR LINEAR LINEAR LINEAR LINEAR LINEAR LINEAR LINEAR LINEAR LINEAR LINEAR
LINEAR LINEAR LINEAR LINEAR LINEAR LINEAR LINEAR LINEAR LINEAR LINEAR LINEAR LINEAR
LINEAR LINEAR LINEAR LINEAR LINEAR LINEAR LINEAR LINEAR LINEAR LINEAR LINEAR LINEAR
LINEAR LINEAR LINEAR LINEAR LINEAR LINEAR LINEAR LINEAR LINEAR LINEAR LINEAR LINEAR
LINEAR LINEAR LINEAR LINEAR LINEAR LINEAR LINEAR LINEAR LINEAR LINEAR LINEAR LINEAR
LINEAR LINEAR LINEAR LINEAR LINEAR LINEAR LINEAR LINEAR</Name_array><technique_common><accessor source="#Root-Interpolations-array" count="91"><param type="name"/></accessor></technique_common></source><sampler id="Root-Matrix-animation-transform"><input semantic="INPUT" source="#Root-Matrix-animation-input"/><input semantic="OUTPUT" source="#Root-Matrix-animation-output-transform"/><input semantic="INTERPOLATION" source="#Root-Interpolations"/></sampler><channel source="#Root-Matrix-animation-transform" target="Root/matrix"/></animation><animation><source id="Root-visibility-animation-input"><float_array id="Root-visibility-animation-input-array" count="91">

0.033333 0.066667 0.100000 0.133333 0.166667 0.200000 0.233333 0.266667 0.300000 0.333333 0.366667 0.400000 0.433333 0.466667 0.500000 0.533333
0.566667 0.600000 0.633333 0.666667 0.700000 0.733333 0.766667 0.800000 0.833333 0.866667 0.900000 0.933333 0.966667 1.000000 1.033333 1.066667
1.100000 1.133333 1.166667 1.200000 1.233333 1.266667 1.300000 1.333333 1.366667 1.400000 1.433333 1.466667 1.500000 1.533333 1.566667 1.600000
1.633333 1.666667 1.700000 1.733333 1.766667 1.800000 1.833333 1.866667 1.900000 1.933333 1.966667 2.000000 2.033333 2.066667 2.100000 2.133333
2.166667 2.200000 2.233333 2.266667 2.300000 2.333333 2.366667 2.400000 2.433333 2.466667 2.500000 2.533333 2.566667 2.600000 2.633333 2.666667
2.700000 2.733333 2.766667 2.800000 2.833333 2.866667 2.900000 2.933333 2.966667 3.000000 3.033333</float_array><technique_common><accessor source="#Root-visibility-animation-input-array" count="91"><param name="TIME" type="float"/></accessor></technique_common></source><source id="Root-visibility-animation-output"><float_array id="Root-visibility-animation-output-array" count="91">

1.000000 1.000000 1.000000 1.000000 1.000000 1.000000 1.000000 1.000000 1.000000 1.000000 1.000000 1.000000 1.000000 1.000000 1.000000 1.000000
1.000000 1.000000 1.000000 1.000000 1.000000 1.000000 1.000000 1.000000 1.000000 1.000000 1.000000 1.000000 1.000000 1.000000 1.000000 1.000000
1.000000 1.000000 1.000000 1.000000 1.000000 1.000000 1.000000 1.000000 1.000000 1.000000 1.000000 1.000000 1.000000 1.000000 1.000000 1.000000
1.000000 1.000000 1.000000 1.000000 1.000000 1.000000 1.000000 1.000000 1.000000 1.000000 1.000000 1.000000 1.000000 1.000000 1.000000 1.000000
1.000000 1.000000 1.000000 1.000000 1.000000 1.000000 1.000000 1.000000 1.000000 1.000000 1.000000 1.000000 1.000000 1.000000 1.000000 1.000000
1.000000 1.000000 1.000000 1.000000 1.000000 1.000000 1.000000 1.000000 1.000000 1.000000 1.000000</float_array><technique_common><accessor source="#Root-visibility-animation-output-array" count="91"><param type="float"/></accessor></technique_common></source><source id="Root-visibility-animation-intan"><float_array id="Root-visibility-animation-intan-array" count="91">

0.000000 0.000000 0.000000 0.000000 0.000000 0.000000 0.000000 0.000000 0.000000 0.000000 0.000000 0.000000 0.000000 0.000000 0.000000 0.000000
0.000000 0.000000 0.000000 0.000000 0.000000 0.000000 0.000000 0.000000 0.000000 0.000000 0.000000 0.000000 0.000000 0.000000 0.000000 0.000000
0.000000 0.000000 0.000000 0.000000 0.000000 0.000000 0.000000 0.000000 0.000000 0.000000 0.000000 0.000000 0.000000 0.000000 0.000000 0.000000
0.000000 0.000000 0.000000 0.000000 0.000000 0.000000 0.000000 0.000000 0.000000 0.000000 0.000000 0.000000 0.000000 0.000000 0.000000 0.000000
0.000000 0.000000 0.000000 0.000000 0.000000 0.000000 0.000000 0.000000 0.000000 0.000000 0.000000 0.000000 0.000000 0.000000 0.000000 0.000000
0.000000 0.000000 0.000000 0.000000 0.000000 0.000000 0.000000 0.000000 0.000000 0.000000 0.000000</float_array><technique_common><accessor source="#Root-visibility-animation-intan-array" count="91"><param type="float"/></accessor></technique_common></source><source id="Root-visibility-animation-outtan"><float_array id="Root-visibility-animation-outtan-array" count="91">

0.000000 0.000000 0.000000 0.000000 0.000000 0.000000 0.000000 0.000000 0.000000 0.000000 0.000000 0.000000 0.000000 0.000000 0.000000 0.000000
0.000000 0.000000 0.000000 0.000000 0.000000 0.000000 0.000000 0.000000 0.000000 0.000000 0.000000 0.000000 0.000000 0.000000 0.000000 0.000000
0.000000 0.000000 0.000000 0.000000 0.000000 0.000000 0.000000 0.000000 0.000000 0.000000 0.000000 0.000000 0.000000 0.000000 0.000000 0.000000
0.000000 0.000000 0.000000 0.000000 0.000000 0.000000 0.000000 0.000000 0.000000 0.000000 0.000000 0.000000 0.000000 0.000000 0.000000 0.000000
0.000000 0.000000 0.000000 0.000000 0.000000 0.000000 0.000000 0.000000 0.000000 0.000000 0.000000 0.000000 0.000000 0.000000 0.000000 0.000000
0.000000 0.000000 0.000000 0.000000 0.000000 0.000000 0.000000 0.000000 0.000000 0.000000 0.000000</float_array><technique_common><accessor source="#Root-visibility-animation-outtan-array" count="91"><param type="float"/></accessor></technique_common></source><source id="Root-visibility-animation-interpolation"><Name_array id="Root-visibility-animation-interpolation-array" count="91">
 BEZIER BEZIER BEZIER BEZIER BEZIER BEZIER BEZIER BEZIER BEZIER BEZIER BEZIER
BEZIER BEZIER BEZIER BEZIER BEZIER BEZIER BEZIER BEZIER BEZIER BEZIER BEZIER BEZIER
BEZIER BEZIER BEZIER BEZIER BEZIER BEZIER BEZIER BEZIER BEZIER BEZIER BEZIER BEZIER
BEZIER BEZIER BEZIER BEZIER BEZIER BEZIER BEZIER BEZIER BEZIER BEZIER BEZIER BEZIER
BEZIER BEZIER BEZIER BEZIER BEZIER BEZIER BEZIER BEZIER BEZIER BEZIER BEZIER BEZIER
BEZIER BEZIER BEZIER BEZIER BEZIER BEZIER BEZIER BEZIER BEZIER BEZIER BEZIER BEZIER
BEZIER BEZIER BEZIER BEZIER BEZIER BEZIER BEZIER BEZIER BEZIER BEZIER BEZIER BEZIER
BEZIER BEZIER BEZIER BEZIER BEZIER BEZIER BEZIER BEZIER</Name_array><technique_common><accessor source="#Root-visibility-animation-interpolation-array" count="91"><param type="name"/></accessor></technique_common></source><sampler id="Root-visibility-animation"><input semantic="INPUT" source="#Root-visibility-animation-input"/><input semantic="OUTPUT" source="#Root-visibility-animation-output"/><input semantic="IN_TANGENT" source="#Root-visibility-animation-intan"/><input semantic="OUT_TANGENT" source="#Root-visibility-animation-outtan"/><input semantic="INTERPOLATION" source="#Root-visibility-animation-interpolation"/></sampler><channel source="#Root-visibility-animation" target="Root/visibility"/></animation></animation>
    <animation id="hips-anim" name="hips"><animation><source id="hips-Matrix-animation-input"><float_array id="hips-Matrix-animation-input-array" count="91">

0.033333 0.066667 0.100000 0.133333 0.166667 0.200000 0.233333 0.266667 0.300000 0.333333 0.366667 0.400000 0.433333 0.466667 0.500000 0.533333
0.566667 0.600000 0.633333 0.666667 0.700000 0.733333 0.766667 0.800000 0.833333 0.866667 0.900000 0.933333 0.966667 1.000000 1.033333 1.066667
1.100000 1.133333 1.166667 1.200000 1.233333 1.266667 1.300000 1.333333 1.366667 1.400000 1.433333 1.466667 1.500000 1.533333 1.566667 1.600000
1.633333 1.666667 1.700000 1.733333 1.766667 1.800000 1.833333 1.866667 1.900000 1.933333 1.966667 2.000000 2.033333 2.066667 2.100000 2.133333
2.166667 2.200000 2.233333 2.266667 2.300000 2.333333 2.366667 2.400000 2.433333 2.466667 2.500000 2.533333 2.566667 2.600000 2.633333 2.666667
2.700000 2.733333 2.766667 2.800000 2.833333 2.866667 2.900000 2.933333 2.966667 3.000000 3.033333</float_array><technique_common><accessor source="#hips-Matrix-animation-input-array" count="91"><param name="TIME" type="float"/></accessor></technique_common></source><source id="hips-Matrix-animation-output-transform"><float_array id="hips-Matrix-animation-output-transform-array" count="1456">

1.000000 0.000000 0.000000 -0.000000 -0.000000 1.000000 0.000000 -0.000000 -0.000000 0.000000 1.000000 -0.472164 0.000000 0.000000 0.000000 1.000000
1.000000 0.000000 0.000000 0.000000 -0.000000 1.000000 0.000000 0.000000 0.000000 0.000000 1.000000 -0.472164 0.000000 0.000000 0.000000 1.000000
1.000000 0.000000 0.000000 0.000000 0.000000 1.000000 0.000000 0.000000 -0.000000 0.000000 1.000000 -0.472164 0.000000 0.000000 0.000000 1.000000
1.000000 -0.000000 0.000000 0.000000 -0.000000 1.000000 0.000000 -0.000000 -0.000000 -0.000000 1.000000 -0.472164 0.000000 0.000000 0.000000 1.000000
1.000000 -0.000000 -0.000000 0.000000 -0.000000 1.000000 0.000000 0.000000 -0.000000 -0.000000 1.000000 -0.472164 0.000000 0.000000 0.000000 1.000000
1.000000 0.000000 0.000000 0.000000 -0.000000 1.000000 0.000000 0.000000 0.000000 0.000000 1.000000 -0.472164 0.000000 0.000000 0.000000 1.000000
1.000000 -0.000000 -0.000000 0.000000 -0.000000 1.000000 0.000000 0.000000 -0.000000 0.000000 1.000000 -0.472164 0.000000 0.000000 0.000000 1.000000
1.000000 -0.000000 -0.000000 0.000000 -0.000000 1.000000 0.000000 0.000000 -0.000000 0.000000 1.000000 -0.472164 0.000000 0.000000 0.000000 1.000000
1.000000 0.000000 0.000000 0.000000 -0.000000 1.000000 0.000000 0.000000 0.000000 0.000000 1.000000 -0.472164 0.000000 0.000000 0.000000 1.000000
1.000000 -0.000000 -0.000000 0.000000 0.000000 1.000000 0.000000 0.000000 -0.000000 -0.000000 1.000000 -0.472164 0.000000 0.000000 0.000000 1.000000
1.000000 -0.000000 -0.000000 0.000000 0.000000 1.000000 0.000000 0.000000 -0.000000 0.000000 1.000000 -0.472164 0.000000 0.000000 0.000000 1.000000
1.000000 0.000000 -0.000000 0.000000 -0.000000 1.000000 0.000000 0.000000 -0.000000 0.000000 1.000000 -0.472164 0.000000 0.000000 0.000000 1.000000
1.000000 -0.000000 -0.000000 0.000000 -0.000000 1.000000 0.000000 0.000000 0.000000 0.000000 1.000000 -0.472164 0.000000 0.000000 0.000000 1.000000
1.000000 0.000000 -0.000000 -0.000000 -0.000000 1.000000 -0.000000 0.000000 -0.000000 -0.000000 1.000000 -0.472164 0.000000 0.000000 0.000000 1.000000
1.000000 0.000000 0.000000 0.000000 0.000000 1.000000 0.000000 -0.000000 0.000000 0.000000 1.000000 -0.472164 0.000000 0.000000 0.000000 1.000000
1.000000 -0.000000 0.000000 0.000000 0.000000 1.000000 0.000000 0.000000 0.000000 0.000000 1.000000 -0.472164 0.000000 0.000000 0.000000 1.000000
1.000000 0.000000 -0.000000 0.000000 0.000000 1.000000 0.000000 0.000000 -0.000000 -0.000000 1.000000 -0.472164 0.000000 0.000000 0.000000 1.000000
1.000000 -0.000000 -0.000000 0.000000 -0.000000 1.000000 -0.000000 0.000000 -0.000000 -0.000000 1.000000 -0.472164 0.000000 0.000000 0.000000 1.000000
1.000000 -0.000000 -0.000000 0.000000 0.000000 1.000000 -0.000000 0.000000 0.000000 0.000000 1.000000 -0.472164 0.000000 0.000000 0.000000 1.000000
1.000000 -0.000000 -0.000000 0.000000 0.000000 1.000000 0.000000 0.000000 -0.000000 -0.000000 1.000000 -0.472164 0.000000 0.000000 0.000000 1.000000
1.000000 0.000000 0.000000 -0.000000 -0.000000 1.000000 0.000000 0.000000 -0.000000 -0.000000 1.000000 -0.472164 0.000000 0.000000 0.000000 1.000000
1.000000 -0.000000 0.000000 0.000000 -0.000000 1.000000 -0.000000 0.000000 0.000000 -0.000000 1.000000 -0.472164 0.000000 0.000000 0.000000 1.000000
1.000000 0.000000 0.000000 -0.000000 -0.000000 1.000000 -0.000000 0.000000 -0.000000 -0.000000 1.000000 -0.472164 0.000000 0.000000 0.000000 1.000000
1.000000 0.000000 0.000000 -0.000000 -0.000000 1.000000 0.000000 0.000000 0.000000 -0.000000 1.000000 -0.472164 0.000000 0.000000 0.000000 1.000000
1.000000 -0.000000 0.000000 -0.000000 -0.000000 1.000000 0.000000 -0.000000 0.000000 0.000000 1.000000 -0.472164 0.000000 0.000000 0.000000 1.000000
1.000000 0.000000 -0.000000 0.000000 0.000000 1.000000 0.000000 0.000000 0.000000 -0.000000 1.000000 -0.472164 0.000000 0.000000 0.000000 1.000000
1.000000 -0.000000 -0.000000 0.000000 0.000000 1.000000 0.000000 -0.000000 0.000000 0.000000 1.000000 -0.472164 0.000000 0.000000 0.000000 1.000000
1.000000 -0.000000 -0.000000 0.000000 0.000000 1.000000 -0.000000 -0.000000 0.000000 -0.000000 1.000000 -0.472164 0.000000 0.000000 0.000000 1.000000
1.000000 0.000000 0.000000 0.000000 0.000000 1.000000 -0.000000 0.000000 -0.000000 0.000000 1.000000 -0.472164 0.000000 0.000000 0.000000 1.000000
1.000000 -0.000000 -0.000000 0.000000 0.000000 1.000000 0.000000 0.000000 0.000000 0.000000 1.000000 -0.472164 0.000000 0.000000 0.000000 1.000000
1.000000 -0.000000 -0.000000 0.000000 0.000000 1.000000 0.000000 0.000000 -0.000000 0.000000 1.000000 -0.472164 0.000000 0.000000 0.000000 1.000000
1.000000 -0.000000 0.000000 0.000000 -0.000000 1.000000 0.000000 0.000000 0.000000 0.000000 1.000000 -0.472164 0.000000 0.000000 0.000000 1.000000
1.000000 0.000000 0.000000 0.000000 0.000000 1.000000 0.000000 0.000000 0.000000 0.000000 1.000000 -0.472164 0.000000 0.000000 0.000000 1.000000
1.000000 -0.000000 0.000000 -0.000000 0.000000 1.000000 0.000000 -0.000000 0.000000 0.000000 1.000000 -0.472164 0.000000 0.000000 0.000000 1.000000
1.000000 0.000000 0.000000 0.000000 0.000000 1.000000 0.000000 0.000000 -0.000000 -0.000000 1.000000 -0.472164 0.000000 0.000000 0.000000 1.000000
1.000000 -0.000000 0.000000 0.000000 0.000000 1.000000 -0.000000 0.000000 0.000000 0.000000 1.000000 -0.472164 0.000000 0.000000 0.000000 1.000000
1.000000 -0.000000 -0.000000 0.000000 0.000000 1.000000 0.000000 0.000000 0.000000 0.000000 1.000000 -0.472164 0.000000 0.000000 0.000000 1.000000
1.000000 0.000000 0.000000 0.000000 0.000000 1.000000 -0.000000 0.000000 0.000000 -0.000000 1.000000 -0.472164 0.000000 0.000000 0.000000 1.000000
1.000000 0.000000 0.000000 0.000000 0.000000 1.000000 0.000000 -0.000000 0.000000 -0.000000 1.000000 -0.472164 0.000000 0.000000 0.000000 1.000000
1.000000 0.000000 0.000000 0.000000 0.000000 1.000000 -0.000000 0.000000 0.000000 -0.000000 1.000000 -0.472164 0.000000 0.000000 0.000000 1.000000
1.000000 0.000000 -0.000000 -0.000000 -0.000000 1.000000 0.000000 0.000000 0.000000 0.000000 1.000000 -0.472164 0.000000 0.000000 0.000000 1.000000
1.000000 0.000000 -0.000000 0.000000 -0.000000 1.000000 0.000000 0.000000 0.000000 0.000000 1.000000 -0.472164 0.000000 0.000000 0.000000 1.000000
1.000000 -0.000000 0.000000 0.000000 0.000000 1.000000 0.000000 0.000000 0.000000 0.000000 1.000000 -0.472164 0.000000 0.000000 0.000000 1.000000
1.000000 0.000000 0.000000 -0.000000 0.000000 1.000000 -0.000000 0.000000 0.000000 0.000000 1.000000 -0.472164 0.000000 0.000000 0.000000 1.000000
1.000000 0.000000 0.000000 -0.000000 -0.000000 1.000000 -0.000000 0.000000 0.000000 -0.000000 1.000000 -0.472164 0.000000 0.000000 0.000000 1.000000
1.000000 -0.000000 -0.000000 0.000000 -0.000000 1.000000 0.000000 0.000000 0.000000 -0.000000 1.000000 -0.472164 0.000000 0.000000 0.000000 1.000000
1.000000 -0.000000 -0.000000 0.000000 -0.000000 1.000000 -0.000000 0.000000 -0.000000 0.000000 1.000000 -0.472164 0.000000 0.000000 0.000000 1.000000
1.000000 -0.000000 -0.000000 0.000000 -0.000000 1.000000 0.000000 0.000000 0.000000 -0.000000 1.000000 -0.472164 0.000000 0.000000 0.000000 1.000000
1.000000 -0.000000 0.000000 0.000000 0.000000 1.000000 0.000000 0.000000 -0.000000 0.000000 1.000000 -0.472164 0.000000 0.000000 0.000000 1.000000
1.000000 0.000000 0.000000 0.000000 0.000000 1.000000 0.000000 0.000000 0.000000 -0.000000 1.000000 -0.472164 0.000000 0.000000 0.000000 1.000000
1.000000 0.000000 0.000000 0.000000 -0.000000 1.000000 0.000000 -0.000000 0.000000 0.000000 1.000000 -0.472164 0.000000 0.000000 0.000000 1.000000
1.000000 -0.000000 0.000000 0.000000 -0.000000 1.000000 0.000000 0.000000 0.000000 0.000000 1.000000 -0.472164 0.000000 0.000000 0.000000 1.000000
1.000000 -0.000000 0.000000 0.000000 -0.000000 1.000000 0.000000 0.000000 0.000000 0.000000 1.000000 -0.472164 0.000000 0.000000 0.000000 1.000000
1.000000 -0.000000 0.000000 -0.000000 0.000000 1.000000 -0.000000 0.000000 0.000000 0.000000 1.000000 -0.472164 0.000000 0.000000 0.000000 1.000000
1.000000 -0.000000 0.000000 0.000000 0.000000 1.000000 0.000000 0.000000 0.000000 -0.000000 1.000000 -0.472164 0.000000 0.000000 0.000000 1.000000
1.000000 0.000000 0.000000 0.000000 -0.000000 1.000000 0.000000 0.000000 -0.000000 0.000000 1.000000 -0.472164 0.000000 0.000000 0.000000 1.000000
1.000000 -0.000000 -0.000000 -0.000000 -0.000000 1.000000 0.000000 0.000000 0.000000 -0.000000 1.000000 -0.472164 0.000000 0.000000 0.000000 1.000000
1.000000 0.000000 -0.000000 0.000000 -0.000000 1.000000 0.000000 0.000000 0.000000 0.000000 1.000000 -0.472164 0.000000 0.000000 0.000000 1.000000
1.000000 -0.000000 -0.000000 0.000000 -0.000000 1.000000 0.000000 -0.000000 -0.000000 0.000000 1.000000 -0.472164 0.000000 0.000000 0.000000 1.000000
1.000000 0.000000 0.000000 0.000000 0.000000 1.000000 -0.000000 0.000000 -0.000000 0.000000 1.000000 -0.472164 0.000000 0.000000 0.000000 1.000000
1.000000 0.000000 0.000000 0.000000 0.000000 1.000000 0.000000 0.000000 0.000000 0.000000 1.000000 -0.472164 0.000000 0.000000 0.000000 1.000000
1.000000 -0.000000 0.000000 0.000000 -0.000000 1.000000 0.000000 0.000000 0.000000 0.000000 1.000000 -0.472164 0.000000 0.000000 0.000000 1.000000
1.000000 -0.000000 0.000000 0.000000 -0.000000 1.000000 0.000000 0.000000 -0.000000 0.000000 1.000000 -0.472164 0.000000 0.000000 0.000000 1.000000
1.000000 -0.000000 0.000000 0.000000 -0.000000 1.000000 0.000000 0.000000 0.000000 -0.000000 1.000000 -0.472164 0.000000 0.000000 0.000000 1.000000
1.000000 0.000000 -0.000000 0.000000 0.000000 1.000000 0.000000 0.000000 0.000000 -0.000000 1.000000 -0.472164 0.000000 0.000000 0.000000 1.000000
1.000000 -0.000000 -0.000000 0.000000 -0.000000 1.000000 0.000000 0.000000 0.000000 -0.000000 1.000000 -0.472164 0.000000 0.000000 0.000000 1.000000
1.000000 -0.000000 0.000000 -0.000000 0.000000 1.000000 0.000000 0.000000 0.000000 0.000000 1.000000 -0.472164 0.000000 0.000000 0.000000 1.000000
1.000000 -0.000000 0.000000 0.000000 -0.000000 1.000000 0.000000 0.000000 0.000000 -0.000000 1.000000 -0.472164 0.000000 0.000000 0.000000 1.000000
1.000000 -0.000000 0.000000 0.000000 0.000000 1.000000 -0.000000 0.000000 0.000000 0.000000 1.000000 -0.472164 0.000000 0.000000 0.000000 1.000000
1.000000 -0.000000 0.000000 -0.000000 -0.000000 1.000000 0.000000 0.000000 0.000000 0.000000 1.000000 -0.472164 0.000000 0.000000 0.000000 1.000000
1.000000 0.000000 0.000000 0.000000 -0.000000 1.000000 0.000000 0.000000 0.000000 0.000000 1.000000 -0.472164 0.000000 0.000000 0.000000 1.000000
1.000000 0.000000 -0.000000 0.000000 -0.000000 1.000000 0.000000 0.000000 0.000000 -0.000000 1.000000 -0.472164 0.000000 0.000000 0.000000 1.000000
1.000000 -0.000000 0.000000 -0.000000 0.000000 1.000000 0.000000 0.000000 0.000000 0.000000 1.000000 -0.472164 0.000000 0.000000 0.000000 1.000000
1.000000 -0.000000 -0.000000 -0.000000 0.000000 1.000000 -0.000000 0.000000 0.000000 -0.000000 1.000000 -0.472164 0.000000 0.000000 0.000000 1.000000
1.000000 0.000000 0.000000 0.000000 0.000000 1.000000 0.000000 0.000000 0.000000 -0.000000 1.000000 -0.472164 0.000000 0.000000 0.000000 1.000000
1.000000 0.000000 -0.000000 0.000000 0.000000 1.000000 0.000000 0.000000 0.000000 0.000000 1.000000 -0.472164 0.000000 0.000000 0.000000 1.000000
1.000000 -0.000000 0.000000 0.000000 -0.000000 1.000000 0.000000 0.000000 -0.000000 0.000000 1.000000 -0.472164 0.000000 0.000000 0.000000 1.000000
1.000000 -0.000000 -0.000000 -0.000000 -0.000000 1.000000 0.000000 0.000000 0.000000 0.000000 1.000000 -0.472164 0.000000 0.000000 0.000000 1.000000
1.000000 0.000000 0.000000 0.000000 -0.000000 1.000000 0.000000 0.000000 0.000000 0.000000 1.000000 -0.472164 0.000000 0.000000 0.000000 1.000000
1.000000 0.000000 0.000000 0.000000 0.000000 1.000000 0.000000 0.000000 -0.000000 -0.000000 1.000000 -0.472164 0.000000 0.000000 0.000000 1.000000
1.000000 0.000000 0.000000 0.000000 -0.000000 1.000000 -0.000000 0.000000 -0.000000 0.000000 1.000000 -0.472164 0.000000 0.000000 0.000000 1.000000
1.000000 0.000000 0.000000 0.000000 0.000000 1.000000 -0.000000 0.000000 0.000000 0.000000 1.000000 -0.472164 0.000000 0.000000 0.000000 1.000000
1.000000 0.000000 0.000000 -0.000000 0.000000 1.000000 0.000000 0.000000 0.000000 -0.000000 1.000000 -0.472164 0.000000 0.000000 0.000000 1.000000
1.000000 0.000000 0.000000 0.000000 0.000000 1.000000 0.000000 0.000000 0.000000 0.000000 1.000000 -0.472164 0.000000 0.000000 0.000000 1.000000
1.000000 0.000000 0.000000 -0.000000 -0.000000 1.000000 -0.000000 0.000000 -0.000000 0.000000 1.000000 -0.472164 0.000000 0.000000 0.000000 1.000000
1.000000 -0.000000 0.000000 -0.000000 -0.000000 1.000000 -0.000000 0.000000 -0.000000 0.000000 1.000000 -0.472164 0.000000 0.000000 0.000000 1.000000
1.000000 0.000000 0.000000 0.000000 -0.000000 1.000000 0.000000 -0.000000 -0.000000 0.000000 1.000000 -0.472164 0.000000 0.000000 0.000000 1.000000
1.000000 -0.000000 -0.000000 0.000000 0.000000 1.000000 -0.000000 0.000000 0.000000 0.000000 1.000000 -0.472164 0.000000 0.000000 0.000000 1.000000
1.000000 0.000000 0.000000 0.000000 -0.000000 1.000000 0.000000 0.000000 0.000000 0.000000 1.000000 -0.472164 0.000000 0.000000 0.000000 1.000000
1.000000 0.000000 -0.000000 0.000000 -0.000000 1.000000 0.000000 0.000000 0.000000 0.000000 1.000000 -0.472164 0.000000 0.000000 0.000000 1.000000
1.000000 0.000000 0.000000 0.000000 0.000000 1.000000 0.000000 0.000000 0.000000 0.000000 1.000000 -0.472164 0.000000 0.000000 0.000000 1.000000</float_array><technique_common><accessor source="#hips-Matrix-animation-output-transform-array" count="91" stride="16"><param type="float4x4"/></accessor></technique_common></source><source id="hips-Interpolations"><Name_array id="hips-Interpolations-array" count="91">
 LINEAR LINEAR LINEAR LINEAR LINEAR LINEAR LINEAR LINEAR LINEAR LINEAR LINEAR
LINEAR LINEAR LINEAR LINEAR LINEAR LINEAR LINEAR LINEAR LINEAR LINEAR LINEAR LINEAR
LINEAR LINEAR LINEAR LINEAR LINEAR LINEAR LINEAR LINEAR LINEAR LINEAR LINEAR LINEAR
LINEAR LINEAR LINEAR LINEAR LINEAR LINEAR LINEAR LINEAR LINEAR LINEAR LINEAR LINEAR
LINEAR LINEAR LINEAR LINEAR LINEAR LINEAR LINEAR LINEAR LINEAR LINEAR LINEAR LINEAR
LINEAR LINEAR LINEAR LINEAR LINEAR LINEAR LINEAR LINEAR LINEAR LINEAR LINEAR LINEAR
LINEAR LINEAR LINEAR LINEAR LINEAR LINEAR LINEAR LINEAR LINEAR LINEAR LINEAR LINEAR
LINEAR LINEAR LINEAR LINEAR LINEAR LINEAR LINEAR LINEAR</Name_array><technique_common><accessor source="#hips-Interpolations-array" count="91"><param type="name"/></accessor></technique_common></source><sampler id="hips-Matrix-animation-transform"><input semantic="INPUT" source="#hips-Matrix-animation-input"/><input semantic="OUTPUT" source="#hips-Matrix-animation-output-transform"/><input semantic="INTERPOLATION" source="#hips-Interpolations"/></sampler><channel source="#hips-Matrix-animation-transform" target="hips/matrix"/></animation><animation><source id="hips-visibility-animation-input"><float_array id="hips-visibility-animation-input-array" count="91">

0.033333 0.066667 0.100000 0.133333 0.166667 0.200000 0.233333 0.266667 0.300000 0.333333 0.366667 0.400000 0.433333 0.466667 0.500000 0.533333
0.566667 0.600000 0.633333 0.666667 0.700000 0.733333 0.766667 0.800000 0.833333 0.866667 0.900000 0.933333 0.966667 1.000000 1.033333 1.066667
1.100000 1.133333 1.166667 1.200000 1.233333 1.266667 1.300000 1.333333 1.366667 1.400000 1.433333 1.466667 1.500000 1.533333 1.566667 1.600000
1.633333 1.666667 1.700000 1.733333 1.766667 1.800000 1.833333 1.866667 1.900000 1.933333 1.966667 2.000000 2.033333 2.066667 2.100000 2.133333
2.166667 2.200000 2.233333 2.266667 2.300000 2.333333 2.366667 2.400000 2.433333 2.466667 2.500000 2.533333 2.566667 2.600000 2.633333 2.666667
2.700000 2.733333 2.766667 2.800000 2.833333 2.866667 2.900000 2.933333 2.966667 3.000000 3.033333</float_array><technique_common><accessor source="#hips-visibility-animation-input-array" count="91"><param name="TIME" type="float"/></accessor></technique_common></source><source id="hips-visibility-animation-output"><float_array id="hips-visibility-animation-output-array" count="91">

1.000000 1.000000 1.000000 1.000000 1.000000 1.000000 1.000000 1.000000 1.000000 1.000000 1.000000 1.000000 1.000000 1.000000 1.000000 1.000000
