<?xml version="1.0" encoding="utf-8"?>
<COLLADA xmlns="http://www.collada.org/2005/11/COLLADASchema" version="1.4.1">
  <asset><contributor><author></author><authoring_tool>FBX COLLADA exporter</authoring_tool><comments></comments></contributor><created>2014-06-04T15:33:29Z</created><keywords></keywords><modified>2014-06-04T15:33:29Z</modified><revision></revision><subject></subject><title></title><unit meter="0.010000" name="centimeter"></unit><up_axis>Y_UP</up_axis></asset>
  <library_animations>
    <animation id="Root-anim" name="Root"><animation><source id="Root-Matrix-animation-input"><float_array id="Root-Matrix-animation-input-array" count="61">

0.033333 0.066667 0.100000 0.133333 0.166667 0.200000 0.233333 0.266667 0.300000 0.333333 0.366667 0.400000 0.433333 0.466667 0.500000 0.533333
0.566667 0.600000 0.633333 0.666667 0.700000 0.733333 0.766667 0.800000 0.833333 0.866667 0.900000 0.933333 0.966667 1.000000 1.033333 1.066667
1.100000 1.133333 1.166667 1.200000 1.233333 1.266667 1.300000 1.333333 1.366667 1.400000 1.433333 1.466667 1.500000 1.533333 1.566667 1.600000
1.633333 1.666667 1.700000 1.733333 1.766667 1.800000 1.833333 1.866667 1.900000 1.933333 1.966667 2.000000 2.033333</float_array><technique_common><accessor source="#Root-Matrix-animation-input-array" count="61"><param name="TIME" type="float"/></accessor></technique_common></source><source id="Root-Matrix-animation-output-transform"><float_array id="Root-Matrix-animation-output-transform-array" count="976">

1.000000 0.000000 0.000000 0.000000 0.000000 0.999309 0.037164 0.255515 0.000000 -0.037164 0.999309 -0.028853 0.000000 0.000000 0.000000 1.000000
0.999989 0.003500 0.003022 0.000000 -0.003610 0.999296 0.037331 0.254889 -0.002890 -0.037342 0.999298 -0.028853 0.000000 0.000000 0.000000 1.000000
0.999955 0.007196 0.006128 0.000000 -0.007420 0.999272 0.037425 0.254172 -0.005855 -0.037469 0.999281 -0.028853 0.000000 0.000000 0.000000 1.000000
0.999897 0.010940 0.009255 0.000000 -0.011279 0.999235 0.037453 0.253432 -0.008839 -0.037553 0.999256 -0.028853 0.000000 0.000000 0.000000 1.000000
0.999817 0.014585 0.012340 0.000000 -0.015038 0.999186 0.037425 0.252738 -0.011785 -0.037604 0.999223 -0.028853 0.000000 0.000000 0.000000 1.000000
0.999721 0.017986 0.015321 0.000000 -0.018547 0.999130 0.037356 0.252157 -0.014636 -0.037629 0.999185 -0.028853 0.000000 0.000000 0.000000 1.000000
0.999615 0.020992 0.018135 0.000000 -0.021657 0.999071 0.037259 0.251759 -0.017336 -0.037637 0.999141 -0.028853 0.000000 0.000000 0.000000 1.000000
0.999510 0.023459 0.020719 0.000000 -0.024217 0.999016 0.037154 0.251611 -0.019827 -0.037637 0.999095 -0.028853 0.000000 0.000000 0.000000 1.000000
0.999404 0.025479 0.023283 0.000000 -0.026331 0.998967 0.037024 0.251699 -0.022315 -0.037615 0.999043 -0.028853 0.000000 0.000000 0.000000 1.000000
0.999291 0.027244 0.025977 0.000000 -0.028192 0.998923 0.036852 0.251949 -0.024945 -0.037559 0.998983 -0.028853 0.000000 0.000000 0.000000 1.000000
0.999176 0.028749 0.028656 0.000000 -0.029792 0.998884 0.036657 0.252338 -0.027571 -0.037480 0.998917 -0.028853 0.000000 0.000000 0.000000 1.000000
0.999064 0.029990 0.031175 0.000000 -0.031121 0.998851 0.036454 0.252847 -0.030046 -0.037390 0.998849 -0.028853 0.000000 0.000000 0.000000 1.000000
0.998963 0.030963 0.033387 0.000000 -0.032170 0.998824 0.036264 0.253452 -0.032225 -0.037301 0.998784 -0.028853 0.000000 0.000000 0.000000 1.000000
0.998880 0.031663 0.035147 0.000000 -0.032931 0.998805 0.036105 0.254132 -0.033962 -0.037222 0.998730 -0.028853 0.000000 0.000000 0.000000 1.000000
0.998825 0.032087 0.036310 0.000000 -0.033394 0.998794 0.035996 0.254866 -0.035111 -0.037166 0.998692 -0.028853 0.000000 0.000000 0.000000 1.000000
0.998805 0.032229 0.036730 0.000000 -0.033551 0.998790 0.035955 0.255633 -0.035527 -0.037145 0.998678 -0.028853 0.000000 0.000000 0.000000 1.000000
0.998824 0.031997 0.036433 0.000000 -0.033308 0.998798 0.035973 0.256411 -0.035238 -0.037144 0.998688 -0.028853 0.000000 0.000000 0.000000 1.000000
0.998876 0.031327 0.035579 0.000000 -0.032608 0.998819 0.036025 0.257177 -0.034408 -0.037145 0.998717 -0.028853 0.000000 0.000000 0.000000 1.000000
0.998956 0.030257 0.034226 0.000000 -0.031491 0.998852 0.036106 0.257912 -0.033095 -0.037146 0.998762 -0.028853 0.000000 0.000000 0.000000 1.000000
0.999058 0.028824 0.032432 0.000000 -0.029995 0.998894 0.036209 0.258592 -0.031353 -0.037147 0.998818 -0.028853 0.000000 0.000000 0.000000 1.000000
0.999176 0.027067 0.030254 0.000000 -0.028160 0.998943 0.036327 0.259197 -0.029239 -0.037149 0.998882 -0.028853 0.000000 0.000000 0.000000 1.000000
0.999302 0.025023 0.027749 0.000000 -0.026028 0.998996 0.036455 0.259705 -0.026809 -0.037152 0.998950 -0.028853 0.000000 0.000000 0.000000 1.000000
0.999430 0.022731 0.024975 0.000000 -0.023636 0.999051 0.036584 0.260095 -0.024120 -0.037154 0.999018 -0.028853 0.000000 0.000000 0.000000 1.000000
0.999554 0.020228 0.021989 0.000000 -0.021026 0.999105 0.036710 0.260345 -0.021227 -0.037156 0.999084 -0.028853 0.000000 0.000000 0.000000 1.000000
0.999668 0.017552 0.018849 0.000000 -0.018237 0.999155 0.036827 0.260433 -0.018187 -0.037158 0.999144 -0.028853 0.000000 0.000000 0.000000 1.000000
0.999769 0.014742 0.015612 0.000000 -0.015310 0.999201 0.036929 0.260163 -0.015055 -0.037160 0.999196 -0.028853 0.000000 0.000000 0.000000 1.000000
0.999854 0.011835 0.012336 0.000000 -0.012284 0.999239 0.037015 0.259459 -0.011889 -0.037161 0.999239 -0.028853 0.000000 0.000000 0.000000 1.000000
0.999919 0.008869 0.009079 0.000000 -0.009200 0.999270 0.037082 0.258482 -0.008744 -0.037163 0.999271 -0.028853 0.000000 0.000000 0.000000 1.000000
0.999965 0.005883 0.005899 0.000000 -0.006098 0.999292 0.037129 0.257393 -0.005677 -0.037163 0.999293 -0.028853 0.000000 0.000000 0.000000 1.000000
0.999992 0.002914 0.002853 0.000000 -0.003018 0.999305 0.037156 0.256350 -0.002743 -0.037164 0.999305 -0.028853 0.000000 0.000000 0.000000 1.000000
1.000000 0.000000 0.000000 0.000000 0.000000 0.999309 0.037164 0.255515 0.000000 -0.037164 0.999309 -0.028853 0.000000 0.000000 0.000000 1.000000
0.999989 -0.003656 -0.002986 0.000000 0.003764 0.999302 0.037163 0.254800 0.002848 -0.037174 0.999305 -0.028853 0.000000 0.000000 0.000000 1.000000
0.999944 -0.008502 -0.006361 0.000000 0.008732 0.999272 0.037145 0.254048 0.006040 -0.037199 0.999290 -0.028853 0.000000 0.000000 0.000000 1.000000
0.999853 -0.013978 -0.009965 0.000000 0.014339 0.999209 0.037095 0.253314 0.009439 -0.037232 0.999262 -0.028853 0.000000 0.000000 0.000000 1.000000
0.999716 -0.019523 -0.013638 0.000000 0.020016 0.999115 0.037006 0.252649 0.012903 -0.037269 0.999222 -0.028853 0.000000 0.000000 0.000000 1.000000
0.999550 -0.024577 -0.017220 0.000000 0.025199 0.999002 0.036884 0.252108 0.016297 -0.037302 0.999171 -0.028853 0.000000 0.000000 0.000000 1.000000
0.999380 -0.028579 -0.020552 0.000000 0.029321 0.998894 0.036745 0.251744 0.019479 -0.037325 0.999113 -0.028853 0.000000 0.000000 0.000000 1.000000
0.999245 -0.030971 -0.023473 0.000000 0.031818 0.998823 0.036614 0.251611 0.022311 -0.037333 0.999054 -0.028853 0.000000 0.000000 0.000000 1.000000
0.999137 -0.032187 -0.026242 0.000000 0.033133 0.998785 0.036486 0.251699 0.025036 -0.037324 0.998990 -0.028853 0.000000 0.000000 0.000000 1.000000
0.999029 -0.033071 -0.029123 0.000000 0.034121 0.998757 0.036345 0.251949 0.027885 -0.037304 0.998915 -0.028853 0.000000 0.000000 0.000000 1.000000
0.998921 -0.033676 -0.031968 0.000000 0.034828 0.998737 0.036202 0.252338 0.030709 -0.037276 0.998833 -0.028853 0.000000 0.000000 0.000000 1.000000
0.998820 -0.034053 -0.034628 0.000000 0.035301 0.998726 0.036065 0.252847 0.033356 -0.037245 0.998749 -0.028853 0.000000 0.000000 0.000000 1.000000
0.998730 -0.034257 -0.036955 0.000000 0.035586 0.998720 0.035943 0.253452 0.035677 -0.037213 0.998670 -0.028853 0.000000 0.000000 0.000000 1.000000
0.998657 -0.034337 -0.038801 0.000000 0.035732 0.998718 0.035846 0.254132 0.037520 -0.037185 0.998604 -0.028853 0.000000 0.000000 0.000000 1.000000
0.998608 -0.034347 -0.040017 0.000000 0.035785 0.998719 0.035781 0.254866 0.038737 -0.037163 0.998558 -0.028853 0.000000 0.000000 0.000000 1.000000
0.998591 -0.034339 -0.040456 0.000000 0.035792 0.998719 0.035756 0.255633 0.039176 -0.037153 0.998541 -0.028853 0.000000 0.000000 0.000000 1.000000
0.998615 -0.034044 -0.040108 0.000000 0.035485 0.998730 0.035777 0.256411 0.038839 -0.037150 0.998555 -0.028853 0.000000 0.000000 0.000000 1.000000
0.998683 -0.033200 -0.039115 0.000000 0.034606 0.998758 0.035842 0.257177 0.037876 -0.037149 0.998592 -0.028853 0.000000 0.000000 0.000000 1.000000
0.998787 -0.031868 -0.037547 0.000000 0.033219 0.998801 0.035945 0.257912 0.036357 -0.037149 0.998648 -0.028853 0.000000 0.000000 0.000000 1.000000
0.998917 -0.030108 -0.035476 0.000000 0.031387 0.998856 0.036075 0.258592 0.034349 -0.037149 0.998719 -0.028853 0.000000 0.000000 0.000000 1.000000
0.999064 -0.027982 -0.032973 0.000000 0.029173 0.998918 0.036222 0.259197 0.031924 -0.037150 0.998800 -0.028853 0.000000 0.000000 0.000000 1.000000
0.999220 -0.025551 -0.030110 0.000000 0.026641 0.998983 0.036378 0.259705 0.029150 -0.037152 0.998884 -0.028853 0.000000 0.000000 0.000000 1.000000
0.999375 -0.022875 -0.026959 0.000000 0.023853 0.999048 0.036534 0.260095 0.026098 -0.037154 0.998969 -0.028853 0.000000 0.000000 0.000000 1.000000
0.999521 -0.020016 -0.023591 0.000000 0.020874 0.999109 0.036681 0.260345 0.022836 -0.037156 0.999049 -0.028853 0.000000 0.000000 0.000000 1.000000
0.999653 -0.017035 -0.020079 0.000000 0.017766 0.999164 0.036814 0.260433 0.019435 -0.037158 0.999120 -0.028853 0.000000 0.000000 0.000000 1.000000
0.999766 -0.013992 -0.016494 0.000000 0.014594 0.999211 0.036928 0.260182 0.015964 -0.037160 0.999182 -0.028853 0.000000 0.000000 0.000000 1.000000
0.999857 -0.010950 -0.012908 0.000000 0.011421 0.999249 0.037019 0.259522 0.012493 -0.037161 0.999231 -0.028853 0.000000 0.000000 0.000000 1.000000
0.999924 -0.007968 -0.009393 0.000000 0.008311 0.999277 0.037087 0.258588 0.009091 -0.037163 0.999268 -0.028853 0.000000 0.000000 0.000000 1.000000
0.999969 -0.005109 -0.006022 0.000000 0.005329 0.999296 0.037133 0.257518 0.005828 -0.037163 0.999292 -0.028853 0.000000 0.000000 0.000000 1.000000
0.999993 -0.002432 -0.002867 0.000000 0.002537 0.999306 0.037157 0.256448 0.002775 -0.037164 0.999305 -0.028853 0.000000 0.000000 0.000000 1.000000
1.000000 0.000000 0.000000 0.000000 0.000000 1.000000 0.000000 0.255515 0.000000 0.000000 1.000000 -0.028853 0.000000 0.000000 0.000000 1.000000</float_array><technique_common><accessor source="#Root-Matrix-animation-output-transform-array" count="61" stride="16"><param type="float4x4"/></accessor></technique_common></source><source id="Root-Interpolations"><Name_array id="Root-Interpolations-array" count="61">
 LINEAR LINEAR LINEAR LINEAR LINEAR LINEAR LINEAR LINEAR LINEAR LINEAR LINEAR
LINEAR LINEAR LINEAR LINEAR LINEAR LINEAR LINEAR LINEAR LINEAR LINEAR LINEAR LINEAR
LINEAR LINEAR LINEAR LINEAR LINEAR LINEAR LINEAR LINEAR LINEAR LINEAR LINEAR LINEAR
LINEAR LINEAR LINEAR LINEAR LINEAR LINEAR LINEAR LINEAR LINEAR LINEAR LINEAR LINEAR
LINEAR LINEAR LINEAR LINEAR LINEAR LINEAR LINEAR LINEAR LINEAR LINEAR LINEAR LINEAR
LINEAR LINEAR</Name_array><technique_common><accessor source="#Root-Interpolations-array" count="61"><param type="name"/></accessor></technique_common></source><sampler id="Root-Matrix-animation-transform"><input semantic="INPUT" source="#Root-Matrix-animation-input"/><input semantic="OUTPUT" source="#Root-Matrix-animation-output-transform"/><input semantic="INTERPOLATION" source="#Root-Interpolations"/></sampler><channel source="#Root-Matrix-animation-transform" target="Root/matrix"/></animation><animation><source id="Root-visibility-animation-input"><float_array id="Root-visibility-animation-input-array" count="61">

0.033333 0.066667 0.100000 0.133333 0.166667 0.200000 0.233333 0.266667 0.300000 0.333333 0.366667 0.400000 0.433333 0.466667 0.500000 0.533333
0.566667 0.600000 0.633333 0.666667 0.700000 0.733333 0.766667 0.800000 0.833333 0.866667 0.900000 0.933333 0.966667 1.000000 1.033333 1.066667
1.100000 1.133333 1.166667 1.200000 1.233333 1.266667 1.300000 1.333333 1.366667 1.400000 1.433333 1.466667 1.500000 1.533333 1.566667 1.600000
1.633333 1.666667 1.700000 1.733333 1.766667 1.800000 1.833333 1.866667 1.900000 1.933333 1.966667 2.000000 2.033333</float_array><technique_common><accessor source="#Root-visibility-animation-input-array" count="61"><param name="TIME" type="float"/></accessor></technique_common></source><source id="Root-visibility-animation-output"><float_array id="Root-visibility-animation-output-array" count="61">

1.000000 1.000000 1.000000 1.000000 1.000000 1.000000 1.000000 1.000000 1.000000 1.000000 1.000000 1.000000 1.000000 1.000000 1.000000 1.000000
1.000000 1.000000 1.000000 1.000000 1.000000 1.000000 1.000000 1.000000 1.000000 1.000000 1.000000 1.000000 1.000000 1.000000 1.000000 1.000000
1.000000 1.000000 1.000000 1.000000 1.000000 1.000000 1.000000 1.000000 1.000000 1.000000 1.000000 1.000000 1.000000 1.000000 1.000000 1.000000
1.000000 1.000000 1.000000 1.000000 1.000000 1.000000 1.000000 1.000000 1.000000 1.000000 1.000000 1.000000 1.000000</float_array><technique_common><accessor source="#Root-visibility-animation-output-array" count="61"><param type="float"/></accessor></technique_common></source><source id="Root-visibility-animation-intan"><float_array id="Root-visibility-animation-intan-array" count="61">

0.000000 0.000000 0.000000 0.000000 0.000000 0.000000 0.000000 0.000000 0.000000 0.000000 0.000000 0.000000 0.000000 0.000000 0.000000 0.000000
0.000000 0.000000 0.000000 0.000000 0.000000 0.000000 0.000000 0.000000 0.000000 0.000000 0.000000 0.000000 0.000000 0.000000 0.000000 0.000000
0.000000 0.000000 0.000000 0.000000 0.000000 0.000000 0.000000 0.000000 0.000000 0.000000 0.000000 0.000000 0.000000 0.000000 0.000000 0.000000
0.000000 0.000000 0.000000 0.000000 0.000000 0.000000 0.000000 0.000000 0.000000 0.000000 0.000000 0.000000 0.000000</float_array><technique_common><accessor source="#Root-visibility-animation-intan-array" count="61"><param type="float"/></accessor></technique_common></source><source id="Root-visibility-animation-outtan"><float_array id="Root-visibility-animation-outtan-array" count="61">

0.000000 0.000000 0.000000 0.000000 0.000000 0.000000 0.000000 0.000000 0.000000 0.000000 0.000000 0.000000 0.000000 0.000000 0.000000 0.000000
0.000000 0.000000 0.000000 0.000000 0.000000 0.000000 0.000000 0.000000 0.000000 0.000000 0.000000 0.000000 0.000000 0.000000 0.000000 0.000000
0.000000 0.000000 0.000000 0.000000 0.000000 0.000000 0.000000 0.000000 0.000000 0.000000 0.000000 0.000000 0.000000 0.000000 0.000000 0.000000
0.000000 0.000000 0.000000 0.000000 0.000000 0.000000 0.000000 0.000000 0.000000 0.000000 0.000000 0.000000 0.000000</float_array><technique_common><accessor source="#Root-visibility-animation-outtan-array" count="61"><param type="float"/></accessor></technique_common></source><source id="Root-visibility-animation-interpolation"><Name_array id="Root-visibility-animation-interpolation-array" count="61">
 BEZIER BEZIER BEZIER BEZIER BEZIER BEZIER BEZIER BEZIER BEZIER BEZIER BEZIER
BEZIER BEZIER BEZIER BEZIER BEZIER BEZIER BEZIER BEZIER BEZIER BEZIER BEZIER BEZIER
BEZIER BEZIER BEZIER BEZIER BEZIER BEZIER BEZIER BEZIER BEZIER BEZIER BEZIER BEZIER
BEZIER BEZIER BEZIER BEZIER BEZIER BEZIER BEZIER BEZIER BEZIER BEZIER BEZIER BEZIER
BEZIER BEZIER BEZIER BEZIER BEZIER BEZIER BEZIER BEZIER BEZIER BEZIER BEZIER BEZIER
BEZIER BEZIER</Name_array><technique_common><accessor source="#Root-visibility-animation-interpolation-array" count="61"><param type="name"/></accessor></technique_common></source><sampler id="Root-visibility-animation"><input semantic="INPUT" source="#Root-visibility-animation-input"/><input semantic="OUTPUT" source="#Root-visibility-animation-output"/><input semantic="IN_TANGENT" source="#Root-visibility-animation-intan"/><input semantic="OUT_TANGENT" source="#Root-visibility-animation-outtan"/><input semantic="INTERPOLATION" source="#Root-visibility-animation-interpolation"/></sampler><channel source="#Root-visibility-animation" target="Root/visibility"/></animation></animation>
    <animation id="hips-anim" name="hips"><animation><source id="hips-Matrix-animation-input"><float_array id="hips-Matrix-animation-input-array" count="61">

0.033333 0.066667 0.100000 0.133333 0.166667 0.200000 0.233333 0.266667 0.300000 0.333333 0.366667 0.400000 0.433333 0.466667 0.500000 0.533333
0.566667 0.600000 0.633333 0.666667 0.700000 0.733333 0.766667 0.800000 0.833333 0.866667 0.900000 0.933333 0.966667 1.000000 1.033333 1.066667
1.100000 1.133333 1.166667 1.200000 1.233333 1.266667 1.300000 1.333333 1.366667 1.400000 1.433333 1.466667 1.500000 1.533333 1.566667 1.600000
1.633333 1.666667 1.700000 1.733333 1.766667 1.800000 1.833333 1.866667 1.900000 1.933333 1.966667 2.000000 2.033333</float_array><technique_common><accessor source="#hips-Matrix-animation-input-array" count="61"><param name="TIME" type="float"/></accessor></technique_common></source><source id="hips-Matrix-animation-output-transform"><float_array id="hips-Matrix-animation-output-transform-array" count="976">

1.000000 0.000000 0.000000 0.000000 0.000000 1.000000 0.000000 0.000000 0.000000 0.000000 1.000000 -0.472164 0.000000 0.000000 0.000000 1.000000
1.000000 0.000000 0.000000 0.000000 0.000000 1.000000 0.000000 0.000000 0.000000 0.000000 1.000000 -0.472164 0.000000 0.000000 0.000000 1.000000
1.000000 0.000000 0.000000 0.000000 -0.000000 1.000000 0.000000 0.000000 -0.000000 -0.000000 1.000000 -0.472164 0.000000 0.000000 0.000000 1.000000
1.000000 -0.000000 0.000000 0.000000 -0.000000 1.000000 0.000000 -0.000000 0.000000 0.000000 1.000000 -0.472164 0.000000 0.000000 0.000000 1.000000
1.000000 0.000000 0.000000 -0.000000 0.000000 1.000000 0.000000 0.000000 0.000000 -0.000000 1.000000 -0.472164 0.000000 0.000000 0.000000 1.000000
1.000000 -0.000000 0.000000 0.000000 -0.000000 1.000000 0.000000 0.000000 0.000000 0.000000 1.000000 -0.472164 0.000000 0.000000 0.000000 1.000000
1.000000 -0.000000 -0.000000 0.000000 0.000000 1.000000 0.000000 0.000000 -0.000000 0.000000 1.000000 -0.472164 0.000000 0.000000 0.000000 1.000000
1.000000 -0.000000 0.000000 -0.000000 0.000000 1.000000 -0.000000 0.000000 0.000000 0.000000 1.000000 -0.472164 0.000000 0.000000 0.000000 1.000000
1.000000 0.000000 0.000000 -0.000000 -0.000000 1.000000 0.000000 0.000000 0.000000 0.000000 1.000000 -0.472164 0.000000 0.000000 0.000000 1.000000
1.000000 0.000000 -0.000000 0.000000 -0.000000 1.000000 0.000000 -0.000000 -0.000000 -0.000000 1.000000 -0.472164 0.000000 0.000000 0.000000 1.000000
1.000000 0.000000 0.000000 0.000000 0.000000 1.000000 0.000000 0.000000 0.000000 0.000000 1.000000 -0.472164 0.000000 0.000000 0.000000 1.000000
1.000000 0.000000 0.000000 -0.000000 0.000000 1.000000 0.000000 0.000000 0.000000 0.000000 1.000000 -0.472164 0.000000 0.000000 0.000000 1.000000
1.000000 -0.000000 -0.000000 0.000000 -0.000000 1.000000 -0.000000 0.000000 0.000000 0.000000 1.000000 -0.472164 0.000000 0.000000 0.000000 1.000000
1.000000 -0.000000 0.000000 -0.000000 -0.000000 1.000000 0.000000 0.000000 0.000000 0.000000 1.000000 -0.472164 0.000000 0.000000 0.000000 1.000000
1.000000 -0.000000 -0.000000 0.000000 0.000000 1.000000 0.000000 0.000000 0.000000 0.000000 1.000000 -0.472164 0.000000 0.000000 0.000000 1.000000
1.000000 -0.000000 0.000000 -0.000000 0.000000 1.000000 0.000000 0.000000 -0.000000 0.000000 1.000000 -0.472164 0.000000 0.000000 0.000000 1.000000
1.000000 0.000000 0.000000 0.000000 0.000000 1.000000 -0.000000 0.000000 -0.000000 -0.000000 1.000000 -0.472164 0.000000 0.000000 0.000000 1.000000
1.000000 -0.000000 0.000000 -0.000000 -0.000000 1.000000 0.000000 0.000000 0.000000 0.000000 1.000000 -0.472164 0.000000 0.000000 0.000000 1.000000
1.000000 -0.000000 0.000000 -0.000000 -0.000000 1.000000 0.000000 0.000000 0.000000 0.000000 1.000000 -0.472164 0.000000 0.000000 0.000000 1.000000
1.000000 0.000000 -0.000000 0.000000 -0.000000 1.000000 0.000000 0.000000 0.000000 0.000000 1.000000 -0.472164 0.000000 0.000000 0.000000 1.000000
1.000000 -0.000000 -0.000000 0.000000 0.000000 1.000000 0.000000 0.000000 -0.000000 0.000000 1.000000 -0.472164 0.000000 0.000000 0.000000 1.000000
1.000000 0.000000 0.000000 -0.000000 -0.000000 1.000000 -0.000000 0.000000 0.000000 -0.000000 1.000000 -0.472164 0.000000 0.000000 0.000000 1.000000
1.000000 -0.000000 -0.000000 0.000000 -0.000000 1.000000 -0.000000 0.000000 0.000000 -0.000000 1.000000 -0.472164 0.000000 0.000000 0.000000 1.000000
1.000000 0.000000 0.000000 0.000000 -0.000000 1.000000 0.000000 0.000000 0.000000 0.000000 1.000000 -0.472164 0.000000 0.000000 0.000000 1.000000
1.000000 -0.000000 -0.000000 0.000000 -0.000000 1.000000 -0.000000 0.000000 0.000000 -0.000000 1.000000 -0.472164 0.000000 0.000000 0.000000 1.000000
1.000000 -0.000000 0.000000 0.000000 -0.000000 1.000000 0.000000 -0.000000 -0.000000 0.000000 1.000000 -0.472164 0.000000 0.000000 0.000000 1.000000
1.000000 -0.000000 0.000000 0.000000 0.000000 1.000000 0.000000 0.000000 0.000000 -0.000000 1.000000 -0.472164 0.000000 0.000000 0.000000 1.000000
1.000000 -0.000000 -0.000000 0.000000 0.000000 1.000000 -0.000000 -0.000000 0.000000 0.000000 1.000000 -0.472164 0.000000 0.000000 0.000000 1.000000
1.000000 -0.000000 0.000000 0.000000 0.000000 1.000000 0.000000 -0.000000 0.000000 0.000000 1.000000 -0.472164 0.000000 0.000000 0.000000 1.000000
1.000000 -0.000000 -0.000000 0.000000 0.000000 1.000000 0.000000 0.000000 0.000000 0.000000 1.000000 -0.472164 0.000000 0.000000 0.000000 1.000000
1.000000 0.000000 0.000000 0.000000 0.000000 1.000000 0.000000 0.000000 0.000000 0.000000 1.000000 -0.472164 0.000000 0.000000 0.000000 1.000000
1.000000 0.000000 0.000000 0.000000 0.000000 1.000000 -0.000000 -0.000000 0.000000 0.000000 1.000000 -0.472164 0.000000 0.000000 0.000000 1.000000
1.000000 0.000000 -0.000000 0.000000 0.000000 1.000000 0.000000 0.000000 0.000000 0.000000 1.000000 -0.472164 0.000000 0.000000 0.000000 1.000000
1.000000 0.000000 0.000000 0.000000 0.000000 1.000000 0.000000 0.000000 0.000000 0.000000 1.000000 -0.472164 0.000000 0.000000 0.000000 1.000000
1.000000 -0.000000 -0.000000 0.000000 -0.000000 1.000000 0.000000 0.000000 -0.000000 0.000000 1.000000 -0.472164 0.000000 0.000000 0.000000 1.000000
1.000000 0.000000 0.000000 -0.000000 0.000000 1.000000 0.000000 -0.000000 0.000000 0.000000 1.000000 -0.472164 0.000000 0.000000 0.000000 1.000000
1.000000 0.000000 -0.000000 0.000000 0.000000 1.000000 0.000000 0.000000 0.000000 -0.000000 1.000000 -0.472164 0.000000 0.000000 0.000000 1.000000
1.000000 -0.000000 0.000000 -0.000000 -0.000000 1.000000 -0.000000 0.000000 0.000000 0.000000 1.000000 -0.472164 0.000000 0.000000 0.000000 1.000000
1.000000 0.000000 -0.000000 -0.000000 -0.000000 1.000000 0.000000 0.000000 0.000000 0.000000 1.000000 -0.472164 0.000000 0.000000 0.000000 1.000000
1.000000 0.000000 0.000000 -0.000000 0.000000 1.000000 0.000000 0.000000 0.000000 0.000000 1.000000 -0.472164 0.000000 0.000000 0.000000 1.000000
1.000000 0.000000 0.000000 0.000000 0.000000 1.000000 -0.000000 0.000000 -0.000000 0.000000 1.000000 -0.472164 0.000000 0.000000 0.000000 1.000000
1.000000 0.000000 0.000000 0.000000 -0.000000 1.000000 0.000000 0.000000 -0.000000 0.000000 1.000000 -0.472164 0.000000 0.000000 0.000000 1.000000
1.000000 -0.000000 -0.000000 0.000000 0.000000 1.000000 0.000000 0.000000 0.000000 -0.000000 1.000000 -0.472164 0.000000 0.000000 0.000000 1.000000
1.000000 0.000000 0.000000 0.000000 -0.000000 1.000000 0.000000 0.000000 0.000000 -0.000000 1.000000 -0.472164 0.000000 0.000000 0.000000 1.000000
1.000000 -0.000000 0.000000 -0.000000 0.000000 1.000000 0.000000 0.000000 0.000000 0.000000 1.000000 -0.472164 0.000000 0.000000 0.000000 1.000000
1.000000 0.000000 0.000000 -0.000000 -0.000000 1.000000 -0.000000 0.000000 0.000000 0.000000 1.000000 -0.472164 0.000000 0.000000 0.000000 1.000000
1.000000 0.000000 0.000000 -0.000000 -0.000000 1.000000 0.000000 0.000000 0.000000 0.000000 1.000000 -0.472164 0.000000 0.000000 0.000000 1.000000
1.000000 0.000000 -0.000000 0.000000 0.000000 1.000000 0.000000 0.000000 0.000000 0.000000 1.000000 -0.472164 0.000000 0.000000 0.000000 1.000000
1.000000 0.000000 0.000000 -0.000000 0.000000 1.000000 -0.000000 -0.000000 0.000000 0.000000 1.000000 -0.472164 0.000000 0.000000 0.000000 1.000000
1.000000 -0.000000 0.000000 0.000000 -0.000000 1.000000 0.000000 0.000000 -0.000000 0.000000 1.000000 -0.472164 0.000000 0.000000 0.000000 1.000000
1.000000 0.000000 0.000000 0.000000 0.000000 1.000000 0.000000 0.000000 -0.000000 0.000000 1.000000 -0.472164 0.000000 0.000000 0.000000 1.000000
1.000000 0.000000 -0.000000 0.000000 0.000000 1.000000 0.000000 0.000000 0.000000 -0.000000 1.000000 -0.472164 0.000000 0.000000 0.000000 1.000000
1.000000 -0.000000 0.000000 -0.000000 -0.000000 1.000000 0.000000 0.000000 0.000000 -0.000000 1.000000 -0.472164 0.000000 0.000000 0.000000 1.000000
1.000000 -0.000000 0.000000 -0.000000 0.000000 1.000000 0.000000 0.000000 -0.000000 0.000000 1.000000 -0.472164 0.000000 0.000000 0.000000 1.000000
1.000000 0.000000 0.000000 -0.000000 -0.000000 1.000000 0.000000 0.000000 -0.000000 0.000000 1.000000 -0.472164 0.000000 0.000000 0.000000 1.000000
1.000000 0.000000 0.000000 -0.000000 0.000000 1.000000 0.000000 -0.000000 -0.000000 0.000000 1.000000 -0.472164 0.000000 0.000000 0.000000 1.000000
1.000000 0.000000 0.000000 -0.000000 -0.000000 1.000000 0.000000 0.000000 0.000000 -0.000000 1.000000 -0.472164 0.000000 0.000000 0.000000 1.000000
1.000000 -0.000000 -0.000000 0.000000 0.000000 1.000000 -0.000000 0.000000 -0.000000 0.000000 1.000000 -0.472164 0.000000 0.000000 0.000000 1.000000
1.000000 0.000000 -0.000000 -0.000000 0.000000 1.000000 -0.000000 0.000000 0.000000 -0.000000 1.000000 -0.472164 0.000000 0.000000 0.000000 1.000000
1.000000 0.000000 0.000000 0.000000 0.000000 1.000000 0.000000 0.000000 0.000000 0.000000 1.000000 -0.472164 0.000000 0.000000 0.000000 1.000000
1.000000 0.000000 0.000000 0.000000 0.000000 1.000000 0.000000 0.000000 0.000000 0.000000 1.000000 -0.472164 0.000000 0.000000 0.000000 1.000000</float_array><technique_common><accessor source="#hips-Matrix-animation-output-transform-array" count="61" stride="16"><param type="float4x4"/></accessor></technique_common></source><source id="hips-Interpolations"><Name_array id="hips-Interpolations-array" count="61">
 LINEAR LINEAR LINEAR LINEAR LINEAR LINEAR LINEAR LINEAR LINEAR LINEAR LINEAR
LINEAR LINEAR LINEAR LINEAR LINEAR LINEAR LINEAR LINEAR LINEAR LINEAR LINEAR LINEAR
LINEAR LINEAR LINEAR LINEAR LINEAR LINEAR LINEAR LINEAR LINEAR LINEAR LINEAR LINEAR
LINEAR LINEAR LINEAR LINEAR LINEAR LINEAR LINEAR LINEAR LINEAR LINEAR LINEAR LINEAR
LINEAR LINEAR LINEAR LINEAR LINEAR LINEAR LINEAR LINEAR LINEAR LINEAR LINEAR LINEAR
LINEAR LINEAR</Name_array><technique_common><accessor source="#hips-Interpolations-array" count="61"><param type="name"/></accessor></technique_common></source><sampler id="hips-Matrix-animation-transform"><input semantic="INPUT" source="#hips-Matrix-animation-input"/><input semantic="OUTPUT" source="#hips-Matrix-animation-output-transform"/><input semantic="INTERPOLATION" source="#hips-Interpolations"/></sampler><channel source="#hips-Matrix-animation-transform" target="hips/matrix"/></animation><animation><source id="hips-visibility-animation-input"><float_array id="hips-visibility-animation-input-array" count="61">

0.033333 0.066667 0.100000 0.133333 0.166667 0.200000 0.233333 0.266667 0.300000 0.333333 0.366667 0.400000 0.433333 0.466667 0.500000 0.533333
0.566667 0.600000 0.633333 0.666667 0.700000 0.733333 0.766667 0.800000 0.833333 0.866667 0.900000 0.933333 0.966667 1.000000 1.033333 1.066667
1.100000 1.133333 1.166667 1.200000 1.233333 1.266667 1.300000 1.333333 1.366667 1.400000 1.433333 1.466667 1.500000 1.533333 1.566667 1.600000
1.633333 1.666667 1.700000 1.733333 1.766667 1.800000 1.833333 1.866667 1.900000 1.933333 1.966667 2.000000 2.033333</float_array><technique_common><accessor source="#hips-visibility-animation-input-array" count="61"><param name="TIME" type="float"/></accessor></technique_common></source><source id="hips-visibility-animation-output"><float_array id="hips-visibility-animation-output-array" count="61">

1.000000 1.000000 1.000000 1.000000 1.000000 1.000000 1.000000 1.000000 1.000000 1.000000 1.000000 1.000000 1.000000 1.000000 1.000000 1.000000
1.000000 1.000000 1.000000 1.000000 1.000000 1.000000 1.000000 1.000000 1.000000 1.000000 1.000000 1.000000 1.000000 1.000000 1.000000 1.000000
1.000000 1.000000 1.000000 1.000000 1.000000 1.000000 1.000000 1.000000 1.000000 1.000000 1.000000 1.000000 1.000000 1.000000 1.000000 1.000000
1.000000 1.000000 1.000000 1.000000 1.000000 1.000000 1.000000 1.000000 1.000000 1.000000 1.000000 1.000000 1.000000</float_array><technique_common><accessor source="#hips-visibility-animation-output-array" count="61"><param type="float"/></accessor></technique_common></source><source id="hips-visibility-animation-intan"><float_array id="hips-visibility-animation-intan-array" count="61">

0.000000 0.000000 0.000000 0.000000 0.000000 0.000000 0.000000 0.000000 0.000000 0.000000 0.000000 0.000000 0.000000 0.000000 0.000000 0.000000
0.000000 0.000000 0.000000 0.000000 0.000000 0.000000 0.000000 0.000000 0.000000 0.000000 0.000000 0.000000 0.000000 0.000000 0.000000 0.000000
0.000000 0.000000 0.000000 0.000000 0.000000 0.000000 0.000000 0.000000 0.000000 0.000000 0.000000 0.000000 0.000000 0.000000 0.000000 0.000000
0.000000 0.000000 0.000000 0.000000 0.000000 0.000000 0.000000 0.000000 0.000000 0.000000 0.000000 0.000000 0.000000</float_array><technique_common><accessor source="#hips-visibility-animation-intan-array" count="61"><param type="float"/></accessor></technique_common></source><source id="hips-visibility-animation-outtan"><float_array id="hips-visibility-animation-outtan-array" count="61">

0.000000 0.000000 0.000000 0.000000 0.000000 0.000000 0.000000 0.000000 0.000000 0.000000 0.000000 0.000000 0.000000 0.000000 0.000000 0.000000
0.000000 0.000000 0.000000 0.000000 0.000000 0.000000 0.000000 0.000000 0.000000 0.000000 0.000000 0.000000 0.000000 0.000000 0.000000 0.000000
0.000000 0.000000 0.000000 0.000000 0.000000 0.000000 0.000000 0.000000 0.000000 0.000000 0.000000 0.000000 0.000000 0.000000 0.000000 0.000000
0.000000 0.000000 0.000000 0.000000 0.000000 0.000000 0.000000 0.000000 0.000000 0.000000 0.000000 0.000000 0.000000</float_array><technique_common><accessor source="#hips-visibility-animation-outtan-array" count="61"><param type="float"/></accessor></technique_common></source><source id="hips-visibility-animation-interpolation"><Name_array id="hips-visibility-animation-interpolation-array" count="61">
 BEZIER BEZIER BEZIER BEZIER BEZIER BEZIER BEZIER BEZIER BEZIER BEZIER BEZIER
BEZIER BEZIER BEZIER BEZIER BEZIER BEZIER BEZIER BEZIER BEZIER BEZIER BEZIER BEZIER
BEZIER BEZIER BEZIER BEZIER BEZIER BEZIER BEZIER BEZIER BEZIER BEZIER BEZIER BEZIER
BEZIER BEZIER BEZIER BEZIER BEZIER BEZIER BEZIER BEZIER BEZIER BEZIER BEZIER BEZIER
BEZIER BEZIER BEZIER BEZIER BEZIER BEZIER BEZIER BEZIER BEZIER BEZIER BEZIER BEZIER
BEZIER BEZIER</Name_array><technique_common><accessor source="#hips-visibility-animation-interpolation-array" count="61"><param type="name"/></accessor></technique_common></source><sampler id="hips-visibility-animation"><input semantic="INPUT" source="#hips-visibility-animation-input"/><input semantic="OUTPUT" source="#hips-visibility-animation-output"/><input semantic="IN_TANGENT" source="#hips-visibility-animation-intan"/><input semantic="OUT_TANGENT" source="#hips-visibility-animation-outtan"/><input semantic="INTERPOLATION" source="#hips-visibility-animation-interpolation"/></sampler><channel source="#hips-visibility-animation" target="hips/visibility"/></animation></animation>
    <animation id="LeftBackLeg-anim" name="LeftBackLeg"><animation><source id="LeftBackLeg-Matrix-animation-input"><float_array id="LeftBackLeg-Matrix-animation-input-array" count="61">

0.033333 0.066667 0.100000 0.133333 0.166667 0.200000 0.233333 0.266667 0.300000 0.333333 0.366667 0.400000 0.433333 0.466667 0.500000 0.533333
0.566667 0.600000 0.633333 0.666667 0.700000 0.733333 0.766667 0.800000 0.833333 0.866667 0.900000 0.933333 0.966667 1.000000 1.033333 1.066667
1.100000 1.133333 1.166667 1.200000 1.233333 1.266667 1.300000 1.333333 1.366667 1.400000 1.433333 1.466667 1.500000 1.533333 1.566667 1.600000
1.633333 1.666667 1.700000 1.733333 1.766667 1.800000 1.833333 1.866667 1.900000 1.933333 1.966667 2.000000 2.033333</float_array><technique_common><accessor source="#LeftBackLeg-Matrix-animation-input-array" count="61"><param name="TIME" type="float"/></accessor></technique_common></source><source id="LeftBackLeg-Matrix-animation-output-transform"><float_array id="LeftBackLeg-Matrix-animation-output-transform-array" count="976">

0.993069 0.103595 0.055511 0.294680 -0.099619 0.992549 -0.070155 -0.032709 -0.062366 0.064139 0.995990 -0.050545 0.000000 0.000000 0.000000 1.000000
0.996114 0.072978 0.049300 0.294680 -0.067586 0.992343 -0.103379 -0.032709 -0.056467 0.099646 0.993419 -0.050545 0.000000 0.000000 0.000000 1.000000
0.998531 0.031507 0.044088 0.294680 -0.024472 0.988099 -0.151861 -0.032709 -0.048348 0.150559 0.987418 -0.050545 0.000000 0.000000 0.000000 1.000000
0.998995 -0.016283 0.041760 0.294680 0.024604 0.977980 -0.207242 -0.032709 -0.037466 0.208061 0.977398 -0.050545 0.000000 0.000000 0.000000 1.000000
0.996812 -0.066876 0.043502 0.294680 0.076038 0.961436 -0.264309 -0.032709 -0.024148 0.266774 0.963456 -0.050545 0.000000 0.000000 0.000000 1.000000
0.991780 -0.118078 0.049289 0.294680 0.127666 0.938952 -0.319484 -0.032709 -0.008556 0.323151 0.946309 -0.050545 0.000000 0.000000 0.000000 1.000000
0.984034 -0.167974 0.058836 0.294680 0.177771 0.911638 -0.370558 -0.032709 0.008607 0.375101 0.926944 -0.050545 0.000000 0.000000 0.000000 1.000000
0.974014 -0.214931 0.071426 0.294680 0.224935 0.881109 -0.415994 -0.032709 0.026475 0.421250 0.906558 -0.050545 0.000000 0.000000 0.000000 1.000000
0.961985 -0.259107 0.086298 0.294680 0.269418 0.848665 -0.455171 -0.032709 0.044700 0.461119 0.886212 -0.050545 0.000000 0.000000 0.000000 1.000000
0.948084 -0.300916 0.102892 0.294680 0.311722 0.815251 -0.488053 -0.032709 0.062980 0.494789 0.866728 -0.050545 0.000000 0.000000 0.000000 1.000000
0.932915 -0.339383 0.120372 0.294680 0.350987 0.782287 -0.514621 -0.032709 0.080488 0.522346 0.848927 -0.050545 0.000000 0.000000 0.000000 1.000000
0.917291 -0.373643 0.137728 0.294680 0.386359 0.751267 -0.535093 -0.032709 0.096463 0.544048 0.833491 -0.050545 0.000000 0.000000 0.000000 1.000000
0.902210 -0.402932 0.153829 0.294680 0.416971 0.723714 -0.549885 -0.032709 0.110238 0.560254 0.820953 -0.050545 0.000000 0.000000 0.000000 1.000000
0.888812 -0.426567 0.167492 0.294680 0.441941 0.701141 -0.559544 -0.032709 0.121248 0.571351 0.811700 -0.050545 0.000000 0.000000 0.000000 1.000000
0.878302 -0.443913 0.177559 0.294680 0.460368 0.685006 -0.564649 -0.032709 0.129026 0.577674 0.806005 -0.050545 0.000000 0.000000 0.000000 1.000000
0.871854 -0.454306 0.182965 0.294680 0.471310 0.676673 -0.565668 -0.032709 0.133179 0.579413 0.804079 -0.050545 0.000000 0.000000 0.000000 1.000000
0.869501 -0.458572 0.183520 0.294680 0.475428 0.676276 -0.562689 -0.032709 0.133924 0.576509 0.806041 -0.050545 0.000000 0.000000 0.000000 1.000000
0.870438 -0.458254 0.179835 0.294680 0.474276 0.682759 -0.555790 -0.032709 0.131909 0.569072 0.811638 -0.050545 0.000000 0.000000 0.000000 1.000000
0.874396 -0.453608 0.172253 0.294680 0.468175 0.695490 -0.545075 -0.032709 0.127450 0.557256 0.820501 -0.050545 0.000000 0.000000 0.000000 1.000000
0.880975 -0.444827 0.161279 0.294680 0.457452 0.713618 -0.530553 -0.032709 0.120913 0.541181 0.832168 -0.050545 0.000000 0.000000 0.000000 1.000000
0.889662 -0.432112 0.147585 0.294680 0.442487 0.736061 -0.512269 -0.032709 0.112726 0.521051 0.846049 -0.050545 0.000000 0.000000 0.000000 1.000000
0.899856 -0.415735 0.131999 0.294680 0.423762 0.761513 -0.490432 -0.032709 0.103371 0.497254 0.861425 -0.050545 0.000000 0.000000 0.000000 1.000000
0.910915 -0.396111 0.115453 0.294680 0.401892 0.788529 -0.465515 -0.032709 0.093357 0.470445 0.877477 -0.050545 0.000000 0.000000 0.000000 1.000000
0.922201 -0.373844 0.098922 0.294680 0.377658 0.815625 -0.438327 -0.032709 0.083182 0.441584 0.893355 -0.050545 0.000000 0.000000 0.000000 1.000000
0.933125 -0.349759 0.083339 0.294680 0.352001 0.841403 -0.410044 -0.032709 0.073296 0.411958 0.908250 -0.050545 0.000000 0.000000 0.000000 1.000000
0.942896 -0.325638 0.070043 0.294680 0.326815 0.863844 -0.383360 -0.032709 0.064331 0.384360 0.920939 -0.050545 0.000000 0.000000 0.000000 1.000000
0.951119 -0.302992 0.059739 0.294680 0.303601 0.881939 -0.360569 -0.032709 0.056563 0.361081 0.930818 -0.050545 0.000000 0.000000 0.000000 1.000000
0.957876 -0.282377 0.052311 0.294680 0.282822 0.895935 -0.342508 -0.032709 0.049849 0.342875 0.938057 -0.050545 0.000000 0.000000 0.000000 1.000000
0.963267 -0.264292 0.047613 0.294680 0.264906 0.906062 -0.329965 -0.032709 0.044067 0.330457 0.942792 -0.050545 0.000000 0.000000 0.000000 1.000000
0.967398 -0.249144 0.045479 0.294680 0.250219 0.912500 -0.323627 -0.032709 0.039130 0.324456 0.945091 -0.050545 0.000000 0.000000 0.000000 1.000000
0.970377 -0.237226 0.045738 0.294680 0.239046 0.915344 -0.324040 -0.032709 0.035005 0.325374 0.944937 -0.050545 0.000000 0.000000 0.000000 1.000000
0.973428 -0.224132 0.046930 0.294680 0.226981 0.917292 -0.327193 -0.032709 0.030286 0.329151 0.943792 -0.050545 0.000000 0.000000 0.000000 1.000000
0.977329 -0.206259 0.047814 0.294680 0.210384 0.920627 -0.328913 -0.032709 0.023822 0.331516 0.943149 -0.050545 0.000000 0.000000 0.000000 1.000000
0.981534 -0.185023 0.048559 0.294680 0.190616 0.924759 -0.329373 -0.032709 0.016037 0.332547 0.942950 -0.050545 0.000000 0.000000 0.000000 1.000000
0.985579 -0.161866 0.049320 0.294680 0.169052 0.929141 -0.328813 -0.032709 0.007399 0.332409 0.943106 -0.050545 0.000000 0.000000 0.000000 1.000000
0.989123 -0.138253 0.050215 0.294680 0.147081 0.933303 -0.327585 -0.032709 -0.001577 0.331408 0.943486 -0.050545 0.000000 0.000000 0.000000 1.000000
0.991962 -0.115668 0.051297 0.294680 0.126110 0.936860 -0.326174 -0.032709 -0.010330 0.330021 0.943917 -0.050545 0.000000 0.000000 0.000000 1.000000
0.994032 -0.095599 0.052540 0.294680 0.107544 0.939513 -0.325192 -0.032709 -0.018274 0.328902 0.944187 -0.050545 0.000000 0.000000 0.000000 1.000000
0.995621 -0.076401 0.053859 0.294680 0.089795 0.941814 -0.323918 -0.032709 -0.025977 0.327336 0.944551 -0.050545 0.000000 0.000000 0.000000 1.000000
0.996919 -0.055696 0.055231 0.294680 0.070545 0.944485 -0.320891 -0.032709 -0.034293 0.323799 0.945504 -0.050545 0.000000 0.000000 0.000000 1.000000
0.997816 -0.033892 0.056696 0.294680 0.050124 0.947518 -0.315749 -0.032709 -0.043019 0.317901 0.947147 -0.050545 0.000000 0.000000 0.000000 1.000000
0.998233 -0.011419 0.058309 0.294680 0.028879 0.950886 -0.308191 -0.032709 -0.051926 0.309331 0.949536 -0.050545 0.000000 0.000000 0.000000 1.000000
0.998127 0.011271 0.060127 0.294680 0.007171 0.954545 -0.297979 -0.032709 -0.060752 0.297852 0.952677 -0.050545 0.000000 0.000000 0.000000 1.000000
0.997495 0.033704 0.062184 0.294680 -0.014621 0.958434 -0.284938 -0.032709 -0.069203 0.283316 0.956527 -0.050545 0.000000 0.000000 0.000000 1.000000
0.996380 0.055402 0.064481 0.294680 -0.036112 0.962478 -0.268946 -0.032709 -0.076962 0.265644 0.960994 -0.050545 0.000000 0.000000 0.000000 1.000000
0.994866 0.075883 0.066964 0.294680 -0.056904 0.966591 -0.249926 -0.032709 -0.083692 0.244833 0.965946 -0.050545 0.000000 0.000000 0.000000 1.000000
