<?xml version="1.0" encoding="utf-8"?>
<COLLADA xmlns="http://www.collada.org/2005/11/COLLADASchema" version="1.4.1">
  <asset><contributor><author></author><authoring_tool>FBX COLLADA exporter</authoring_tool><comments></comments></contributor><created>2014-06-04T15:33:27Z</created><keywords></keywords><modified>2014-06-04T15:33:27Z</modified><revision></revision><subject></subject><title></title><unit meter="0.010000" name="centimeter"></unit><up_axis>Y_UP</up_axis></asset>
  <library_animations>
    <animation id="Root-anim" name="Root"><animation><source id="Root-Matrix-animation-input"><float_array id="Root-Matrix-animation-input-array" count="191">

0.033333 0.066667 0.100000 0.133333 0.166667 0.200000 0.233333 0.266667 0.300000 0.333333 0.366667 0.400000 0.433333 0.466667 0.500000 0.533333
0.566667 0.600000 0.633333 0.666667 0.700000 0.733333 0.766667 0.800000 0.833333 0.866667 0.900000 0.933333 0.966667 1.000000 1.033333 1.066667
1.100000 1.133333 1.166667 1.200000 1.233333 1.266667 1.300000 1.333333 1.366667 1.400000 1.433333 1.466667 1.500000 1.533333 1.566667 1.600000
1.633333 1.666667 1.700000 1.733333 1.766667 1.800000 1.833333 1.866667 1.900000 1.933333 1.966667 2.000000 2.033333 2.066667 2.100000 2.133333
2.166667 2.200000 2.233333 2.266667 2.300000 2.333333 2.366667 2.400000 2.433333 2.466667 2.500000 2.533333 2.566667 2.600000 2.633333 2.666667
2.700000 2.733333 2.766667 2.800000 2.833333 2.866667 2.900000 2.933333 2.966667 3.000000 3.033333 3.066667 3.100000 3.133333 3.166667 3.200000
3.233333 3.266667 3.300000 3.333333 3.366667 3.400000 3.433333 3.466667 3.500000 3.533333 3.566667 3.600000 3.633333 3.666667 3.700000 3.733333
3.766667 3.800000 3.833333 3.866667 3.900000 3.933333 3.966667 4.000000 4.033333 4.066667 4.100000 4.133333 4.166667 4.200000 4.233333 4.266667
4.300000 4.333333 4.366667 4.400000 4.433333 4.466667 4.500000 4.533333 4.566667 4.600000 4.633333 4.666667 4.700000 4.733333 4.766667 4.800000
4.833333 4.866667 4.900000 4.933333 4.966667 5.000000 5.033333 5.066667 5.100000 5.133333 5.166667 5.200000 5.233333 5.266667 5.300000 5.333333
5.366667 5.400000 5.433333 5.466667 5.500000 5.533333 5.566667 5.600000 5.633333 5.666667 5.700000 5.733333 5.766667 5.800000 5.833333 5.866667
5.900000 5.933333 5.966667 6.000000 6.033333 6.066667 6.100000 6.133333 6.166667 6.200000 6.233333 6.266667 6.300000 6.333333 6.366667</float_array><technique_common><accessor source="#Root-Matrix-animation-input-array" count="191"><param name="TIME" type="float"/></accessor></technique_common></source><source id="Root-Matrix-animation-output-transform"><float_array id="Root-Matrix-animation-output-transform-array" count="3056">

1.000000 0.000000 0.000000 0.000000 0.000000 1.000000 0.000000 0.255515 0.000000 0.000000 1.000000 -0.028853 0.000000 0.000000 0.000000 1.000000
1.000000 0.000000 0.000000 0.000000 0.000000 1.000000 -0.000401 0.255513 0.000000 0.000401 1.000000 -0.028792 0.000000 0.000000 0.000000 1.000000
1.000000 0.000000 0.000000 0.000000 0.000000 0.999999 -0.001549 0.255506 0.000000 0.001549 0.999999 -0.028613 0.000000 0.000000 0.000000 1.000000
1.000000 0.000000 0.000000 0.000000 0.000000 0.999994 -0.003361 0.255496 0.000000 0.003361 0.999994 -0.028327 0.000000 0.000000 0.000000 1.000000
1.000000 0.000000 0.000000 0.000000 0.000000 0.999983 -0.005754 0.255482 0.000000 0.005754 0.999983 -0.027943 0.000000 0.000000 0.000000 1.000000
1.000000 0.000000 0.000000 0.000000 0.000000 0.999963 -0.008644 0.255464 0.000000 0.008644 0.999963 -0.027472 0.000000 0.000000 0.000000 1.000000
1.000000 0.000000 0.000000 0.000000 0.000000 0.999929 -0.011950 0.255442 0.000000 0.011950 0.999929 -0.026922 0.000000 0.000000 0.000000 1.000000
1.000000 0.000000 0.000000 0.000000 0.000000 0.999879 -0.015587 0.255416 0.000000 0.015587 0.999879 -0.026304 0.000000 0.000000 0.000000 1.000000
1.000000 0.000000 0.000000 0.000000 0.000000 0.999810 -0.019473 0.255385 0.000000 0.019473 0.999810 -0.025627 0.000000 0.000000 0.000000 1.000000
1.000000 0.000000 0.000000 0.000000 0.000000 0.999723 -0.023524 0.255351 0.000000 0.023524 0.999723 -0.024900 0.000000 0.000000 0.000000 1.000000
1.000000 0.000000 0.000000 0.000000 0.000000 0.999617 -0.027658 0.255313 0.000000 0.027658 0.999617 -0.024134 0.000000 0.000000 0.000000 1.000000
1.000000 0.000000 0.000000 0.000000 0.000000 0.999495 -0.031792 0.255271 0.000000 0.031792 0.999495 -0.023338 0.000000 0.000000 0.000000 1.000000
1.000000 0.000000 0.000000 0.000000 0.000000 0.999357 -0.035842 0.255225 0.000000 0.035842 0.999357 -0.022523 0.000000 0.000000 0.000000 1.000000
1.000000 0.000000 0.000000 0.000000 0.000000 0.999211 -0.039726 0.255176 0.000000 0.039726 0.999211 -0.021696 0.000000 0.000000 0.000000 1.000000
1.000000 0.000000 0.000000 0.000000 0.000000 0.999060 -0.043360 0.255122 0.000000 0.043360 0.999060 -0.020869 0.000000 0.000000 0.000000 1.000000
1.000000 0.000000 0.000000 0.000000 0.000000 0.998911 -0.046662 0.255065 0.000000 0.046662 0.998911 -0.020051 0.000000 0.000000 0.000000 1.000000
1.000000 0.000000 0.000000 0.000000 0.000000 0.998772 -0.049550 0.255003 0.000000 0.049550 0.998772 -0.019251 0.000000 0.000000 0.000000 1.000000
1.000000 0.000000 0.000000 0.000000 0.000000 0.998650 -0.051939 0.254938 0.000000 0.051939 0.998650 -0.018480 0.000000 0.000000 0.000000 1.000000
1.000000 0.000000 0.000000 0.000000 0.000000 0.998555 -0.053749 0.254869 0.000000 0.053749 0.998555 -0.017746 0.000000 0.000000 0.000000 1.000000
1.000000 0.000000 0.000000 0.000000 0.000000 0.998492 -0.054895 0.254797 0.000000 0.054895 0.998492 -0.017061 0.000000 0.000000 0.000000 1.000000
1.000000 0.000000 0.000000 0.000000 0.000000 0.998470 -0.055295 0.254720 0.000000 0.055295 0.998470 -0.016432 0.000000 0.000000 0.000000 1.000000
1.000000 -0.000010 -0.000000 0.000000 0.000010 0.998477 -0.055169 0.254644 0.000001 0.055169 0.998477 -0.015832 0.000000 0.000000 0.000000 1.000000
1.000000 -0.000038 -0.000002 0.000000 0.000038 0.998497 -0.054805 0.254570 0.000004 0.054805 0.998497 -0.015225 0.000000 0.000000 0.000000 1.000000
1.000000 -0.000086 -0.000004 0.000000 0.000085 0.998529 -0.054222 0.254499 0.000009 0.054222 0.998529 -0.014613 0.000000 0.000000 0.000000 1.000000
1.000000 -0.000151 -0.000007 0.000000 0.000151 0.998571 -0.053441 0.254430 0.000015 0.053441 0.998571 -0.013995 0.000000 0.000000 0.000000 1.000000
1.000000 -0.000235 -0.000011 0.000000 0.000234 0.998622 -0.052480 0.254363 0.000023 0.052480 0.998622 -0.013373 0.000000 0.000000 0.000000 1.000000
1.000000 -0.000335 -0.000015 0.000000 0.000334 0.998680 -0.051361 0.254297 0.000032 0.051361 0.998680 -0.012747 0.000000 0.000000 0.000000 1.000000
1.000000 -0.000452 -0.000020 0.000000 0.000451 0.998744 -0.050102 0.254232 0.000042 0.050102 0.998744 -0.012118 0.000000 0.000000 0.000000 1.000000
1.000000 -0.000586 -0.000025 0.000000 0.000584 0.998812 -0.048723 0.254167 0.000054 0.048723 0.998812 -0.011487 0.000000 0.000000 0.000000 1.000000
1.000000 -0.000736 -0.000031 0.000000 0.000733 0.998883 -0.047245 0.254103 0.000066 0.047245 0.998883 -0.010855 0.000000 0.000000 0.000000 1.000000
1.000000 -0.000900 -0.000037 0.000000 0.000898 0.998955 -0.045687 0.254038 0.000078 0.045687 0.998956 -0.010221 0.000000 0.000000 0.000000 1.000000
0.999999 -0.001080 -0.000044 0.000000 0.001077 0.999028 -0.044069 0.253972 0.000092 0.044069 0.999028 -0.009588 0.000000 0.000000 0.000000 1.000000
0.999999 -0.001275 -0.000051 0.000000 0.001272 0.999099 -0.042411 0.253906 0.000105 0.042411 0.999100 -0.008955 0.000000 0.000000 0.000000 1.000000
0.999999 -0.001483 -0.000058 0.000000 0.001480 0.999169 -0.040732 0.253837 0.000119 0.040732 0.999170 -0.008323 0.000000 0.000000 0.000000 1.000000
0.999999 -0.001706 -0.000066 0.000000 0.001702 0.999236 -0.039053 0.253767 0.000133 0.039053 0.999237 -0.007694 0.000000 0.000000 0.000000 1.000000
0.999998 -0.001941 -0.000073 0.000000 0.001937 0.999299 -0.037394 0.253694 0.000146 0.037393 0.999301 -0.007067 0.000000 0.000000 0.000000 1.000000
0.999998 -0.002189 -0.000081 0.000000 0.002185 0.999358 -0.035773 0.253618 0.000159 0.035773 0.999360 -0.006444 0.000000 0.000000 0.000000 1.000000
0.999997 -0.002449 -0.000088 0.000000 0.002445 0.999412 -0.034212 0.253539 0.000172 0.034211 0.999415 -0.005825 0.000000 0.000000 0.000000 1.000000
0.999996 -0.002722 -0.000095 0.000000 0.002717 0.999461 -0.032729 0.253456 0.000184 0.032729 0.999464 -0.005211 0.000000 0.000000 0.000000 1.000000
0.999995 -0.003005 -0.000101 0.000000 0.003001 0.999504 -0.031346 0.253370 0.000195 0.031345 0.999509 -0.004602 0.000000 0.000000 0.000000 1.000000
0.999995 -0.003300 -0.000106 0.000000 0.003295 0.999542 -0.030081 0.253278 0.000206 0.030080 0.999547 -0.004000 0.000000 0.000000 0.000000 1.000000
0.999993 -0.003605 -0.000110 0.000000 0.003600 0.999574 -0.028955 0.253182 0.000215 0.028954 0.999581 -0.003405 0.000000 0.000000 0.000000 1.000000
0.999992 -0.003920 -0.000113 0.000000 0.003915 0.999601 -0.027987 0.253080 0.000222 0.027986 0.999608 -0.002817 0.000000 0.000000 0.000000 1.000000
0.999991 -0.004245 -0.000113 0.000000 0.004240 0.999621 -0.027197 0.252972 0.000229 0.027197 0.999630 -0.002239 0.000000 0.000000 0.000000 1.000000
0.999990 -0.004579 -0.000112 0.000000 0.004574 0.999636 -0.026606 0.252858 0.000234 0.026605 0.999646 -0.001669 0.000000 0.000000 0.000000 1.000000
0.999988 -0.004921 -0.000108 0.000000 0.004917 0.999644 -0.026233 0.252738 0.000237 0.026232 0.999656 -0.001109 0.000000 0.000000 0.000000 1.000000
0.999986 -0.005272 -0.000100 0.000000 0.005268 0.999646 -0.026097 0.252610 0.000238 0.026097 0.999659 -0.000560 0.000000 0.000000 0.000000 1.000000
0.999983 -0.005837 -0.000085 0.000000 0.005832 0.999643 -0.026090 0.252475 0.000237 0.026089 0.999660 -0.000023 0.000000 0.000000 0.000000 1.000000
0.999977 -0.006735 -0.000057 0.000000 0.006731 0.999637 -0.026086 0.252332 0.000233 0.026085 0.999660 0.000503 0.000000 0.000000 0.000000 1.000000
0.999969 -0.007841 -0.000017 0.000000 0.007838 0.999629 -0.026085 0.252181 0.000221 0.026084 0.999660 0.001016 0.000000 0.000000 0.000000 1.000000
0.999959 -0.009029 0.000037 0.000000 0.009027 0.999619 -0.026084 0.252021 0.000199 0.026083 0.999660 0.001515 0.000000 0.000000 0.000000 1.000000
0.999948 -0.010172 0.000103 0.000000 0.010171 0.999608 -0.026084 0.251851 0.000162 0.026083 0.999660 0.002000 0.000000 0.000000 0.000000 1.000000
0.999938 -0.011144 0.000184 0.000000 0.011145 0.999598 -0.026081 0.251673 0.000107 0.026082 0.999660 0.002470 0.000000 0.000000 0.000000 1.000000
0.999930 -0.011818 0.000278 0.000000 0.011821 0.999590 -0.026076 0.251484 0.000030 0.026078 0.999660 0.002924 0.000000 0.000000 0.000000 1.000000
0.999927 -0.012069 0.000387 0.000000 0.012075 0.999587 -0.026068 0.251284 -0.000072 0.026070 0.999660 0.003362 0.000000 0.000000 0.000000 1.000000
0.999928 -0.011965 0.000853 0.000122 0.011983 0.999594 -0.025855 0.251062 -0.000543 0.025863 0.999665 0.003777 0.000000 0.000000 0.000000 1.000000
0.999930 -0.011669 0.001973 0.000474 0.011715 0.999612 -0.025261 0.250807 -0.001677 0.025282 0.999679 0.004163 0.000000 0.000000 0.000000 1.000000
0.999931 -0.011201 0.003677 0.001030 0.011287 0.999640 -0.024321 0.250521 -0.003404 0.024360 0.999697 0.004521 0.000000 0.000000 0.000000 1.000000
0.999927 -0.010580 0.005899 0.001767 0.010713 0.999676 -0.023070 0.250207 -0.005653 0.023131 0.999716 0.004851 0.000000 0.000000 0.000000 1.000000
0.999915 -0.009824 0.008567 0.002660 0.010007 0.999718 -0.021543 0.249869 -0.008353 0.021627 0.999731 0.005156 0.000000 0.000000 0.000000 1.000000
0.999892 -0.008954 0.011615 0.003687 0.009183 0.999762 -0.019776 0.249509 -0.011435 0.019880 0.999737 0.005435 0.000000 0.000000 0.000000 1.000000
0.999856 -0.007989 0.014974 0.004821 0.008255 0.999807 -0.017803 0.249131 -0.014828 0.017924 0.999729 0.005690 0.000000 0.000000 0.000000 1.000000
0.999803 -0.006948 0.018574 0.006040 0.007239 0.999851 -0.015661 0.248736 -0.018462 0.015792 0.999705 0.005922 0.000000 0.000000 0.000000 1.000000
0.999733 -0.005849 0.022346 0.007319 0.006149 0.999892 -0.013383 0.248328 -0.022266 0.013517 0.999661 0.006130 0.000000 0.000000 0.000000 1.000000
0.999645 -0.004708 0.026223 0.008634 0.004998 0.999927 -0.011004 0.247910 -0.026169 0.011131 0.999596 0.006317 0.000000 0.000000 0.000000 1.000000
0.999540 -0.003543 0.030133 0.009961 0.003802 0.999956 -0.008557 0.247485 -0.030102 0.008668 0.999509 0.006483 0.000000 0.000000 0.000000 1.000000
0.999419 -0.002367 0.034008 0.011276 0.002575 0.999978 -0.006076 0.247055 -0.033993 0.006160 0.999403 0.006629 0.000000 0.000000 0.000000 1.000000
0.999285 -0.001195 0.037778 0.012555 0.001331 0.999993 -0.003594 0.246624 -0.037773 0.003642 0.999280 0.006756 0.000000 0.000000 0.000000 1.000000
0.999144 -0.000038 0.041371 0.013774 0.000085 0.999999 -0.001142 0.246194 -0.041371 0.001145 0.999143 0.006865 0.000000 0.000000 0.000000 1.000000
0.998999 0.001092 0.044719 0.014909 -0.001149 0.999999 0.001248 0.245768 -0.044717 -0.001298 0.998999 0.006956 0.000000 0.000000 0.000000 1.000000
0.998857 0.002185 0.047749 0.015935 -0.002357 0.999991 0.003544 0.245349 -0.047741 -0.003653 0.998853 0.007031 0.000000 0.000000 0.000000 1.000000
0.998724 0.003231 0.050392 0.016828 -0.003524 0.999977 0.005717 0.244941 -0.050372 -0.005888 0.998713 0.007090 0.000000 0.000000 0.000000 1.000000
0.998608 0.004222 0.052576 0.017565 -0.004635 0.999959 0.007737 0.244545 -0.052541 -0.007970 0.998587 0.007135 0.000000 0.000000 0.000000 1.000000
0.998515 0.005151 0.054229 0.018121 -0.005678 0.999938 0.009573 0.244165 -0.054177 -0.009866 0.998483 0.007165 0.000000 0.000000 0.000000 1.000000
0.998453 0.006009 0.055282 0.018473 -0.006637 0.999915 0.011195 0.243804 -0.055210 -0.011545 0.998408 0.007183 0.000000 0.000000 0.000000 1.000000
0.998427 0.006788 0.055661 0.018595 -0.007499 0.999893 0.012575 0.243464 -0.055570 -0.012973 0.998371 0.007189 0.000000 0.000000 0.000000 1.000000
0.998420 0.007549 0.055680 0.018378 -0.008325 0.999871 0.013718 0.243139 -0.055569 -0.014160 0.998354 0.007188 0.000000 0.000000 0.000000 1.000000
0.998413 0.008347 0.055697 0.017767 -0.009177 0.999850 0.014663 0.242822 -0.055567 -0.015151 0.998340 0.007187 0.000000 0.000000 0.000000 1.000000
0.998405 0.009168 0.055711 0.016823 -0.010043 0.999830 0.015435 0.242512 -0.055560 -0.015970 0.998328 0.007185 0.000000 0.000000 0.000000 1.000000
0.998396 0.010000 0.055718 0.015607 -0.010910 0.999812 0.016055 0.242210 -0.055547 -0.016637 0.998317 0.007182 0.000000 0.000000 0.000000 1.000000
0.998388 0.010829 0.055717 0.014178 -0.011768 0.999794 0.016548 0.241917 -0.055526 -0.017177 0.998309 0.007179 0.000000 0.000000 0.000000 1.000000
0.998379 0.011641 0.055704 0.012598 -0.012602 0.999777 0.016937 0.241631 -0.055494 -0.017612 0.998304 0.007176 0.000000 0.000000 0.000000 1.000000
0.998372 0.012422 0.055678 0.010928 -0.013401 0.999761 0.017245 0.241354 -0.055450 -0.017963 0.998300 0.007172 0.000000 0.000000 0.000000 1.000000
0.998364 0.013159 0.055636 0.009226 -0.014152 0.999747 0.017495 0.241086 -0.055391 -0.018254 0.998298 0.007169 0.000000 0.000000 0.000000 1.000000
0.998359 0.013838 0.055576 0.007556 -0.014843 0.999733 0.017711 0.240826 -0.055316 -0.018507 0.998297 0.007165 0.000000 0.000000 0.000000 1.000000
0.998354 0.014446 0.055496 0.005976 -0.015462 0.999720 0.017915 0.240576 -0.055221 -0.018744 0.998298 0.007162 0.000000 0.000000 0.000000 1.000000
0.998352 0.014970 0.055394 0.004547 -0.015996 0.999708 0.018132 0.240335 -0.055106 -0.018988 0.998300 0.007159 0.000000 0.000000 0.000000 1.000000
0.998353 0.015395 0.055268 0.003331 -0.016433 0.999696 0.018383 0.240104 -0.054968 -0.019261 0.998302 0.007156 0.000000 0.000000 0.000000 1.000000
0.998356 0.015708 0.055116 0.002387 -0.016760 0.999685 0.018693 0.239883 -0.054805 -0.019586 0.998305 0.007154 0.000000 0.000000 0.000000 1.000000
0.998363 0.015895 0.054935 0.001776 -0.016966 0.999674 0.019084 0.239672 -0.054614 -0.019985 0.998308 0.007153 0.000000 0.000000 0.000000 1.000000
0.998374 0.015944 0.054725 0.001559 -0.017037 0.999663 0.019581 0.239472 -0.054394 -0.020481 0.998309 0.007152 0.000000 0.000000 0.000000 1.000000
0.998397 0.015569 0.054414 0.001559 -0.016690 0.999657 0.020201 0.239278 -0.054080 -0.021077 0.998314 0.007152 0.000000 0.000000 0.000000 1.000000
0.998438 0.014561 0.053937 0.001559 -0.015710 0.999657 0.020935 0.239088 -0.053613 -0.021750 0.998325 0.007152 0.000000 0.000000 0.000000 1.000000
0.998494 0.013016 0.053302 0.001559 -0.014193 0.999663 0.021758 0.238903 -0.053001 -0.022481 0.998341 0.007152 0.000000 0.000000 0.000000 1.000000
0.998559 0.011031 0.052519 0.001559 -0.012234 0.999669 0.022645 0.238725 -0.052252 -0.023255 0.998363 0.007152 0.000000 0.000000 0.000000 1.000000
0.998630 0.008701 0.051594 0.001559 -0.009928 0.999673 0.023573 0.238555 -0.051372 -0.024053 0.998390 0.007152 0.000000 0.000000 0.000000 1.000000
0.998703 0.006122 0.050537 0.001559 -0.007369 0.999672 0.024518 0.238394 -0.050371 -0.024859 0.998421 0.007152 0.000000 0.000000 0.000000 1.000000
0.998775 0.003392 0.049358 0.001559 -0.004653 0.999665 0.025455 0.238244 -0.049255 -0.025653 0.998457 0.007152 0.000000 0.000000 0.000000 1.000000
0.998844 0.000606 0.048065 0.001559 -0.001875 0.999651 0.026360 0.238107 -0.048033 -0.026420 0.998496 0.007152 0.000000 0.000000 0.000000 1.000000
0.998908 -0.002140 0.046671 0.001559 0.000870 0.999629 0.027212 0.237983 -0.046712 -0.027142 0.998540 0.007152 0.000000 0.000000 0.000000 1.000000
0.998967 -0.004749 0.045184 0.001559 0.003487 0.999602 0.027987 0.237874 -0.045299 -0.027800 0.998587 0.007152 0.000000 0.000000 0.000000 1.000000
0.999023 -0.007127 0.043618 0.001559 0.005880 0.999572 0.028663 0.237782 -0.043803 -0.028379 0.998637 0.007152 0.000000 0.000000 0.000000 1.000000
0.999076 -0.009178 0.041983 0.001559 0.007955 0.999541 0.029221 0.237708 -0.042232 -0.028860 0.998691 0.007152 0.000000 0.000000 0.000000 1.000000
0.999130 -0.010807 0.040292 0.001559 0.009616 0.999514 0.029638 0.237653 -0.040592 -0.029225 0.998748 0.007152 0.000000 0.000000 0.000000 1.000000
0.999185 -0.011918 0.038556 0.001559 0.010768 0.999495 0.029898 0.237619 -0.038892 -0.029458 0.998809 0.007152 0.000000 0.000000 0.000000 1.000000
0.999246 -0.012416 0.036787 0.001559 0.011315 0.999486 0.029980 0.237608 -0.037140 -0.029541 0.998873 0.007152 0.000000 0.000000 0.000000 1.000000
0.999313 -0.012559 0.034874 0.001559 0.011515 0.999485 0.029965 0.237608 -0.035233 -0.029543 0.998942 0.007152 0.000000 0.000000 0.000000 1.000000
0.999384 -0.012668 0.032726 0.001559 0.011689 0.999483 0.029946 0.237608 -0.033088 -0.029545 0.999016 0.007152 0.000000 0.000000 0.000000 1.000000
0.999457 -0.012747 0.030379 0.001559 0.011838 0.999482 0.029923 0.237608 -0.030745 -0.029547 0.999090 0.007152 0.000000 0.000000 0.000000 1.000000
0.999530 -0.012798 0.027873 0.001559 0.011964 0.999481 0.029897 0.237608 -0.028241 -0.029549 0.999164 0.007152 0.000000 0.000000 0.000000 1.000000
0.999599 -0.012825 0.025246 0.001559 0.012069 0.999481 0.029868 0.237608 -0.025616 -0.029551 0.999235 0.007152 0.000000 0.000000 0.000000 1.000000
0.999664 -0.012830 0.022535 0.001559 0.012155 0.999481 0.029836 0.237608 -0.022907 -0.029552 0.999301 0.007152 0.000000 0.000000 0.000000 1.000000
0.999722 -0.012817 0.019780 0.001559 0.012225 0.999481 0.029803 0.237608 -0.020152 -0.029553 0.999360 0.007152 0.000000 0.000000 0.000000 1.000000
0.999773 -0.012789 0.017019 0.001559 0.012279 0.999481 0.029770 0.237608 -0.017391 -0.029554 0.999412 0.007152 0.000000 0.000000 0.000000 1.000000
0.999817 -0.012749 0.014290 0.001559 0.012319 0.999482 0.029735 0.237608 -0.014662 -0.029554 0.999456 0.007152 0.000000 0.000000 0.000000 1.000000
0.999852 -0.012699 0.011631 0.001559 0.012348 0.999483 0.029701 0.237608 -0.012002 -0.029553 0.999491 0.007152 0.000000 0.000000 0.000000 1.000000
0.999879 -0.012643 0.009081 0.001559 0.012368 0.999483 0.029668 0.237608 -0.009452 -0.029552 0.999519 0.007152 0.000000 0.000000 0.000000 1.000000
0.999899 -0.012583 0.006679 0.001559 0.012380 0.999484 0.029636 0.237608 -0.007048 -0.029550 0.999538 0.007152 0.000000 0.000000 0.000000 1.000000
0.999912 -0.012524 0.004461 0.001559 0.012386 0.999485 0.029606 0.237608 -0.004830 -0.029548 0.999552 0.007152 0.000000 0.000000 0.000000 1.000000
0.999919 -0.012467 0.002468 0.001559 0.012388 0.999486 0.029578 0.237608 -0.002836 -0.029545 0.999559 0.007152 0.000000 0.000000 0.000000 1.000000
0.999923 -0.012416 0.000737 0.001559 0.012389 0.999486 0.029552 0.237608 -0.001104 -0.029541 0.999563 0.007152 0.000000 0.000000 0.000000 1.000000
0.999924 -0.012286 -0.000833 0.001458 0.012306 0.999491 0.029432 0.237615 0.000471 -0.029440 0.999566 0.007124 0.000000 0.000000 0.000000 1.000000
0.999925 -0.012003 -0.002366 0.001171 0.012067 0.999503 0.029128 0.237635 0.002015 -0.029155 0.999573 0.007041 0.000000 0.000000 0.000000 1.000000
0.999925 -0.011585 -0.003858 0.000718 0.011691 0.999521 0.028658 0.237668 0.003524 -0.028701 0.999582 0.006907 0.000000 0.000000 0.000000 1.000000
0.999925 -0.011049 -0.005305 0.000120 0.011194 0.999544 0.028039 0.237714 0.004992 -0.028096 0.999593 0.006725 0.000000 0.000000 0.000000 1.000000
0.999923 -0.010413 -0.006701 -0.000604 0.010592 0.999572 0.027286 0.237771 0.006414 -0.027355 0.999605 0.006497 0.000000 0.000000 0.000000 1.000000
0.999921 -0.009695 -0.008042 -0.001430 0.009904 0.999602 0.026415 0.237839 0.007783 -0.026493 0.999619 0.006228 0.000000 0.000000 0.000000 1.000000
0.999917 -0.008912 -0.009325 -0.002340 0.009146 0.999634 0.025444 0.237918 0.009095 -0.025527 0.999633 0.005921 0.000000 0.000000 0.000000 1.000000
0.999912 -0.008080 -0.010544 -0.003313 0.008336 0.999668 0.024386 0.238006 0.010344 -0.024472 0.999647 0.005578 0.000000 0.000000 0.000000 1.000000
0.999906 -0.007219 -0.011696 -0.004326 0.007489 0.999701 0.023260 0.238104 0.011524 -0.023345 0.999661 0.005203 0.000000 0.000000 0.000000 1.000000
0.999898 -0.006343 -0.012774 -0.005361 0.006624 0.999734 0.022079 0.238210 0.012631 -0.022161 0.999675 0.004800 0.000000 0.000000 0.000000 1.000000
0.999890 -0.005471 -0.013775 -0.006395 0.005758 0.999766 0.020860 0.238325 0.013658 -0.020937 0.999687 0.004370 0.000000 0.000000 0.000000 1.000000
0.999881 -0.004619 -0.014694 -0.007409 0.004907 0.999796 0.019618 0.238447 0.014600 -0.019688 0.999700 0.003918 0.000000 0.000000 0.000000 1.000000
0.999872 -0.003804 -0.015525 -0.008381 0.004089 0.999823 0.018369 0.238576 0.015452 -0.018430 0.999711 0.003447 0.000000 0.000000 0.000000 1.000000
0.999863 -0.003041 -0.016263 -0.009291 0.003320 0.999848 0.017127 0.238711 0.016208 -0.017179 0.999721 0.002960 0.000000 0.000000 0.000000 1.000000
0.999854 -0.002349 -0.016903 -0.010118 0.002618 0.999870 0.015909 0.238851 0.016863 -0.015951 0.999731 0.002460 0.000000 0.000000 0.000000 1.000000
0.999846 -0.001742 -0.017439 -0.010841 0.001999 0.999890 0.014729 0.238997 0.017411 -0.014761 0.999739 0.001950 0.000000 0.000000 0.000000 1.000000
0.999840 -0.001239 -0.017866 -0.011440 0.001482 0.999906 0.013602 0.239147 0.017847 -0.013627 0.999748 0.001434 0.000000 0.000000 0.000000 1.000000
0.999834 -0.000854 -0.018177 -0.011893 0.001082 0.999921 0.012545 0.239302 0.018165 -0.012563 0.999756 0.000915 0.000000 0.000000 0.000000 1.000000
0.999831 -0.000604 -0.018368 -0.012180 0.000817 0.999933 0.011573 0.239459 0.018360 -0.011586 0.999764 0.000395 0.000000 0.000000 0.000000 1.000000
0.999830 -0.000507 -0.018433 -0.012280 0.000704 0.999943 0.010700 0.239619 0.018426 -0.010711 0.999773 -0.000121 0.000000 0.000000 0.000000 1.000000
0.999831 -0.000493 -0.018357 -0.012280 0.000675 0.999950 0.009940 0.239785 0.018351 -0.009950 0.999782 -0.000693 0.000000 0.000000 0.000000 1.000000
0.999835 -0.000484 -0.018146 -0.012281 0.000653 0.999957 0.009280 0.239965 0.018141 -0.009290 0.999792 -0.001369 0.000000 0.000000 0.000000 1.000000
0.999841 -0.000480 -0.017823 -0.012281 0.000635 0.999962 0.008699 0.240163 0.017818 -0.008709 0.999803 -0.002130 0.000000 0.000000 0.000000 1.000000
0.999848 -0.000479 -0.017409 -0.012281 0.000622 0.999966 0.008175 0.240383 0.017405 -0.008184 0.999815 -0.002958 0.000000 0.000000 0.000000 1.000000
0.999857 -0.000482 -0.016928 -0.012281 0.000612 0.999970 0.007685 0.240631 0.016924 -0.007694 0.999827 -0.003833 0.000000 0.000000 0.000000 1.000000
0.999865 -0.000488 -0.016401 -0.012281 0.000606 0.999974 0.007208 0.240911 0.016398 -0.007217 0.999840 -0.004736 0.000000 0.000000 0.000000 1.000000
0.999874 -0.000495 -0.015852 -0.012281 0.000602 0.999977 0.006721 0.241227 0.015849 -0.006730 0.999852 -0.005649 0.000000 0.000000 0.000000 1.000000
0.999883 -0.000505 -0.015303 -0.012281 0.000600 0.999981 0.006203 0.241585 0.015299 -0.006211 0.999864 -0.006552 0.000000 0.000000 0.000000 1.000000
0.999891 -0.000516 -0.014775 -0.012282 0.000599 0.999984 0.005631 0.241990 0.014772 -0.005639 0.999875 -0.007427 0.000000 0.000000 0.000000 1.000000
0.999898 -0.000528 -0.014292 -0.012282 0.000599 0.999987 0.004984 0.242445 0.014289 -0.004992 0.999885 -0.008255 0.000000 0.000000 0.000000 1.000000
0.999904 -0.000556 -0.013832 -0.012282 0.000615 0.999991 0.004250 0.242954 0.013829 -0.004258 0.999895 -0.009065 0.000000 0.000000 0.000000 1.000000
0.999911 -0.000613 -0.013358 -0.012281 0.000659 0.999994 0.003440 0.243513 0.013356 -0.003449 0.999905 -0.009896 0.000000 0.000000 0.000000 1.000000
0.999917 -0.000695 -0.012872 -0.012281 0.000728 0.999996 0.002568 0.244115 0.012871 -0.002577 0.999914 -0.010746 0.000000 0.000000 0.000000 1.000000
0.999923 -0.000800 -0.012378 -0.012281 0.000820 0.999998 0.001644 0.244753 0.012376 -0.001654 0.999922 -0.011609 0.000000 0.000000 0.000000 1.000000
0.999929 -0.000923 -0.011875 -0.012280 0.000931 0.999999 0.000682 0.245419 0.011875 -0.000693 0.999929 -0.012483 0.000000 0.000000 0.000000 1.000000
0.999935 -0.001062 -0.011367 -0.012280 0.001058 0.999999 -0.000307 0.246107 0.011368 0.000295 0.999935 -0.013362 0.000000 0.000000 0.000000 1.000000
0.999940 -0.001212 -0.010856 -0.012279 0.001198 0.999998 -0.001310 0.246810 0.010857 0.001297 0.999940 -0.014243 0.000000 0.000000 0.000000 1.000000
0.999946 -0.001371 -0.010343 -0.012277 0.001347 0.999996 -0.002315 0.247520 0.010346 0.002301 0.999944 -0.015122 0.000000 0.000000 0.000000 1.000000
0.999951 -0.001536 -0.009830 -0.012275 0.001503 0.999993 -0.003309 0.248231 0.009835 0.003294 0.999946 -0.015995 0.000000 0.000000 0.000000 1.000000
0.999955 -0.001702 -0.009320 -0.012273 0.001662 0.999989 -0.004281 0.248935 0.009327 0.004265 0.999947 -0.016858 0.000000 0.000000 0.000000 1.000000
0.999959 -0.001867 -0.008814 -0.012270 0.001821 0.999985 -0.005218 0.249626 0.008823 0.005202 0.999948 -0.017706 0.000000 0.000000 0.000000 1.000000
0.999963 -0.002027 -0.008315 -0.012267 0.001977 0.999979 -0.006108 0.250297 0.008327 0.006092 0.999947 -0.018537 0.000000 0.000000 0.000000 1.000000
0.999967 -0.002180 -0.007824 -0.012263 0.002126 0.999974 -0.006939 0.250940 0.007839 0.006922 0.999945 -0.019345 0.000000 0.000000 0.000000 1.000000
0.999970 -0.002322 -0.007345 -0.012259 0.002266 0.999968 -0.007699 0.251549 0.007362 0.007682 0.999943 -0.020127 0.000000 0.000000 0.000000 1.000000
0.999973 -0.002450 -0.006878 -0.012253 0.002393 0.999962 -0.008375 0.252117 0.006898 0.008358 0.999941 -0.020880 0.000000 0.000000 0.000000 1.000000
0.999976 -0.002561 -0.006426 -0.012247 0.002504 0.999957 -0.008955 0.252635 0.006449 0.008939 0.999939 -0.021597 0.000000 0.000000 0.000000 1.000000
0.999979 -0.002652 -0.005992 -0.012240 0.002596 0.999952 -0.009427 0.253099 0.006017 0.009411 0.999938 -0.022277 0.000000 0.000000 0.000000 1.000000
0.999981 -0.002720 -0.005577 -0.012233 0.002665 0.999949 -0.009779 0.253500 0.005604 0.009764 0.999937 -0.022915 0.000000 0.000000 0.000000 1.000000
0.999983 -0.002761 -0.005184 -0.012224 0.002709 0.999946 -0.009999 0.253831 0.005211 0.009985 0.999937 -0.023506 0.000000 0.000000 0.000000 1.000000
0.999985 -0.002773 -0.004814 -0.012215 0.002725 0.999946 -0.010074 0.254086 0.004842 0.010061 0.999938 -0.024048 0.000000 0.000000 0.000000 1.000000
0.999986 -0.002750 -0.004457 -0.012117 0.002705 0.999946 -0.010000 0.254290 0.004484 0.009988 0.999940 -0.024547 0.000000 0.000000 0.000000 1.000000
0.999988 -0.002689 -0.004101 -0.011856 0.002649 0.999949 -0.009790 0.254473 0.004128 0.009779 0.999944 -0.025017 0.000000 0.000000 0.000000 1.000000
0.999990 -0.002595 -0.003749 -0.011451 0.002559 0.999952 -0.009460 0.254637 0.003773 0.009450 0.999948 -0.025456 0.000000 0.000000 0.000000 1.000000
0.999991 -0.002472 -0.003402 -0.010918 0.002441 0.999956 -0.009023 0.254783 0.003424 0.009015 0.999954 -0.025866 0.000000 0.000000 0.000000 1.000000
0.999993 -0.002325 -0.003061 -0.010278 0.002299 0.999961 -0.008496 0.254912 0.003081 0.008489 0.999959 -0.026247 0.000000 0.000000 0.000000 1.000000
0.999994 -0.002158 -0.002729 -0.009547 0.002136 0.999967 -0.007894 0.255025 0.002746 0.007888 0.999965 -0.026600 0.000000 0.000000 0.000000 1.000000
0.999995 -0.001975 -0.002407 -0.008743 0.001957 0.999972 -0.007231 0.255122 0.002421 0.007227 0.999971 -0.026925 0.000000 0.000000 0.000000 1.000000
0.999996 -0.001779 -0.002097 -0.007886 0.001766 0.999977 -0.006523 0.255206 0.002109 0.006520 0.999977 -0.027223 0.000000 0.000000 0.000000 1.000000
0.999997 -0.001577 -0.001801 -0.006993 0.001566 0.999982 -0.005786 0.255277 0.001810 0.005783 0.999982 -0.027493 0.000000 0.000000 0.000000 1.000000
0.999998 -0.001370 -0.001521 -0.006082 0.001362 0.999986 -0.005033 0.255336 0.001528 0.005031 0.999986 -0.027738 0.000000 0.000000 0.000000 1.000000
0.999999 -0.001164 -0.001258 -0.005172 0.001159 0.999990 -0.004280 0.255384 0.001263 0.004279 0.999990 -0.027957 0.000000 0.000000 0.000000 1.000000
0.999999 -0.000963 -0.001015 -0.004280 0.000959 0.999993 -0.003543 0.255423 0.001018 0.003542 0.999993 -0.028151 0.000000 0.000000 0.000000 1.000000
0.999999 -0.000770 -0.000793 -0.003425 0.000768 0.999996 -0.002835 0.255453 0.000795 0.002835 0.999996 -0.028320 0.000000 0.000000 0.000000 1.000000
1.000000 -0.000590 -0.000594 -0.002626 0.000589 0.999997 -0.002174 0.255476 0.000596 0.002173 0.999997 -0.028464 0.000000 0.000000 0.000000 1.000000
1.000000 -0.000426 -0.000421 -0.001899 0.000426 0.999999 -0.001572 0.255492 0.000422 0.001572 0.999999 -0.028585 0.000000 0.000000 0.000000 1.000000
1.000000 -0.000284 -0.000275 -0.001264 0.000283 0.999999 -0.001046 0.255503 0.000275 0.001046 0.999999 -0.028683 0.000000 0.000000 0.000000 1.000000
1.000000 -0.000166 -0.000157 -0.000738 0.000166 1.000000 -0.000611 0.255510 0.000157 0.000611 1.000000 -0.028759 0.000000 0.000000 0.000000 1.000000
1.000000 -0.000076 -0.000071 -0.000340 0.000076 1.000000 -0.000282 0.255513 0.000071 0.000282 1.000000 -0.028812 0.000000 0.000000 0.000000 1.000000
1.000000 -0.000020 -0.000018 -0.000088 0.000020 1.000000 -0.000073 0.255514 0.000018 0.000073 1.000000 -0.028843 0.000000 0.000000 0.000000 1.000000
1.000000 0.000000 0.000000 0.000000 0.000000 1.000000 0.000000 0.255515 0.000000 0.000000 1.000000 -0.028853 0.000000 0.000000 0.000000 1.000000</float_array><technique_common><accessor source="#Root-Matrix-animation-output-transform-array" count="191" stride="16"><param type="float4x4"/></accessor></technique_common></source><source id="Root-Interpolations"><Name_array id="Root-Interpolations-array" count="191">
 LINEAR LINEAR LINEAR LINEAR LINEAR LINEAR LINEAR LINEAR LINEAR LINEAR LINEAR
LINEAR LINEAR LINEAR LINEAR LINEAR LINEAR LINEAR LINEAR LINEAR LINEAR LINEAR LINEAR
LINEAR LINEAR LINEAR LINEAR LINEAR LINEAR LINEAR LINEAR LINEAR LINEAR LINEAR LINEAR
LINEAR LINEAR LINEAR LINEAR LINEAR LINEAR LINEAR LINEAR LINEAR LINEAR LINEAR LINEAR
LINEAR LINEAR LINEAR LINEAR LINEAR LINEAR LINEAR LINEAR LINEAR LINEAR LINEAR LINEAR
LINEAR LINEAR LINEAR LINEAR LINEAR LINEAR LINEAR LINEAR LINEAR LINEAR LINEAR LINEAR
LINEAR LINEAR LINEAR LINEAR LINEAR LINEAR LINEAR LINEAR LINEAR LINEAR LINEAR LINEAR
LINEAR LINEAR LINEAR LINEAR LINEAR LINEAR LINEAR LINEAR LINEAR LINEAR LINEAR LINEAR
LINEAR LINEAR LINEAR LINEAR LINEAR LINEAR LINEAR LINEAR LINEAR LINEAR LINEAR LINEAR
LINEAR LINEAR LINEAR LINEAR LINEAR LINEAR LINEAR LINEAR LINEAR LINEAR LINEAR LINEAR
LINEAR LINEAR LINEAR LINEAR LINEAR LINEAR LINEAR LINEAR LINEAR LINEAR LINEAR LINEAR
LINEAR LINEAR LINEAR LINEAR LINEAR LINEAR LINEAR LINEAR LINEAR LINEAR LINEAR LINEAR
LINEAR LINEAR LINEAR LINEAR LINEAR LINEAR LINEAR LINEAR LINEAR LINEAR LINEAR LINEAR
LINEAR LINEAR LINEAR LINEAR LINEAR LINEAR LINEAR LINEAR LINEAR LINEAR LINEAR LINEAR
LINEAR LINEAR LINEAR LINEAR LINEAR LINEAR LINEAR LINEAR LINEAR LINEAR LINEAR LINEAR
LINEAR LINEAR LINEAR LINEAR LINEAR LINEAR LINEAR LINEAR LINEAR LINEAR LINEAR LINEAR</Name_array><technique_common><accessor source="#Root-Interpolations-array" count="191"><param type="name"/></accessor></technique_common></source><sampler id="Root-Matrix-animation-transform"><input semantic="INPUT" source="#Root-Matrix-animation-input"/><input semantic="OUTPUT" source="#Root-Matrix-animation-output-transform"/><input semantic="INTERPOLATION" source="#Root-Interpolations"/></sampler><channel source="#Root-Matrix-animation-transform" target="Root/matrix"/></animation><animation><source id="Root-visibility-animation-input"><float_array id="Root-visibility-animation-input-array" count="191">

0.033333 0.066667 0.100000 0.133333 0.166667 0.200000 0.233333 0.266667 0.300000 0.333333 0.366667 0.400000 0.433333 0.466667 0.500000 0.533333
0.566667 0.600000 0.633333 0.666667 0.700000 0.733333 0.766667 0.800000 0.833333 0.866667 0.900000 0.933333 0.966667 1.000000 1.033333 1.066667
1.100000 1.133333 1.166667 1.200000 1.233333 1.266667 1.300000 1.333333 1.366667 1.400000 1.433333 1.466667 1.500000 1.533333 1.566667 1.600000
1.633333 1.666667 1.700000 1.733333 1.766667 1.800000 1.833333 1.866667 1.900000 1.933333 1.966667 2.000000 2.033333 2.066667 2.100000 2.133333
2.166667 2.200000 2.233333 2.266667 2.300000 2.333333 2.366667 2.400000 2.433333 2.466667 2.500000 2.533333 2.566667 2.600000 2.633333 2.666667
2.700000 2.733333 2.766667 2.800000 2.833333 2.866667 2.900000 2.933333 2.966667 3.000000 3.033333 3.066667 3.100000 3.133333 3.166667 3.200000
3.233333 3.266667 3.300000 3.333333 3.366667 3.400000 3.433333 3.466667 3.500000 3.533333 3.566667 3.600000 3.633333 3.666667 3.700000 3.733333
3.766667 3.800000 3.833333 3.866667 3.900000 3.933333 3.966667 4.000000 4.033333 4.066667 4.100000 4.133333 4.166667 4.200000 4.233333 4.266667
4.300000 4.333333 4.366667 4.400000 4.433333 4.466667 4.500000 4.533333 4.566667 4.600000 4.633333 4.666667 4.700000 4.733333 4.766667 4.800000
4.833333 4.866667 4.900000 4.933333 4.966667 5.000000 5.033333 5.066667 5.100000 5.133333 5.166667 5.200000 5.233333 5.266667 5.300000 5.333333
5.366667 5.400000 5.433333 5.466667 5.500000 5.533333 5.566667 5.600000 5.633333 5.666667 5.700000 5.733333 5.766667 5.800000 5.833333 5.866667
5.900000 5.933333 5.966667 6.000000 6.033333 6.066667 6.100000 6.133333 6.166667 6.200000 6.233333 6.266667 6.300000 6.333333 6.366667</float_array><technique_common><accessor source="#Root-visibility-animation-input-array" count="191"><param name="TIME" type="float"/></accessor></technique_common></source><source id="Root-visibility-animation-output"><float_array id="Root-visibility-animation-output-array" count="191">

1.000000 1.000000 1.000000 1.000000 1.000000 1.000000 1.000000 1.000000 1.000000 1.000000 1.000000 1.000000 1.000000 1.000000 1.000000 1.000000
1.000000 1.000000 1.000000 1.000000 1.000000 1.000000 1.000000 1.000000 1.000000 1.000000 1.000000 1.000000 1.000000 1.000000 1.000000 1.000000
1.000000 1.000000 1.000000 1.000000 1.000000 1.000000 1.000000 1.000000 1.000000 1.000000 1.000000 1.000000 1.000000 1.000000 1.000000 1.000000
1.000000 1.000000 1.000000 1.000000 1.000000 1.000000 1.000000 1.000000 1.000000 1.000000 1.000000 1.000000 1.000000 1.000000 1.000000 1.000000
1.000000 1.000000 1.000000 1.000000 1.000000 1.000000 1.000000 1.000000 1.000000 1.000000 1.000000 1.000000 1.000000 1.000000 1.000000 1.000000
1.000000 1.000000 1.000000 1.000000 1.000000 1.000000 1.000000 1.000000 1.000000 1.000000 1.000000 1.000000 1.000000 1.000000 1.000000 1.000000
1.000000 1.000000 1.000000 1.000000 1.000000 1.000000 1.000000 1.000000 1.000000 1.000000 1.000000 1.000000 1.000000 1.000000 1.000000 1.000000
1.000000 1.000000 1.000000 1.000000 1.000000 1.000000 1.000000 1.000000 1.000000 1.000000 1.000000 1.000000 1.000000 1.000000 1.000000 1.000000
1.000000 1.000000 1.000000 1.000000 1.000000 1.000000 1.000000 1.000000 1.000000 1.000000 1.000000 1.000000 1.000000 1.000000 1.000000 1.000000
1.000000 1.000000 1.000000 1.000000 1.000000 1.000000 1.000000 1.000000 1.000000 1.000000 1.000000 1.000000 1.000000 1.000000 1.000000 1.000000
1.000000 1.000000 1.000000 1.000000 1.000000 1.000000 1.000000 1.000000 1.000000 1.000000 1.000000 1.000000 1.000000 1.000000 1.000000 1.000000
1.000000 1.000000 1.000000 1.000000 1.000000 1.000000 1.000000 1.000000 1.000000 1.000000 1.000000 1.000000 1.000000 1.000000 1.000000</float_array><technique_common><accessor source="#Root-visibility-animation-output-array" count="191"><param type="float"/></accessor></technique_common></source><source id="Root-visibility-animation-intan"><float_array id="Root-visibility-animation-intan-array" count="191">

0.000000 0.000000 0.000000 0.000000 0.000000 0.000000 0.000000 0.000000 0.000000 0.000000 0.000000 0.000000 0.000000 0.000000 0.000000 0.000000
0.000000 0.000000 0.000000 0.000000 0.000000 0.000000 0.000000 0.000000 0.000000 0.000000 0.000000 0.000000 0.000000 0.000000 0.000000 0.000000
0.000000 0.000000 0.000000 0.000000 0.000000 0.000000 0.000000 0.000000 0.000000 0.000000 0.000000 0.000000 0.000000 0.000000 0.000000 0.000000
0.000000 0.000000 0.000000 0.000000 0.000000 0.000000 0.000000 0.000000 0.000000 0.000000 0.000000 0.000000 0.000000 0.000000 0.000000 0.000000
0.000000 0.000000 0.000000 0.000000 0.000000 0.000000 0.000000 0.000000 0.000000 0.000000 0.000000 0.000000 0.000000 0.000000 0.000000 0.000000
0.000000 0.000000 0.000000 0.000000 0.000000 0.000000 0.000000 0.000000 0.000000 0.000000 0.000000 0.000000 0.000000 0.000000 0.000000 0.000000
0.000000 0.000000 0.000000 0.000000 0.000000 0.000000 0.000000 0.000000 0.000000 0.000000 0.000000 0.000000 0.000000 0.000000 0.000000 0.000000
0.000000 0.000000 0.000000 0.000000 0.000000 0.000000 0.000000 0.000000 0.000000 0.000000 0.000000 0.000000 0.000000 0.000000 0.000000 0.000000
0.000000 0.000000 0.000000 0.000000 0.000000 0.000000 0.000000 0.000000 0.000000 0.000000 0.000000 0.000000 0.000000 0.000000 0.000000 0.000000
0.000000 0.000000 0.000000 0.000000 0.000000 0.000000 0.000000 0.000000 0.000000 0.000000 0.000000 0.000000 0.000000 0.000000 0.000000 0.000000
0.000000 0.000000 0.000000 0.000000 0.000000 0.000000 0.000000 0.000000 0.000000 0.000000 0.000000 0.000000 0.000000 0.000000 0.000000 0.000000
0.000000 0.000000 0.000000 0.000000 0.000000 0.000000 0.000000 0.000000 0.000000 0.000000 0.000000 0.000000 0.000000 0.000000 0.000000</float_array><technique_common><accessor source="#Root-visibility-animation-intan-array" count="191"><param type="float"/></accessor></technique_common></source><source id="Root-visibility-animation-outtan"><float_array id="Root-visibility-animation-outtan-array" count="191">

0.000000 0.000000 0.000000 0.000000 0.000000 0.000000 0.000000 0.000000 0.000000 0.000000 0.000000 0.000000 0.000000 0.000000 0.000000 0.000000
0.000000 0.000000 0.000000 0.000000 0.000000 0.000000 0.000000 0.000000 0.000000 0.000000 0.000000 0.000000 0.000000 0.000000 0.000000 0.000000
0.000000 0.000000 0.000000 0.000000 0.000000 0.000000 0.000000 0.000000 0.000000 0.000000 0.000000 0.000000 0.000000 0.000000 0.000000 0.000000
0.000000 0.000000 0.000000 0.000000 0.000000 0.000000 0.000000 0.000000 0.000000 0.000000 0.000000 0.000000 0.000000 0.000000 0.000000 0.000000
0.000000 0.000000 0.000000 0.000000 0.000000 0.000000 0.000000 0.000000 0.000000 0.000000 0.000000 0.000000 0.000000 0.000000 0.000000 0.000000
0.000000 0.000000 0.000000 0.000000 0.000000 0.000000 0.000000 0.000000 0.000000 0.000000 0.000000 0.000000 0.000000 0.000000 0.000000 0.000000
