<?xml version="1.0" encoding="utf-8"?>
<COLLADA xmlns="http://www.collada.org/2005/11/COLLADASchema" version="1.4.1">
  <asset><contributor><author></author><authoring_tool>FBX COLLADA exporter</authoring_tool><comments></comments></contributor><created>2014-06-04T15:33:28Z</created><keywords></keywords><modified>2014-06-04T15:33:28Z</modified><revision></revision><subject></subject><title></title><unit meter="0.010000" name="centimeter"></unit><up_axis>Y_UP</up_axis></asset>
  <library_animations>
    <animation id="Root-anim" name="Root"><animation><source id="Root-Matrix-animation-input"><float_array id="Root-Matrix-animation-input-array" count="151">

0.033333 0.066667 0.100000 0.133333 0.166667 0.200000 0.233333 0.266667 0.300000 0.333333 0.366667 0.400000 0.433333 0.466667 0.500000 0.533333
0.566667 0.600000 0.633333 0.666667 0.700000 0.733333 0.766667 0.800000 0.833333 0.866667 0.900000 0.933333 0.966667 1.000000 1.033333 1.066667
1.100000 1.133333 1.166667 1.200000 1.233333 1.266667 1.300000 1.333333 1.366667 1.400000 1.433333 1.466667 1.500000 1.533333 1.566667 1.600000
1.633333 1.666667 1.700000 1.733333 1.766667 1.800000 1.833333 1.866667 1.900000 1.933333 1.966667 2.000000 2.033333 2.066667 2.100000 2.133333
2.166667 2.200000 2.233333 2.266667 2.300000 2.333333 2.366667 2.400000 2.433333 2.466667 2.500000 2.533333 2.566667 2.600000 2.633333 2.666667
2.700000 2.733333 2.766667 2.800000 2.833333 2.866667 2.900000 2.933333 2.966667 3.000000 3.033333 3.066667 3.100000 3.133333 3.166667 3.200000
3.233333 3.266667 3.300000 3.333333 3.366667 3.400000 3.433333 3.466667 3.500000 3.533333 3.566667 3.600000 3.633333 3.666667 3.700000 3.733333
3.766667 3.800000 3.833333 3.866667 3.900000 3.933333 3.966667 4.000000 4.033333 4.066667 4.100000 4.133333 4.166667 4.200000 4.233333 4.266667
4.300000 4.333333 4.366667 4.400000 4.433333 4.466667 4.500000 4.533333 4.566667 4.600000 4.633333 4.666667 4.700000 4.733333 4.766667 4.800000
4.833333 4.866667 4.900000 4.933333 4.966667 5.000000 5.033333</float_array><technique_common><accessor source="#Root-Matrix-animation-input-array" count="151"><param name="TIME" type="float"/></accessor></technique_common></source><source id="Root-Matrix-animation-output-transform"><float_array id="Root-Matrix-animation-output-transform-array" count="2416">

1.000000 0.000000 0.000000 0.000000 0.000000 1.000000 0.000000 0.255515 0.000000 0.000000 1.000000 -0.028853 0.000000 0.000000 0.000000 1.000000
1.000000 -0.000411 -0.000621 0.000001 0.000411 1.000000 0.000024 0.255515 0.000621 -0.000024 1.000000 -0.028853 0.000000 0.000000 0.000000 1.000000
0.999996 -0.001546 -0.002380 0.000004 0.001546 0.999999 0.000088 0.255515 0.002380 -0.000092 0.999997 -0.028853 0.000000 0.000000 0.000000 1.000000
0.999982 -0.003258 -0.005119 0.000009 0.003259 0.999995 0.000175 0.255515 0.005118 -0.000192 0.999987 -0.028853 0.000000 0.000000 0.000000 1.000000
0.999948 -0.005401 -0.008680 0.000016 0.005404 0.999985 0.000268 0.255515 0.008678 -0.000315 0.999962 -0.028853 0.000000 0.000000 0.000000 1.000000
0.999886 -0.007828 -0.012906 0.000025 0.007834 0.999969 0.000351 0.255515 0.012903 -0.000452 0.999917 -0.028853 0.000000 0.000000 0.000000 1.000000
0.999790 -0.010393 -0.017640 0.000035 0.010402 0.999946 0.000409 0.255515 0.017634 -0.000593 0.999844 -0.028853 0.000000 0.000000 0.000000 1.000000
0.999658 -0.012950 -0.022722 0.000046 0.012963 0.999916 0.000433 0.255515 0.022715 -0.000728 0.999742 -0.028853 0.000000 0.000000 0.000000 1.000000
0.999490 -0.015353 -0.027995 0.000059 0.015370 0.999882 0.000418 0.255515 0.027986 -0.000848 0.999608 -0.028853 0.000000 0.000000 0.000000 1.000000
0.999293 -0.017455 -0.033302 0.000073 0.017477 0.999847 0.000361 0.255515 0.033290 -0.000943 0.999445 -0.028853 0.000000 0.000000 0.000000 1.000000
0.999076 -0.019113 -0.038483 0.000088 0.019137 0.999817 0.000267 0.255515 0.038470 -0.001003 0.999259 -0.028853 0.000000 0.000000 0.000000 1.000000
0.998855 -0.020181 -0.043381 0.000104 0.020206 0.999796 0.000143 0.255515 0.043369 -0.001020 0.999059 -0.028853 0.000000 0.000000 0.000000 1.000000
0.998644 -0.020513 -0.047838 0.000121 0.020537 0.999789 0.000000 0.255515 0.047828 -0.000982 0.998855 -0.028853 0.000000 0.000000 0.000000 1.000000
0.998435 -0.020348 -0.052085 0.000138 0.020368 0.999793 -0.000156 0.255515 0.052077 -0.000905 0.998643 -0.028853 0.000000 0.000000 0.000000 1.000000
0.998205 -0.020027 -0.056441 0.000156 0.020040 0.999799 -0.000323 0.255515 0.056436 -0.000809 0.998406 -0.028853 0.000000 0.000000 0.000000 1.000000
0.997953 -0.019561 -0.060887 0.000174 0.019567 0.999808 -0.000496 0.255515 0.060886 -0.000696 0.998145 -0.028853 0.000000 0.000000 0.000000 1.000000
0.997679 -0.018964 -0.065403 0.000192 0.018960 0.999820 -0.000673 0.255515 0.065404 -0.000568 0.997859 -0.028853 0.000000 0.000000 0.000000 1.000000
0.997382 -0.018247 -0.069968 0.000210 0.018232 0.999833 -0.000851 0.255515 0.069972 -0.000427 0.997549 -0.028853 0.000000 0.000000 0.000000 1.000000
0.997064 -0.017423 -0.074563 0.000229 0.017395 0.999848 -0.001026 0.255515 0.074569 -0.000274 0.997216 -0.028853 0.000000 0.000000 0.000000 1.000000
0.996725 -0.016504 -0.079166 0.000247 0.016461 0.999864 -0.001196 0.255515 0.079175 -0.000111 0.996861 -0.028853 0.000000 0.000000 0.000000 1.000000
0.996366 -0.015502 -0.083758 0.000265 0.015442 0.999880 -0.001358 0.255515 0.083769 0.000059 0.996485 -0.028853 0.000000 0.000000 0.000000 1.000000
0.995988 -0.014429 -0.088318 0.000282 0.014351 0.999896 -0.001509 0.255515 0.088331 0.000236 0.996091 -0.028853 0.000000 0.000000 0.000000 1.000000
0.995593 -0.013297 -0.092827 0.000299 0.013201 0.999912 -0.001650 0.255515 0.092841 0.000417 0.995681 -0.028853 0.000000 0.000000 0.000000 1.000000
0.995185 -0.012118 -0.097265 0.000315 0.012002 0.999926 -0.001777 0.255515 0.097279 0.000601 0.995257 -0.028853 0.000000 0.000000 0.000000 1.000000
0.994765 -0.010904 -0.101610 0.000330 0.010768 0.999940 -0.001889 0.255515 0.101625 0.000785 0.994823 -0.028853 0.000000 0.000000 0.000000 1.000000
0.994336 -0.009668 -0.105844 0.000345 0.009511 0.999953 -0.001987 0.255515 0.105858 0.000969 0.994381 -0.028853 0.000000 0.000000 0.000000 1.000000
0.993902 -0.008420 -0.109945 0.000358 0.008243 0.999964 -0.002069 0.255515 0.109959 0.001150 0.993936 -0.028853 0.000000 0.000000 0.000000 1.000000
0.993467 -0.007173 -0.113894 0.000370 0.006975 0.999973 -0.002135 0.255515 0.113907 0.001326 0.993491 -0.028853 0.000000 0.000000 0.000000 1.000000
0.993035 -0.005938 -0.117672 0.000380 0.005721 0.999981 -0.002185 0.255515 0.117683 0.001496 0.993050 -0.028853 0.000000 0.000000 0.000000 1.000000
0.992610 -0.004728 -0.121257 0.000389 0.004492 0.999987 -0.002220 0.255515 0.121266 0.001659 0.992619 -0.028853 0.000000 0.000000 0.000000 1.000000
0.992211 -0.003553 -0.124519 0.000397 0.003299 0.999992 -0.002240 0.255515 0.124526 0.001811 0.992215 -0.028853 0.000000 0.000000 0.000000 1.000000
0.991856 -0.002425 -0.127339 0.000403 0.002156 0.999995 -0.002246 0.255515 0.127344 0.001953 0.991857 -0.028853 0.000000 0.000000 0.000000 1.000000
0.991550 -0.001356 -0.129720 0.000406 0.001074 0.999997 -0.002239 0.255515 0.129723 0.002081 0.991548 -0.028853 0.000000 0.000000 0.000000 1.000000
0.991294 -0.000357 -0.131664 0.000408 0.000065 0.999998 -0.002222 0.255515 0.131664 0.002195 0.991292 -0.028853 0.000000 0.000000 0.000000 1.000000
0.991093 0.000560 -0.133173 0.000408 -0.000860 0.999997 -0.002197 0.255515 0.133171 0.002292 0.991090 -0.028853 0.000000 0.000000 0.000000 1.000000
0.990947 0.001383 -0.134249 0.000405 -0.001688 0.999996 -0.002163 0.255515 0.134245 0.002370 0.990945 -0.028853 0.000000 0.000000 0.000000 1.000000
0.990858 0.002100 -0.134893 0.000400 -0.002409 0.999995 -0.002124 0.255515 0.134888 0.002429 0.990858 -0.028853 0.000000 0.000000 0.000000 1.000000
0.990827 0.002700 -0.135109 0.000392 -0.003009 0.999993 -0.002079 0.255515 0.135102 0.002466 0.990829 -0.028853 0.000000 0.000000 0.000000 1.000000
0.990826 0.003055 -0.135109 0.000382 -0.003357 0.999992 -0.002014 0.255515 0.135102 0.002449 0.990829 -0.028853 0.000000 0.000000 0.000000 1.000000
0.990826 0.003084 -0.135109 0.000369 -0.003374 0.999992 -0.001916 0.255515 0.135102 0.002354 0.990829 -0.028853 0.000000 0.000000 0.000000 1.000000
0.990827 0.002852 -0.135108 0.000353 -0.003122 0.999994 -0.001790 0.255515 0.135102 0.002195 0.990829 -0.028853 0.000000 0.000000 0.000000 1.000000
0.990828 0.002420 -0.135107 0.000334 -0.002666 0.999995 -0.001640 0.255515 0.135102 0.001985 0.990830 -0.028853 0.000000 0.000000 0.000000 1.000000
0.990830 0.001854 -0.135105 0.000311 -0.002071 0.999997 -0.001472 0.255515 0.135102 0.001738 0.990830 -0.028853 0.000000 0.000000 0.000000 1.000000
0.990831 0.001214 -0.135104 0.000285 -0.001401 0.999998 -0.001289 0.255515 0.135102 0.001466 0.990831 -0.028853 0.000000 0.000000 0.000000 1.000000
0.990831 0.000565 -0.135103 0.000256 -0.000720 0.999999 -0.001097 0.255515 0.135102 0.001184 0.990831 -0.028853 0.000000 0.000000 0.000000 1.000000
0.990832 -0.000031 -0.135102 0.000223 -0.000092 1.000000 -0.000899 0.255515 0.135102 0.000903 0.990831 -0.028853 0.000000 0.000000 0.000000 1.000000
0.990832 -0.000510 -0.135102 0.000187 0.000419 1.000000 -0.000702 0.255515 0.135102 0.000639 0.990831 -0.028853 0.000000 0.000000 0.000000 1.000000
0.990831 -0.000809 -0.135102 0.000146 0.000747 1.000000 -0.000508 0.255515 0.135102 0.000403 0.990832 -0.028853 0.000000 0.000000 0.000000 1.000000
0.990831 -0.000866 -0.135102 0.000102 0.000830 1.000000 -0.000324 0.255515 0.135102 0.000209 0.990832 -0.028853 0.000000 0.000000 0.000000 1.000000
0.990831 -0.000617 -0.135102 0.000053 0.000602 1.000000 -0.000153 0.255515 0.135102 0.000070 0.990832 -0.028853 0.000000 0.000000 0.000000 1.000000
0.990832 0.000000 -0.135102 0.000000 0.000000 1.000000 0.000000 0.255515 0.135102 0.000000 0.990832 -0.028853 0.000000 0.000000 0.000000 1.000000
0.990952 0.001272 -0.134208 -0.000098 -0.001264 0.999999 0.000147 0.255515 0.134208 0.000024 0.990953 -0.028853 0.000000 0.000000 0.000000 1.000000
0.991286 0.003303 -0.131682 -0.000275 -0.003293 0.999995 0.000294 0.255515 0.131683 0.000142 0.991292 -0.028853 0.000000 0.000000 0.000000 1.000000
0.991788 0.005883 -0.127757 -0.000521 -0.005877 0.999983 0.000423 0.255515 0.127757 0.000332 0.991805 -0.028853 0.000000 0.000000 0.000000 1.000000
0.992409 0.008804 -0.122664 -0.000824 -0.008807 0.999961 0.000514 0.255515 0.122663 0.000571 0.992448 -0.028853 0.000000 0.000000 0.000000 1.000000
0.993104 0.011856 -0.116635 -0.001175 -0.011873 0.999929 0.000552 0.255515 0.116634 0.000836 0.993175 -0.028853 0.000000 0.000000 0.000000 1.000000
0.993831 0.014830 -0.109905 -0.001561 -0.014862 0.999889 0.000532 0.255515 0.109901 0.001105 0.993942 -0.028853 0.000000 0.000000 0.000000 1.000000
0.994558 0.017515 -0.102705 -0.001974 -0.017562 0.999846 0.000451 0.255515 0.102697 0.001355 0.994712 -0.028853 0.000000 0.000000 0.000000 1.000000
0.995256 0.019700 -0.095270 -0.002401 -0.019760 0.999805 0.000322 0.255515 0.095258 0.001562 0.995451 -0.028853 0.000000 0.000000 0.000000 1.000000
0.995910 0.021173 -0.087834 -0.002832 -0.021240 0.999774 0.000162 0.255515 0.087817 0.001704 0.996135 -0.028853 0.000000 0.000000 0.000000 1.000000
0.996507 0.021719 -0.080630 -0.003257 -0.021790 0.999763 -0.000000 0.255515 0.080610 0.001757 0.996744 -0.028853 0.000000 0.000000 0.000000 1.000000
0.997074 0.021368 -0.073397 -0.003665 -0.021438 0.999770 -0.000159 0.255515 0.073377 0.001732 0.997303 -0.028853 0.000000 0.000000 0.000000 1.000000
0.997628 0.020368 -0.065760 -0.004045 -0.020433 0.999791 -0.000316 0.255515 0.065740 0.001659 0.997835 -0.028853 0.000000 0.000000 0.000000 1.000000
0.998152 0.018834 -0.057780 -0.004387 -0.018891 0.999821 -0.000455 0.255515 0.057761 0.001546 0.998329 -0.028853 0.000000 0.000000 0.000000 1.000000
0.998631 0.016879 -0.049517 -0.004680 -0.016928 0.999857 -0.000563 0.255515 0.049501 0.001400 0.998773 -0.028853 0.000000 0.000000 0.000000 1.000000
0.999051 0.014619 -0.041036 -0.004912 -0.014657 0.999892 -0.000629 0.255515 0.041022 0.001230 0.999157 -0.028853 0.000000 0.000000 0.000000 1.000000
0.999401 0.012170 -0.032397 -0.005075 -0.012198 0.999925 -0.000648 0.255515 0.032387 0.001043 0.999475 -0.028853 0.000000 0.000000 0.000000 1.000000
0.999673 0.009648 -0.023664 -0.005156 -0.009665 0.999953 -0.000618 0.255515 0.023657 0.000847 0.999720 -0.028853 0.000000 0.000000 0.000000 1.000000
0.999863 0.007167 -0.014899 -0.005145 -0.007176 0.999974 -0.000542 0.255515 0.014895 0.000649 0.999889 -0.028853 0.000000 0.000000 0.000000 1.000000
0.999969 0.004845 -0.006165 -0.005032 -0.004848 0.999988 -0.000428 0.255515 0.006163 0.000458 0.999981 -0.028853 0.000000 0.000000 0.000000 1.000000
0.999993 0.002799 0.002476 -0.004805 -0.002798 0.999996 -0.000288 0.255515 -0.002477 0.000281 0.999997 -0.028853 0.000000 0.000000 0.000000 1.000000
0.999939 0.001145 0.010961 -0.004454 -0.001143 0.999999 -0.000138 0.255515 -0.010961 0.000126 0.999940 -0.028853 0.000000 0.000000 0.000000 1.000000
0.999815 0.000000 0.019228 -0.003969 0.000000 1.000000 0.000000 0.255515 -0.019228 0.000000 0.999815 -0.028853 0.000000 0.000000 0.000000 1.000000
0.999622 -0.000442 0.027494 -0.003274 0.000440 1.000000 0.000112 0.255515 -0.027494 -0.000100 0.999622 -0.028853 0.000000 0.000000 0.000000 1.000000
0.999355 -0.000197 0.035920 -0.002321 0.000191 1.000000 0.000191 0.255515 -0.035920 -0.000184 0.999355 -0.028853 0.000000 0.000000 0.000000 1.000000
0.999015 0.000541 0.044368 -0.001143 -0.000552 1.000000 0.000229 0.255515 -0.044368 -0.000253 0.999015 -0.028853 0.000000 0.000000 0.000000 1.000000
0.998609 0.001580 0.052695 0.000231 -0.001594 0.999999 0.000225 0.255515 -0.052695 -0.000308 0.998611 -0.028853 0.000000 0.000000 0.000000 1.000000
0.998149 0.002724 0.060761 0.001767 -0.002740 0.999996 0.000183 0.255515 -0.060761 -0.000349 0.998152 -0.028853 0.000000 0.000000 0.000000 1.000000
0.997649 0.003781 0.068427 0.003434 -0.003798 0.999993 0.000118 0.255515 -0.068426 -0.000378 0.997656 -0.028853 0.000000 0.000000 0.000000 1.000000
0.997131 0.004556 0.075551 0.005202 -0.004573 0.999990 0.000049 0.255515 -0.075550 -0.000394 0.997142 -0.028853 0.000000 0.000000 0.000000 1.000000
0.996621 0.004856 0.081996 0.007038 -0.004873 0.999988 0.000000 0.255515 -0.081995 -0.000400 0.996633 -0.028853 0.000000 0.000000 0.000000 1.000000
0.996109 0.004793 0.088004 0.008912 -0.004809 0.999988 -0.000026 0.255515 -0.088003 -0.000397 0.996120 -0.028853 0.000000 0.000000 0.000000 1.000000
0.995574 0.004613 0.093870 0.010790 -0.004629 0.999989 -0.000046 0.255515 -0.093869 -0.000389 0.995584 -0.028853 0.000000 0.000000 0.000000 1.000000
0.995025 0.004325 0.099532 0.012643 -0.004341 0.999991 -0.000059 0.255515 -0.099531 -0.000374 0.995034 -0.028853 0.000000 0.000000 0.000000 1.000000
0.994472 0.003937 0.104928 0.014438 -0.003952 0.999992 -0.000064 0.255515 -0.104927 -0.000351 0.994480 -0.028853 0.000000 0.000000 0.000000 1.000000
0.993926 0.003459 0.109997 0.016145 -0.003473 0.999994 -0.000063 0.255515 -0.109997 -0.000320 0.993932 -0.028853 0.000000 0.000000 0.000000 1.000000
0.993399 0.002898 0.114678 0.017730 -0.002911 0.999996 -0.000055 0.255515 -0.114677 -0.000279 0.993403 -0.028853 0.000000 0.000000 0.000000 1.000000
0.992903 0.002263 0.118909 0.019164 -0.002274 0.999997 -0.000043 0.255515 -0.118909 -0.000227 0.992905 -0.028853 0.000000 0.000000 0.000000 1.000000
0.992451 0.001563 0.122629 0.020415 -0.001571 0.999999 -0.000028 0.255515 -0.122629 -0.000165 0.992453 -0.028853 0.000000 0.000000 0.000000 1.000000
0.992058 0.000806 0.125778 0.021450 -0.000811 1.000000 -0.000013 0.255515 -0.125778 -0.000089 0.992058 -0.028853 0.000000 0.000000 0.000000 1.000000
0.991736 0.000000 0.128294 0.022239 0.000000 1.000000 0.000000 0.255515 -0.128294 0.000000 0.991736 -0.028853 0.000000 0.000000 0.000000 1.000000
0.991498 -0.000957 0.130122 0.022836 0.000964 1.000000 0.000011 0.255515 -0.130121 0.000115 0.991498 -0.028853 0.000000 0.000000 0.000000 1.000000
0.991339 -0.002134 0.131307 0.023322 0.002150 0.999998 0.000021 0.255515 -0.131307 0.000262 0.991342 -0.028853 0.000000 0.000000 0.000000 1.000000
0.991252 -0.003470 0.131940 0.023705 0.003497 0.999994 0.000030 0.255515 -0.131939 0.000432 0.991258 -0.028853 0.000000 0.000000 0.000000 1.000000
0.991223 -0.004903 0.132111 0.023993 0.004942 0.999988 0.000037 0.255515 -0.132109 0.000617 0.991235 -0.028853 0.000000 0.000000 0.000000 1.000000
0.991241 -0.006373 0.131909 0.024195 0.006424 0.999979 0.000039 0.255515 -0.131906 0.000808 0.991262 -0.028853 0.000000 0.000000 0.000000 1.000000
0.991295 -0.007818 0.131424 0.024318 0.007881 0.999969 0.000038 0.255515 -0.131420 0.000998 0.991326 -0.028853 0.000000 0.000000 0.000000 1.000000
0.991373 -0.009178 0.130746 0.024371 0.009253 0.999957 0.000033 0.255515 -0.130740 0.001177 0.991416 -0.028853 0.000000 0.000000 0.000000 1.000000
0.991464 -0.010391 0.129964 0.024362 0.010476 0.999945 0.000024 0.255515 -0.129957 0.001338 0.991519 -0.028853 0.000000 0.000000 0.000000 1.000000
0.991557 -0.011395 0.129167 0.024298 0.011490 0.999934 0.000013 0.255515 -0.129159 0.001471 0.991623 -0.028853 0.000000 0.000000 0.000000 1.000000
0.991642 -0.012131 0.128447 0.024188 0.012231 0.999925 0.000003 0.255515 -0.128437 0.001568 0.991716 -0.028853 0.000000 0.000000 0.000000 1.000000
0.991709 -0.012535 0.127891 0.024041 0.012639 0.999920 -0.000005 0.255515 -0.127880 0.001622 0.991788 -0.028853 0.000000 0.000000 0.000000 1.000000
0.991770 -0.012590 0.127410 0.023864 0.012695 0.999919 -0.000011 0.255515 -0.127400 0.001629 0.991850 -0.028853 0.000000 0.000000 0.000000 1.000000
0.991844 -0.012349 0.126855 0.023665 0.012452 0.999922 -0.000018 0.255515 -0.126845 0.001598 0.991921 -0.028853 0.000000 0.000000 0.000000 1.000000
0.991931 -0.011861 0.126226 0.023452 0.011960 0.999928 -0.000025 0.255515 -0.126217 0.001534 0.992002 -0.028853 0.000000 0.000000 0.000000 1.000000
0.992028 -0.011174 0.125523 0.023234 0.011267 0.999937 -0.000031 0.255515 -0.125514 0.001445 0.992091 -0.028853 0.000000 0.000000 0.000000 1.000000
0.992135 -0.010335 0.124745 0.023019 0.010421 0.999946 -0.000037 0.255515 -0.124738 0.001337 0.992189 -0.028853 0.000000 0.000000 0.000000 1.000000
0.992251 -0.009392 0.123894 0.022814 0.009470 0.999955 -0.000042 0.255515 -0.123888 0.001215 0.992295 -0.028853 0.000000 0.000000 0.000000 1.000000
0.992375 -0.008393 0.122968 0.022629 0.008463 0.999964 -0.000045 0.255515 -0.122963 0.001086 0.992411 -0.028853 0.000000 0.000000 0.000000 1.000000
0.992507 -0.007386 0.121968 0.022471 0.007447 0.999972 -0.000047 0.255515 -0.121965 0.000955 0.992534 -0.028853 0.000000 0.000000 0.000000 1.000000
0.992645 -0.006418 0.120894 0.022347 0.006472 0.999979 -0.000048 0.255515 -0.120892 0.000830 0.992665 -0.028853 0.000000 0.000000 0.000000 1.000000
0.992789 -0.005539 0.119746 0.022267 0.005585 0.999984 -0.000048 0.255515 -0.119744 0.000717 0.992805 -0.028853 0.000000 0.000000 0.000000 1.000000
0.992940 -0.004795 0.118524 0.022239 0.004835 0.999988 -0.000048 0.255515 -0.118522 0.000620 0.992951 -0.028853 0.000000 0.000000 0.000000 1.000000
0.993081 -0.004098 0.117360 0.022303 0.004132 0.999991 -0.000046 0.255515 -0.117359 0.000530 0.993089 -0.028853 0.000000 0.000000 0.000000 1.000000
0.993209 -0.003351 0.116293 0.022458 0.003379 0.999994 -0.000041 0.255515 -0.116292 0.000434 0.993215 -0.028853 0.000000 0.000000 0.000000 1.000000
0.993341 -0.002594 0.115180 0.022651 0.002615 0.999997 -0.000035 0.255515 -0.115180 0.000336 0.993345 -0.028853 0.000000 0.000000 0.000000 1.000000
0.993493 -0.001864 0.113880 0.022824 0.001880 0.999998 -0.000027 0.255515 -0.113879 0.000241 0.993495 -0.028853 0.000000 0.000000 0.000000 1.000000
0.993679 -0.001202 0.112249 0.022925 0.001212 0.999999 -0.000020 0.255515 -0.112249 0.000155 0.993680 -0.028853 0.000000 0.000000 0.000000 1.000000
0.993915 -0.000644 0.110146 0.022897 0.000649 1.000000 -0.000012 0.255515 -0.110146 0.000083 0.993915 -0.028853 0.000000 0.000000 0.000000 1.000000
0.994213 -0.000231 0.107428 0.022687 0.000233 1.000000 -0.000005 0.255515 -0.107428 0.000030 0.994213 -0.028853 0.000000 0.000000 0.000000 1.000000
0.994582 0.000000 0.103952 0.022239 0.000000 1.000000 0.000000 0.255515 -0.103952 0.000000 0.994582 -0.028853 0.000000 0.000000 0.000000 1.000000
0.995000 0.000118 0.099876 0.021620 -0.000119 1.000000 0.000003 0.255515 -0.099876 -0.000015 0.995000 -0.028853 0.000000 0.000000 0.000000 1.000000
0.995431 0.000221 0.095482 0.020936 -0.000222 1.000000 0.000007 0.255515 -0.095482 -0.000029 0.995431 -0.028853 0.000000 0.000000 0.000000 1.000000
0.995868 0.000308 0.090814 0.020194 -0.000310 1.000000 0.000012 0.255515 -0.090814 -0.000040 0.995868 -0.028853 0.000000 0.000000 0.000000 1.000000
0.996303 0.000381 0.085912 0.019400 -0.000384 1.000000 0.000016 0.255515 -0.085912 -0.000049 0.996303 -0.028853 0.000000 0.000000 0.000000 1.000000
0.996729 0.000440 0.080820 0.018560 -0.000443 1.000000 0.000021 0.255515 -0.080820 -0.000057 0.996729 -0.028853 0.000000 0.000000 0.000000 1.000000
0.997140 0.000487 0.075580 0.017679 -0.000491 1.000000 0.000026 0.255515 -0.075580 -0.000063 0.997140 -0.028853 0.000000 0.000000 0.000000 1.000000
0.997530 0.000522 0.070235 0.016764 -0.000526 1.000000 0.000031 0.255515 -0.070235 -0.000067 0.997530 -0.028853 0.000000 0.000000 0.000000 1.000000
0.997896 0.000547 0.064828 0.015820 -0.000550 1.000000 0.000035 0.255515 -0.064828 -0.000071 0.997896 -0.028853 0.000000 0.000000 0.000000 1.000000
0.998234 0.000561 0.059401 0.014854 -0.000564 1.000000 0.000039 0.255515 -0.059401 -0.000072 0.998234 -0.028853 0.000000 0.000000 0.000000 1.000000
0.998541 0.000566 0.053998 0.013872 -0.000569 1.000000 0.000042 0.255515 -0.053998 -0.000073 0.998541 -0.028853 0.000000 0.000000 0.000000 1.000000
0.998815 0.000562 0.048661 0.012880 -0.000565 1.000000 0.000045 0.255515 -0.048661 -0.000072 0.998815 -0.028853 0.000000 0.000000 0.000000 1.000000
0.999056 0.000550 0.043433 0.011883 -0.000553 1.000000 0.000047 0.255515 -0.043433 -0.000071 0.999056 -0.028853 0.000000 0.000000 0.000000 1.000000
0.999264 0.000532 0.038358 0.010887 -0.000535 1.000000 0.000048 0.255515 -0.038357 -0.000069 0.999264 -0.028853 0.000000 0.000000 0.000000 1.000000
0.999439 0.000508 0.033477 0.009899 -0.000510 1.000000 0.000048 0.255515 -0.033477 -0.000065 0.999439 -0.028853 0.000000 0.000000 0.000000 1.000000
0.999584 0.000479 0.028836 0.008925 -0.000480 1.000000 0.000048 0.255515 -0.028836 -0.000062 0.999584 -0.028853 0.000000 0.000000 0.000000 1.000000
0.999700 0.000445 0.024475 0.007970 -0.000446 1.000000 0.000046 0.255515 -0.024475 -0.000057 0.999700 -0.028853 0.000000 0.000000 0.000000 1.000000
0.999791 0.000408 0.020439 0.007041 -0.000409 1.000000 0.000044 0.255515 -0.020439 -0.000052 0.999791 -0.028853 0.000000 0.000000 0.000000 1.000000
0.999859 0.000368 0.016770 0.006143 -0.000369 1.000000 0.000041 0.255515 -0.016770 -0.000047 0.999859 -0.028853 0.000000 0.000000 0.000000 1.000000
0.999908 0.000327 0.013524 0.005282 -0.000327 1.000000 0.000038 0.255515 -0.013524 -0.000042 0.999909 -0.028853 0.000000 0.000000 0.000000 1.000000
0.999943 0.000284 0.010707 0.004465 -0.000285 1.000000 0.000033 0.255515 -0.010707 -0.000037 0.999943 -0.028853 0.000000 0.000000 0.000000 1.000000
0.999966 0.000242 0.008293 0.003698 -0.000242 1.000000 0.000029 0.255515 -0.008293 -0.000031 0.999966 -0.028853 0.000000 0.000000 0.000000 1.000000
0.999980 0.000200 0.006252 0.002985 -0.000200 1.000000 0.000024 0.255515 -0.006252 -0.000026 0.999980 -0.028853 0.000000 0.000000 0.000000 1.000000
0.999990 0.000160 0.004556 0.002334 -0.000160 1.000000 0.000020 0.255515 -0.004556 -0.000021 0.999990 -0.028853 0.000000 0.000000 0.000000 1.000000
0.999995 0.000123 0.003178 0.001751 -0.000123 1.000000 0.000015 0.255515 -0.003178 -0.000016 0.999995 -0.028853 0.000000 0.000000 0.000000 1.000000
0.999998 0.000089 0.002090 0.001241 -0.000089 1.000000 0.000011 0.255515 -0.002090 -0.000011 0.999998 -0.028853 0.000000 0.000000 0.000000 1.000000
0.999999 0.000059 0.001262 0.000810 -0.000059 1.000000 0.000008 0.255515 -0.001262 -0.000008 0.999999 -0.028853 0.000000 0.000000 0.000000 1.000000
1.000000 0.000035 0.000668 0.000465 -0.000035 1.000000 0.000004 0.255515 -0.000668 -0.000004 1.000000 -0.028853 0.000000 0.000000 0.000000 1.000000
1.000000 0.000016 0.000278 0.000211 -0.000016 1.000000 0.000002 0.255515 -0.000278 -0.000002 1.000000 -0.028853 0.000000 0.000000 0.000000 1.000000
1.000000 0.000004 0.000065 0.000054 -0.000004 1.000000 0.000001 0.255515 -0.000065 -0.000001 1.000000 -0.028853 0.000000 0.000000 0.000000 1.000000
1.000000 0.000000 0.000000 0.000000 0.000000 1.000000 0.000000 0.255515 0.000000 0.000000 1.000000 -0.028853 0.000000 0.000000 0.000000 1.000000</float_array><technique_common><accessor source="#Root-Matrix-animation-output-transform-array" count="151" stride="16"><param type="float4x4"/></accessor></technique_common></source><source id="Root-Interpolations"><Name_array id="Root-Interpolations-array" count="151">
 LINEAR LINEAR LINEAR LINEAR LINEAR LINEAR LINEAR LINEAR LINEAR LINEAR LINEAR
LINEAR LINEAR LINEAR LINEAR LINEAR LINEAR LINEAR LINEAR LINEAR LINEAR LINEAR LINEAR
LINEAR LINEAR LINEAR LINEAR LINEAR LINEAR LINEAR LINEAR LINEAR LINEAR LINEAR LINEAR
LINEAR LINEAR LINEAR LINEAR LINEAR LINEAR LINEAR LINEAR LINEAR LINEAR LINEAR LINEAR
LINEAR LINEAR LINEAR LINEAR LINEAR LINEAR LINEAR LINEAR LINEAR LINEAR LINEAR LINEAR
LINEAR LINEAR LINEAR LINEAR LINEAR LINEAR LINEAR LINEAR LINEAR LINEAR LINEAR LINEAR
LINEAR LINEAR LINEAR LINEAR LINEAR LINEAR LINEAR LINEAR LINEAR LINEAR LINEAR LINEAR
LINEAR LINEAR LINEAR LINEAR LINEAR LINEAR LINEAR LINEAR LINEAR LINEAR LINEAR LINEAR
LINEAR LINEAR LINEAR LINEAR LINEAR LINEAR LINEAR LINEAR LINEAR LINEAR LINEAR LINEAR
LINEAR LINEAR LINEAR LINEAR LINEAR LINEAR LINEAR LINEAR LINEAR LINEAR LINEAR LINEAR
LINEAR LINEAR LINEAR LINEAR LINEAR LINEAR LINEAR LINEAR LINEAR LINEAR LINEAR LINEAR
LINEAR LINEAR LINEAR LINEAR LINEAR LINEAR LINEAR LINEAR LINEAR LINEAR LINEAR LINEAR
LINEAR LINEAR LINEAR LINEAR LINEAR LINEAR LINEAR LINEAR</Name_array><technique_common><accessor source="#Root-Interpolations-array" count="151"><param type="name"/></accessor></technique_common></source><sampler id="Root-Matrix-animation-transform"><input semantic="INPUT" source="#Root-Matrix-animation-input"/><input semantic="OUTPUT" source="#Root-Matrix-animation-output-transform"/><input semantic="INTERPOLATION" source="#Root-Interpolations"/></sampler><channel source="#Root-Matrix-animation-transform" target="Root/matrix"/></animation><animation><source id="Root-visibility-animation-input"><float_array id="Root-visibility-animation-input-array" count="151">

0.033333 0.066667 0.100000 0.133333 0.166667 0.200000 0.233333 0.266667 0.300000 0.333333 0.366667 0.400000 0.433333 0.466667 0.500000 0.533333
0.566667 0.600000 0.633333 0.666667 0.700000 0.733333 0.766667 0.800000 0.833333 0.866667 0.900000 0.933333 0.966667 1.000000 1.033333 1.066667
1.100000 1.133333 1.166667 1.200000 1.233333 1.266667 1.300000 1.333333 1.366667 1.400000 1.433333 1.466667 1.500000 1.533333 1.566667 1.600000
1.633333 1.666667 1.700000 1.733333 1.766667 1.800000 1.833333 1.866667 1.900000 1.933333 1.966667 2.000000 2.033333 2.066667 2.100000 2.133333
2.166667 2.200000 2.233333 2.266667 2.300000 2.333333 2.366667 2.400000 2.433333 2.466667 2.500000 2.533333 2.566667 2.600000 2.633333 2.666667
2.700000 2.733333 2.766667 2.800000 2.833333 2.866667 2.900000 2.933333 2.966667 3.000000 3.033333 3.066667 3.100000 3.133333 3.166667 3.200000
3.233333 3.266667 3.300000 3.333333 3.366667 3.400000 3.433333 3.466667 3.500000 3.533333 3.566667 3.600000 3.633333 3.666667 3.700000 3.733333
3.766667 3.800000 3.833333 3.866667 3.900000 3.933333 3.966667 4.000000 4.033333 4.066667 4.100000 4.133333 4.166667 4.200000 4.233333 4.266667
4.300000 4.333333 4.366667 4.400000 4.433333 4.466667 4.500000 4.533333 4.566667 4.600000 4.633333 4.666667 4.700000 4.733333 4.766667 4.800000
4.833333 4.866667 4.900000 4.933333 4.966667 5.000000 5.033333</float_array><technique_common><accessor source="#Root-visibility-animation-input-array" count="151"><param name="TIME" type="float"/></accessor></technique_common></source><source id="Root-visibility-animation-output"><float_array id="Root-visibility-animation-output-array" count="151">

1.000000 1.000000 1.000000 1.000000 1.000000 1.000000 1.000000 1.000000 1.000000 1.000000 1.000000 1.000000 1.000000 1.000000 1.000000 1.000000
1.000000 1.000000 1.000000 1.000000 1.000000 1.000000 1.000000 1.000000 1.000000 1.000000 1.000000 1.000000 1.000000 1.000000 1.000000 1.000000
1.000000 1.000000 1.000000 1.000000 1.000000 1.000000 1.000000 1.000000 1.000000 1.000000 1.000000 1.000000 1.000000 1.000000 1.000000 1.000000
1.000000 1.000000 1.000000 1.000000 1.000000 1.000000 1.000000 1.000000 1.000000 1.000000 1.000000 1.000000 1.000000 1.000000 1.000000 1.000000
1.000000 1.000000 1.000000 1.000000 1.000000 1.000000 1.000000 1.000000 1.000000 1.000000 1.000000 1.000000 1.000000 1.000000 1.000000 1.000000
1.000000 1.000000 1.000000 1.000000 1.000000 1.000000 1.000000 1.000000 1.000000 1.000000 1.000000 1.000000 1.000000 1.000000 1.000000 1.000000
1.000000 1.000000 1.000000 1.000000 1.000000 1.000000 1.000000 1.000000 1.000000 1.000000 1.000000 1.000000 1.000000 1.000000 1.000000 1.000000
1.000000 1.000000 1.000000 1.000000 1.000000 1.000000 1.000000 1.000000 1.000000 1.000000 1.000000 1.000000 1.000000 1.000000 1.000000 1.000000
1.000000 1.000000 1.000000 1.000000 1.000000 1.000000 1.000000 1.000000 1.000000 1.000000 1.000000 1.000000 1.000000 1.000000 1.000000 1.000000
1.000000 1.000000 1.000000 1.000000 1.000000 1.000000 1.000000</float_array><technique_common><accessor source="#Root-visibility-animation-output-array" count="151"><param type="float"/></accessor></technique_common></source><source id="Root-visibility-animation-intan"><float_array id="Root-visibility-animation-intan-array" count="151">

0.000000 0.000000 0.000000 0.000000 0.000000 0.000000 0.000000 0.000000 0.000000 0.000000 0.000000 0.000000 0.000000 0.000000 0.000000 0.000000
0.000000 0.000000 0.000000 0.000000 0.000000 0.000000 0.000000 0.000000 0.000000 0.000000 0.000000 0.000000 0.000000 0.000000 0.000000 0.000000
0.000000 0.000000 0.000000 0.000000 0.000000 0.000000 0.000000 0.000000 0.000000 0.000000 0.000000 0.000000 0.000000 0.000000 0.000000 0.000000
0.000000 0.000000 0.000000 0.000000 0.000000 0.000000 0.000000 0.000000 0.000000 0.000000 0.000000 0.000000 0.000000 0.000000 0.000000 0.000000
0.000000 0.000000 0.000000 0.000000 0.000000 0.000000 0.000000 0.000000 0.000000 0.000000 0.000000 0.000000 0.000000 0.000000 0.000000 0.000000
0.000000 0.000000 0.000000 0.000000 0.000000 0.000000 0.000000 0.000000 0.000000 0.000000 0.000000 0.000000 0.000000 0.000000 0.000000 0.000000
0.000000 0.000000 0.000000 0.000000 0.000000 0.000000 0.000000 0.000000 0.000000 0.000000 0.000000 0.000000 0.000000 0.000000 0.000000 0.000000
0.000000 0.000000 0.000000 0.000000 0.000000 0.000000 0.000000 0.000000 0.000000 0.000000 0.000000 0.000000 0.000000 0.000000 0.000000 0.000000
0.000000 0.000000 0.000000 0.000000 0.000000 0.000000 0.000000 0.000000 0.000000 0.000000 0.000000 0.000000 0.000000 0.000000 0.000000 0.000000
0.000000 0.000000 0.000000 0.000000 0.000000 0.000000 0.000000</float_array><technique_common><accessor source="#Root-visibility-animation-intan-array" count="151"><param type="float"/></accessor></technique_common></source><source id="Root-visibility-animation-outtan"><float_array id="Root-visibility-animation-outtan-array" count="151">

0.000000 0.000000 0.000000 0.000000 0.000000 0.000000 0.000000 0.000000 0.000000 0.000000 0.000000 0.000000 0.000000 0.000000 0.000000 0.000000
0.000000 0.000000 0.000000 0.000000 0.000000 0.000000 0.000000 0.000000 0.000000 0.000000 0.000000 0.000000 0.000000 0.000000 0.000000 0.000000
0.000000 0.000000 0.000000 0.000000 0.000000 0.000000 0.000000 0.000000 0.000000 0.000000 0.000000 0.000000 0.000000 0.000000 0.000000 0.000000
0.000000 0.000000 0.000000 0.000000 0.000000 0.000000 0.000000 0.000000 0.000000 0.000000 0.000000 0.000000 0.000000 0.000000 0.000000 0.000000
0.000000 0.000000 0.000000 0.000000 0.000000 0.000000 0.000000 0.000000 0.000000 0.000000 0.000000 0.000000 0.000000 0.000000 0.000000 0.000000
0.000000 0.000000 0.000000 0.000000 0.000000 0.000000 0.000000 0.000000 0.000000 0.000000 0.000000 0.000000 0.000000 0.000000 0.000000 0.000000
0.000000 0.000000 0.000000 0.000000 0.000000 0.000000 0.000000 0.000000 0.000000 0.000000 0.000000 0.000000 0.000000 0.000000 0.000000 0.000000
0.000000 0.000000 0.000000 0.000000 0.000000 0.000000 0.000000 0.000000 0.000000 0.000000 0.000000 0.000000 0.000000 0.000000 0.000000 0.000000
0.000000 0.000000 0.000000 0.000000 0.000000 0.000000 0.000000 0.000000 0.000000 0.000000 0.000000 0.000000 0.000000 0.000000 0.000000 0.000000
0.000000 0.000000 0.000000 0.000000 0.000000 0.000000 0.000000</float_array><technique_common><accessor source="#Root-visibility-animation-outtan-array" count="151"><param type="float"/></accessor></technique_common></source><source id="Root-visibility-animation-interpolation"><Name_array id="Root-visibility-animation-interpolation-array" count="151">
 BEZIER BEZIER BEZIER BEZIER BEZIER BEZIER BEZIER BEZIER BEZIER BEZIER BEZIER
BEZIER BEZIER BEZIER BEZIER BEZIER BEZIER BEZIER BEZIER BEZIER BEZIER BEZIER BEZIER
BEZIER BEZIER BEZIER BEZIER BEZIER BEZIER BEZIER BEZIER BEZIER BEZIER BEZIER BEZIER
BEZIER BEZIER BEZIER BEZIER BEZIER BEZIER BEZIER BEZIER BEZIER BEZIER BEZIER BEZIER
BEZIER BEZIER BEZIER BEZIER BEZIER BEZIER BEZIER BEZIER BEZIER BEZIER BEZIER BEZIER
BEZIER BEZIER BEZIER BEZIER BEZIER BEZIER BEZIER BEZIER BEZIER BEZIER BEZIER BEZIER
BEZIER BEZIER BEZIER BEZIER BEZIER BEZIER BEZIER BEZIER BEZIER BEZIER BEZIER BEZIER
BEZIER BEZIER BEZIER BEZIER BEZIER BEZIER BEZIER BEZIER BEZIER BEZIER BEZIER BEZIER
BEZIER BEZIER BEZIER BEZIER BEZIER BEZIER BEZIER BEZIER BEZIER BEZIER BEZIER BEZIER
BEZIER BEZIER BEZIER BEZIER BEZIER BEZIER BEZIER BEZIER BEZIER BEZIER BEZIER BEZIER
BEZIER BEZIER BEZIER BEZIER BEZIER BEZIER BEZIER BEZIER BEZIER BEZIER BEZIER BEZIER
BEZIER BEZIER BEZIER BEZIER BEZIER BEZIER BEZIER BEZIER BEZIER BEZIER BEZIER BEZIER
BEZIER BEZIER BEZIER BEZIER BEZIER BEZIER BEZIER BEZIER</Name_array><technique_common><accessor source="#Root-visibility-animation-interpolation-array" count="151"><param type="name"/></accessor></technique_common></source><sampler id="Root-visibility-animation"><input semantic="INPUT" source="#Root-visibility-animation-input"/><input semantic="OUTPUT" source="#Root-visibility-animation-output"/><input semantic="IN_TANGENT" source="#Root-visibility-animation-intan"/><input semantic="OUT_TANGENT" source="#Root-visibility-animation-outtan"/><input semantic="INTERPOLATION" source="#Root-visibility-animation-interpolation"/></sampler><channel source="#Root-visibility-animation" target="Root/visibility"/></animation></animation>
    <animation id="hips-anim" name="hips"><animation><source id="hips-Matrix-animation-input"><float_array id="hips-Matrix-animation-input-array" count="151">

0.033333 0.066667 0.100000 0.133333 0.166667 0.200000 0.233333 0.266667 0.300000 0.333333 0.366667 0.400000 0.433333 0.466667 0.500000 0.533333
0.566667 0.600000 0.633333 0.666667 0.700000 0.733333 0.766667 0.800000 0.833333 0.866667 0.900000 0.933333 0.966667 1.000000 1.033333 1.066667
1.100000 1.133333 1.166667 1.200000 1.233333 1.266667 1.300000 1.333333 1.366667 1.400000 1.433333 1.466667 1.500000 1.533333 1.566667 1.600000
1.633333 1.666667 1.700000 1.733333 1.766667 1.800000 1.833333 1.866667 1.900000 1.933333 1.966667 2.000000 2.033333 2.066667 2.100000 2.133333
2.166667 2.200000 2.233333 2.266667 2.300000 2.333333 2.366667 2.400000 2.433333 2.466667 2.500000 2.533333 2.566667 2.600000 2.633333 2.666667
2.700000 2.733333 2.766667 2.800000 2.833333 2.866667 2.900000 2.933333 2.966667 3.000000 3.033333 3.066667 3.100000 3.133333 3.166667 3.200000
3.233333 3.266667 3.300000 3.333333 3.366667 3.400000 3.433333 3.466667 3.500000 3.533333 3.566667 3.600000 3.633333 3.666667 3.700000 3.733333
3.766667 3.800000 3.833333 3.866667 3.900000 3.933333 3.966667 4.000000 4.033333 4.066667 4.100000 4.133333 4.166667 4.200000 4.233333 4.266667
4.300000 4.333333 4.366667 4.400000 4.433333 4.466667 4.500000 4.533333 4.566667 4.600000 4.633333 4.666667 4.700000 4.733333 4.766667 4.800000
4.833333 4.866667 4.900000 4.933333 4.966667 5.000000 5.033333</float_array><technique_common><accessor source="#hips-Matrix-animation-input-array" count="151"><param name="TIME" type="float"/></accessor></technique_common></source><source id="hips-Matrix-animation-output-transform"><float_array id="hips-Matrix-animation-output-transform-array" count="2416">

1.000000 0.000000 0.000000 0.000000 0.000000 1.000000 0.000000 0.000000 0.000000 0.000000 1.000000 -0.472164 0.000000 0.000000 0.000000 1.000000
1.000000 0.000000 0.000000 -0.000000 -0.000000 1.000000 -0.000000 0.000000 0.000000 0.000000 1.000000 -0.472164 0.000000 0.000000 0.000000 1.000000
1.000000 -0.000000 0.000000 0.000000 -0.000000 1.000000 0.000000 0.000000 0.000000 0.000000 1.000000 -0.472164 0.000000 0.000000 0.000000 1.000000
1.000000 -0.000000 -0.000000 -0.000000 0.000000 1.000000 0.000000 -0.000000 -0.000000 0.000000 1.000000 -0.472164 0.000000 0.000000 0.000000 1.000000
1.000000 -0.000000 0.000000 0.000000 -0.000000 1.000000 0.000000 0.000000 0.000000 0.000000 1.000000 -0.472164 0.000000 0.000000 0.000000 1.000000
1.000000 0.000000 0.000000 -0.000000 0.000000 1.000000 0.000000 0.000000 0.000000 0.000000 1.000000 -0.472164 0.000000 0.000000 0.000000 1.000000
1.000000 0.000000 0.000000 -0.000000 0.000000 1.000000 0.000000 -0.000000 0.000000 -0.000000 1.000000 -0.472164 0.000000 0.000000 0.000000 1.000000
1.000000 0.000000 0.000000 -0.000000 0.000000 1.000000 0.000000 0.000000 0.000000 -0.000000 1.000000 -0.472164 0.000000 0.000000 0.000000 1.000000
1.000000 0.000000 0.000000 0.000000 -0.000000 1.000000 0.000000 0.000000 0.000000 0.000000 1.000000 -0.472164 0.000000 0.000000 0.000000 1.000000
1.000000 0.000000 0.000000 -0.000000 0.000000 1.000000 0.000000 -0.000000 0.000000 -0.000000 1.000000 -0.472164 0.000000 0.000000 0.000000 1.000000
1.000000 0.000000 0.000000 -0.000000 -0.000000 1.000000 0.000000 0.000000 0.000000 0.000000 1.000000 -0.472164 0.000000 0.000000 0.000000 1.000000
1.000000 -0.000000 -0.000000 0.000000 -0.000000 1.000000 -0.000000 -0.000000 0.000000 0.000000 1.000000 -0.472164 0.000000 0.000000 0.000000 1.000000
1.000000 -0.000000 0.000000 0.000000 0.000000 1.000000 0.000000 0.000000 0.000000 0.000000 1.000000 -0.472164 0.000000 0.000000 0.000000 1.000000
1.000000 0.000000 0.000000 -0.000000 -0.000000 1.000000 0.000000 0.000000 0.000000 0.000000 1.000000 -0.472164 0.000000 0.000000 0.000000 1.000000
1.000000 -0.000000 -0.000000 -0.000000 -0.000000 1.000000 -0.000000 0.000000 -0.000000 -0.000000 1.000000 -0.472164 0.000000 0.000000 0.000000 1.000000
1.000000 -0.000000 0.000000 -0.000000 -0.000000 1.000000 0.000000 0.000000 0.000000 0.000000 1.000000 -0.472164 0.000000 0.000000 0.000000 1.000000
1.000000 0.000000 0.000000 -0.000000 -0.000000 1.000000 0.000000 0.000000 0.000000 -0.000000 1.000000 -0.472164 0.000000 0.000000 0.000000 1.000000
1.000000 -0.000000 0.000000 0.000000 -0.000000 1.000000 -0.000000 0.000000 0.000000 -0.000000 1.000000 -0.472164 0.000000 0.000000 0.000000 1.000000
1.000000 0.000000 -0.000000 -0.000000 -0.000000 1.000000 0.000000 -0.000000 0.000000 -0.000000 1.000000 -0.472164 0.000000 0.000000 0.000000 1.000000
1.000000 -0.000000 0.000000 0.000000 -0.000000 1.000000 0.000000 -0.000000 0.000000 0.000000 1.000000 -0.472164 0.000000 0.000000 0.000000 1.000000
1.000000 -0.000000 0.000000 0.000000 0.000000 1.000000 -0.000000 0.000000 0.000000 0.000000 1.000000 -0.472164 0.000000 0.000000 0.000000 1.000000
1.000000 0.000000 0.000000 -0.000000 0.000000 1.000000 0.000000 0.000000 0.000000 0.000000 1.000000 -0.472164 0.000000 0.000000 0.000000 1.000000
