<?xml version="1.0" encoding="utf-8"?>
<COLLADA xmlns="http://www.collada.org/2005/11/COLLADASchema" version="1.4.1">
  <asset><contributor><author></author><authoring_tool>FBX COLLADA exporter</authoring_tool><comments></comments></contributor><created>2014-06-04T15:33:21Z</created><keywords></keywords><modified>2014-06-04T15:33:21Z</modified><revision></revision><subject></subject><title></title><unit meter="0.010000" name="centimeter"></unit><up_axis>Y_UP</up_axis></asset>
  <library_animations>
    <animation id="Root-anim" name="Root"><animation><source id="Root-Matrix-animation-input"><float_array id="Root-Matrix-animation-input-array" count="65">

0.033333 0.066667 0.100000 0.133333 0.166667 0.200000 0.233333 0.266667 0.300000 0.333333 0.366667 0.400000 0.433333 0.466667 0.500000 0.533333
0.566667 0.600000 0.633333 0.666667 0.700000 0.733333 0.766667 0.800000 0.833333 0.866667 0.900000 0.933333 0.966667 1.000000 1.033333 1.066667
1.100000 1.133333 1.166667 1.200000 1.233333 1.266667 1.300000 1.333333 1.366667 1.400000 1.433333 1.466667 1.500000 1.533333 1.566667 1.600000
1.633333 1.666667 1.700000 1.733333 1.766667 1.800000 1.833333 1.866667 1.900000 1.933333 1.966667 2.000000 2.033333 2.066667 2.100000 2.133333
2.166667</float_array><technique_common><accessor source="#Root-Matrix-animation-input-array" count="65"><param name="TIME" type="float"/></accessor></technique_common></source><source id="Root-Matrix-animation-output-transform"><float_array id="Root-Matrix-animation-output-transform-array" count="1040">

1.000000 0.000000 0.000000 0.000000 0.000000 0.991020 0.133717 0.328767 0.000000 -0.133717 0.991020 -0.028853 0.000000 0.000000 0.000000 1.000000
0.999999 0.000250 -0.001305 0.000000 -0.000076 0.991274 0.131815 0.327859 0.001326 -0.131814 0.991274 -0.028853 0.000000 0.000000 0.000000 1.000000
0.999988 0.000907 -0.004851 0.000000 -0.000285 0.991955 0.126594 0.325395 0.004927 -0.126591 0.991943 -0.028853 0.000000 0.000000 0.000000 1.000000
0.999947 0.001812 -0.010088 0.000000 -0.000601 0.992920 0.118784 0.321764 0.010232 -0.118772 0.992869 -0.028853 0.000000 0.000000 0.000000 1.000000
0.999860 0.002810 -0.016466 0.000000 -0.000996 0.994029 0.109115 0.317355 0.016674 -0.109083 0.993893 -0.028853 0.000000 0.000000 0.000000 1.000000
0.999718 0.003764 -0.023427 0.000000 -0.001443 0.995154 0.098316 0.312556 0.023684 -0.098254 0.994879 -0.028853 0.000000 0.000000 0.000000 1.000000
0.999527 0.004581 -0.030409 0.000000 -0.001915 0.996196 0.087121 0.307757 0.030692 -0.087022 0.995734 -0.028853 0.000000 0.000000 0.000000 1.000000
0.999308 0.005208 -0.036842 0.000000 -0.002384 0.997085 0.076263 0.303347 0.037132 -0.076123 0.996407 -0.028853 0.000000 0.000000 0.000000 1.000000
0.999095 0.005637 -0.042152 0.000000 -0.002824 0.997784 0.066481 0.299716 0.042434 -0.066302 0.996897 -0.028853 0.000000 0.000000 0.000000 1.000000
0.998935 0.005892 -0.045764 0.000000 -0.003208 0.998282 0.058509 0.297252 0.046030 -0.058300 0.997237 -0.028853 0.000000 0.000000 0.000000 1.000000
0.998872 0.006013 -0.047103 0.000000 -0.003508 0.998584 0.053080 0.296344 0.047355 -0.052855 0.997479 -0.028853 0.000000 0.000000 0.000000 1.000000
0.998903 0.006061 -0.046433 0.000000 -0.003761 0.998769 0.049469 0.296492 0.046676 -0.049240 0.997696 -0.029174 0.000000 0.000000 0.000000 1.000000
0.998990 0.006087 -0.044520 0.000000 -0.004018 0.998914 0.046421 0.296912 0.044755 -0.046195 0.997929 -0.030087 0.000000 0.000000 0.000000 1.000000
0.999118 0.006103 -0.041542 0.000000 -0.004278 0.999028 0.043881 0.297568 0.041769 -0.043664 0.998173 -0.031525 0.000000 0.000000 0.000000 1.000000
0.999271 0.006113 -0.037674 0.000000 -0.004536 0.999116 0.041792 0.298426 0.037896 -0.041590 0.998416 -0.033417 0.000000 0.000000 0.000000 1.000000
0.999433 0.006120 -0.033095 0.000000 -0.004791 0.999184 0.040099 0.299450 0.033314 -0.039917 0.998647 -0.035693 0.000000 0.000000 0.000000 1.000000
0.999590 0.006125 -0.027982 0.000000 -0.005039 0.999236 0.038746 0.300605 0.028198 -0.038589 0.998857 -0.038283 0.000000 0.000000 0.000000 1.000000
0.999728 0.006128 -0.022512 0.000000 -0.005276 0.999276 0.037678 0.301855 0.022727 -0.037549 0.999036 -0.041119 0.000000 0.000000 0.000000 1.000000
0.999839 0.006126 -0.016863 0.000000 -0.005501 0.999306 0.036841 0.303165 0.017077 -0.036742 0.999179 -0.044129 0.000000 0.000000 0.000000 1.000000
0.999918 0.006120 -0.011213 0.000000 -0.005711 0.999329 0.036178 0.304500 0.011427 -0.036111 0.999282 -0.047245 0.000000 0.000000 0.000000 1.000000
0.999965 0.006109 -0.005740 0.000000 -0.005901 0.999347 0.035636 0.305824 0.005954 -0.035601 0.999348 -0.050396 0.000000 0.000000 0.000000 1.000000
0.999981 0.006096 -0.000622 0.000000 -0.006070 0.999363 0.035160 0.307103 0.000836 -0.035156 0.999382 -0.053513 0.000000 0.000000 0.000000 1.000000
0.999974 0.006081 0.003964 0.000000 -0.006215 0.999379 0.034696 0.308300 -0.003750 -0.034719 0.999390 -0.056527 0.000000 0.000000 0.000000 1.000000
0.999951 0.006068 0.007838 0.000000 -0.006332 0.999395 0.034189 0.309381 -0.007626 -0.034237 0.999385 -0.059366 0.000000 0.000000 0.000000 1.000000
0.999923 0.006059 0.010824 0.000000 -0.006420 0.999415 0.033586 0.310309 -0.010614 -0.033652 0.999377 -0.061962 0.000000 0.000000 0.000000 1.000000
0.999900 0.006059 0.012743 0.000000 -0.006474 0.999440 0.032831 0.311051 -0.012537 -0.032910 0.999380 -0.064245 0.000000 0.000000 0.000000 1.000000
0.999892 0.006068 0.013417 0.000000 -0.006493 0.999471 0.031871 0.311570 -0.013217 -0.031955 0.999402 -0.066144 0.000000 0.000000 0.000000 1.000000
0.999893 0.006082 0.013332 0.000000 -0.006491 0.999504 0.030805 0.311940 -0.013138 -0.030888 0.999437 -0.067802 0.000000 0.000000 0.000000 1.000000
0.999896 0.006087 0.013101 0.000000 -0.006475 0.999536 0.029766 0.312260 -0.012914 -0.029848 0.999471 -0.069401 0.000000 0.000000 0.000000 1.000000
0.999900 0.006069 0.012749 0.000000 -0.006433 0.999566 0.028757 0.312536 -0.012569 -0.028836 0.999505 -0.070933 0.000000 0.000000 0.000000 1.000000
0.999906 0.006012 0.012295 0.000000 -0.006352 0.999594 0.027780 0.312768 -0.012123 -0.027855 0.999538 -0.072390 0.000000 0.000000 0.000000 1.000000
0.999913 0.005903 0.011764 0.000000 -0.006217 0.999621 0.026834 0.312963 -0.011601 -0.026905 0.999571 -0.073763 0.000000 0.000000 0.000000 1.000000
0.999921 0.005728 0.011175 0.000000 -0.006016 0.999646 0.025923 0.313121 -0.011023 -0.025988 0.999601 -0.075044 0.000000 0.000000 0.000000 1.000000
0.999929 0.005473 0.010552 0.000000 -0.005736 0.999670 0.025046 0.313249 -0.010411 -0.025105 0.999631 -0.076224 0.000000 0.000000 0.000000 1.000000
0.999938 0.005125 0.009916 0.000000 -0.005363 0.999693 0.024205 0.313348 -0.009789 -0.024256 0.999658 -0.077297 0.000000 0.000000 0.000000 1.000000
0.999946 0.004668 0.009289 0.000000 -0.004884 0.999714 0.023401 0.313422 -0.009177 -0.023445 0.999683 -0.078253 0.000000 0.000000 0.000000 1.000000
0.999954 0.004090 0.008694 0.000000 -0.004286 0.999735 0.022635 0.313476 -0.008599 -0.022672 0.999706 -0.079085 0.000000 0.000000 0.000000 1.000000
0.999961 0.003378 0.008152 0.000000 -0.003556 0.999754 0.021909 0.313511 -0.008076 -0.021937 0.999727 -0.079784 0.000000 0.000000 0.000000 1.000000
0.999967 0.002517 0.007686 0.000000 -0.002680 0.999771 0.021224 0.313533 -0.007631 -0.021244 0.999745 -0.080341 0.000000 0.000000 0.000000 1.000000
0.999972 0.001494 0.007318 0.000000 -0.001645 0.999787 0.020581 0.313544 -0.007286 -0.020592 0.999761 -0.080750 0.000000 0.000000 0.000000 1.000000
0.999975 0.000296 0.007070 0.000000 -0.000437 0.999800 0.019981 0.313548 -0.007062 -0.019984 0.999775 -0.081001 0.000000 0.000000 0.000000 1.000000
0.999975 -0.001091 0.006963 0.000000 0.000955 0.999811 0.019427 0.313549 -0.006983 -0.019420 0.999787 -0.081087 0.000000 0.000000 0.000000 1.000000
0.999906 -0.011855 0.006943 -0.002404 0.011721 0.999750 0.019047 0.309707 -0.007167 -0.018964 0.999794 -0.081087 0.000000 0.000000 0.000000 1.000000
0.999311 -0.036469 0.006943 -0.008414 0.036332 0.999161 0.018924 0.299778 -0.007627 -0.018659 0.999797 -0.081087 0.000000 0.000000 0.000000 1.000000
0.997671 -0.067855 0.006954 -0.016227 0.067712 0.997524 0.018988 0.286153 -0.008225 -0.018473 0.999796 -0.081087 0.000000 0.000000 0.000000 1.000000
0.995071 -0.098923 0.006963 -0.024040 0.098775 0.994925 0.019160 0.271229 -0.008823 -0.018378 0.999792 -0.081087 0.000000 0.000000 0.000000 1.000000
0.992425 -0.122654 0.006965 -0.030050 0.122501 0.992280 0.019342 0.257399 -0.009283 -0.018343 0.999789 -0.081087 0.000000 0.000000 0.000000 1.000000
0.991211 -0.132103 0.006963 -0.032454 0.131948 0.991066 0.019427 0.247057 -0.009467 -0.018338 0.999787 -0.081087 0.000000 0.000000 0.000000 1.000000
0.992209 -0.124388 0.006961 -0.030857 0.124234 0.992063 0.019420 0.239631 -0.009321 -0.018404 0.999787 -0.081087 0.000000 0.000000 0.000000 1.000000
0.994441 -0.105068 0.006956 -0.026865 0.104917 0.994292 0.019406 0.233093 -0.008955 -0.018569 0.999787 -0.081087 0.000000 0.000000 0.000000 1.000000
0.996779 -0.079893 0.006953 -0.021675 0.079746 0.996626 0.019400 0.227648 -0.008480 -0.018783 0.999788 -0.081087 0.000000 0.000000 0.000000 1.000000
0.998480 -0.054667 0.006955 -0.016485 0.054523 0.998324 0.019407 0.223503 -0.008005 -0.018998 0.999787 -0.081087 0.000000 0.000000 0.000000 1.000000
0.999355 -0.035236 0.006960 -0.012492 0.035095 0.999195 0.019420 0.220865 -0.007639 -0.019163 0.999787 -0.081087 0.000000 0.000000 0.000000 1.000000
0.999599 -0.027460 0.006963 -0.010895 0.027320 0.999438 0.019427 0.219940 -0.007493 -0.019229 0.999787 -0.081087 0.000000 0.000000 0.000000 1.000000
0.999599 -0.027460 0.006963 -0.010895 0.027320 0.999438 0.019427 0.219940 -0.007493 -0.019229 0.999787 -0.081087 0.000000 0.000000 0.000000 1.000000
0.999599 -0.027460 0.006963 -0.010895 0.027320 0.999438 0.019427 0.219940 -0.007493 -0.019229 0.999787 -0.081087 0.000000 0.000000 0.000000 1.000000
0.999599 -0.027460 0.006963 -0.010895 0.027320 0.999438 0.019427 0.219940 -0.007493 -0.019229 0.999787 -0.081087 0.000000 0.000000 0.000000 1.000000
0.999599 -0.027460 0.006963 -0.010895 0.027320 0.999438 0.019427 0.219940 -0.007493 -0.019229 0.999787 -0.081087 0.000000 0.000000 0.000000 1.000000
0.999599 -0.027460 0.006963 -0.010895 0.027320 0.999438 0.019427 0.219940 -0.007493 -0.019229 0.999787 -0.081087 0.000000 0.000000 0.000000 1.000000
0.999599 -0.027460 0.006963 -0.010895 0.027320 0.999438 0.019427 0.219940 -0.007493 -0.019229 0.999787 -0.081087 0.000000 0.000000 0.000000 1.000000
0.999599 -0.027460 0.006963 -0.010895 0.027320 0.999438 0.019427 0.219940 -0.007493 -0.019229 0.999787 -0.081087 0.000000 0.000000 0.000000 1.000000
0.999599 -0.027460 0.006963 -0.010895 0.027320 0.999438 0.019427 0.219940 -0.007493 -0.019229 0.999787 -0.081087 0.000000 0.000000 0.000000 1.000000
0.999599 -0.027460 0.006963 -0.010895 0.027320 0.999438 0.019427 0.219940 -0.007493 -0.019229 0.999787 -0.081087 0.000000 0.000000 0.000000 1.000000
0.999599 -0.027460 0.006963 -0.010895 0.027320 0.999438 0.019427 0.219940 -0.007493 -0.019229 0.999787 -0.081087 0.000000 0.000000 0.000000 1.000000
1.000000 0.000000 0.000000 0.000000 0.000000 1.000000 0.000000 0.255515 0.000000 0.000000 1.000000 -0.028853 0.000000 0.000000 0.000000 1.000000</float_array><technique_common><accessor source="#Root-Matrix-animation-output-transform-array" count="65" stride="16"><param type="float4x4"/></accessor></technique_common></source><source id="Root-Interpolations"><Name_array id="Root-Interpolations-array" count="65">
 LINEAR LINEAR LINEAR LINEAR LINEAR LINEAR LINEAR LINEAR LINEAR LINEAR LINEAR
LINEAR LINEAR LINEAR LINEAR LINEAR LINEAR LINEAR LINEAR LINEAR LINEAR LINEAR LINEAR
LINEAR LINEAR LINEAR LINEAR LINEAR LINEAR LINEAR LINEAR LINEAR LINEAR LINEAR LINEAR
LINEAR LINEAR LINEAR LINEAR LINEAR LINEAR LINEAR LINEAR LINEAR LINEAR LINEAR LINEAR
LINEAR LINEAR LINEAR LINEAR LINEAR LINEAR LINEAR LINEAR LINEAR LINEAR LINEAR LINEAR
LINEAR LINEAR LINEAR LINEAR LINEAR LINEAR</Name_array><technique_common><accessor source="#Root-Interpolations-array" count="65"><param type="name"/></accessor></technique_common></source><sampler id="Root-Matrix-animation-transform"><input semantic="INPUT" source="#Root-Matrix-animation-input"/><input semantic="OUTPUT" source="#Root-Matrix-animation-output-transform"/><input semantic="INTERPOLATION" source="#Root-Interpolations"/></sampler><channel source="#Root-Matrix-animation-transform" target="Root/matrix"/></animation><animation><source id="Root-visibility-animation-input"><float_array id="Root-visibility-animation-input-array" count="65">

0.033333 0.066667 0.100000 0.133333 0.166667 0.200000 0.233333 0.266667 0.300000 0.333333 0.366667 0.400000 0.433333 0.466667 0.500000 0.533333
0.566667 0.600000 0.633333 0.666667 0.700000 0.733333 0.766667 0.800000 0.833333 0.866667 0.900000 0.933333 0.966667 1.000000 1.033333 1.066667
1.100000 1.133333 1.166667 1.200000 1.233333 1.266667 1.300000 1.333333 1.366667 1.400000 1.433333 1.466667 1.500000 1.533333 1.566667 1.600000
1.633333 1.666667 1.700000 1.733333 1.766667 1.800000 1.833333 1.866667 1.900000 1.933333 1.966667 2.000000 2.033333 2.066667 2.100000 2.133333
2.166667</float_array><technique_common><accessor source="#Root-visibility-animation-input-array" count="65"><param name="TIME" type="float"/></accessor></technique_common></source><source id="Root-visibility-animation-output"><float_array id="Root-visibility-animation-output-array" count="65">

1.000000 1.000000 1.000000 1.000000 1.000000 1.000000 1.000000 1.000000 1.000000 1.000000 1.000000 1.000000 1.000000 1.000000 1.000000 1.000000
1.000000 1.000000 1.000000 1.000000 1.000000 1.000000 1.000000 1.000000 1.000000 1.000000 1.000000 1.000000 1.000000 1.000000 1.000000 1.000000
1.000000 1.000000 1.000000 1.000000 1.000000 1.000000 1.000000 1.000000 1.000000 1.000000 1.000000 1.000000 1.000000 1.000000 1.000000 1.000000
1.000000 1.000000 1.000000 1.000000 1.000000 1.000000 1.000000 1.000000 1.000000 1.000000 1.000000 1.000000 1.000000 1.000000 1.000000 1.000000
1.000000</float_array><technique_common><accessor source="#Root-visibility-animation-output-array" count="65"><param type="float"/></accessor></technique_common></source><source id="Root-visibility-animation-intan"><float_array id="Root-visibility-animation-intan-array" count="65">

0.000000 0.000000 0.000000 0.000000 0.000000 0.000000 0.000000 0.000000 0.000000 0.000000 0.000000 0.000000 0.000000 0.000000 0.000000 0.000000
0.000000 0.000000 0.000000 0.000000 0.000000 0.000000 0.000000 0.000000 0.000000 0.000000 0.000000 0.000000 0.000000 0.000000 0.000000 0.000000
0.000000 0.000000 0.000000 0.000000 0.000000 0.000000 0.000000 0.000000 0.000000 0.000000 0.000000 0.000000 0.000000 0.000000 0.000000 0.000000
0.000000 0.000000 0.000000 0.000000 0.000000 0.000000 0.000000 0.000000 0.000000 0.000000 0.000000 0.000000 0.000000 0.000000 0.000000 0.000000
0.000000</float_array><technique_common><accessor source="#Root-visibility-animation-intan-array" count="65"><param type="float"/></accessor></technique_common></source><source id="Root-visibility-animation-outtan"><float_array id="Root-visibility-animation-outtan-array" count="65">

0.000000 0.000000 0.000000 0.000000 0.000000 0.000000 0.000000 0.000000 0.000000 0.000000 0.000000 0.000000 0.000000 0.000000 0.000000 0.000000
0.000000 0.000000 0.000000 0.000000 0.000000 0.000000 0.000000 0.000000 0.000000 0.000000 0.000000 0.000000 0.000000 0.000000 0.000000 0.000000
0.000000 0.000000 0.000000 0.000000 0.000000 0.000000 0.000000 0.000000 0.000000 0.000000 0.000000 0.000000 0.000000 0.000000 0.000000 0.000000
0.000000 0.000000 0.000000 0.000000 0.000000 0.000000 0.000000 0.000000 0.000000 0.000000 0.000000 0.000000 0.000000 0.000000 0.000000 0.000000
0.000000</float_array><technique_common><accessor source="#Root-visibility-animation-outtan-array" count="65"><param type="float"/></accessor></technique_common></source><source id="Root-visibility-animation-interpolation"><Name_array id="Root-visibility-animation-interpolation-array" count="65">
 BEZIER BEZIER BEZIER BEZIER BEZIER BEZIER BEZIER BEZIER BEZIER BEZIER BEZIER
BEZIER BEZIER BEZIER BEZIER BEZIER BEZIER BEZIER BEZIER BEZIER BEZIER BEZIER BEZIER
BEZIER BEZIER BEZIER BEZIER BEZIER BEZIER BEZIER BEZIER BEZIER BEZIER BEZIER BEZIER
BEZIER BEZIER BEZIER BEZIER BEZIER BEZIER BEZIER BEZIER BEZIER BEZIER BEZIER BEZIER
BEZIER BEZIER BEZIER BEZIER BEZIER BEZIER BEZIER BEZIER BEZIER BEZIER BEZIER BEZIER
BEZIER BEZIER BEZIER BEZIER BEZIER BEZIER</Name_array><technique_common><accessor source="#Root-visibility-animation-interpolation-array" count="65"><param type="name"/></accessor></technique_common></source><sampler id="Root-visibility-animation"><input semantic="INPUT" source="#Root-visibility-animation-input"/><input semantic="OUTPUT" source="#Root-visibility-animation-output"/><input semantic="IN_TANGENT" source="#Root-visibility-animation-intan"/><input semantic="OUT_TANGENT" source="#Root-visibility-animation-outtan"/><input semantic="INTERPOLATION" source="#Root-visibility-animation-interpolation"/></sampler><channel source="#Root-visibility-animation" target="Root/visibility"/></animation></animation>
    <animation id="hips-anim" name="hips"><animation><source id="hips-Matrix-animation-input"><float_array id="hips-Matrix-animation-input-array" count="65">

0.033333 0.066667 0.100000 0.133333 0.166667 0.200000 0.233333 0.266667 0.300000 0.333333 0.366667 0.400000 0.433333 0.466667 0.500000 0.533333
0.566667 0.600000 0.633333 0.666667 0.700000 0.733333 0.766667 0.800000 0.833333 0.866667 0.900000 0.933333 0.966667 1.000000 1.033333 1.066667
1.100000 1.133333 1.166667 1.200000 1.233333 1.266667 1.300000 1.333333 1.366667 1.400000 1.433333 1.466667 1.500000 1.533333 1.566667 1.600000
1.633333 1.666667 1.700000 1.733333 1.766667 1.800000 1.833333 1.866667 1.900000 1.933333 1.966667 2.000000 2.033333 2.066667 2.100000 2.133333
2.166667</float_array><technique_common><accessor source="#hips-Matrix-animation-input-array" count="65"><param name="TIME" type="float"/></accessor></technique_common></source><source id="hips-Matrix-animation-output-transform"><float_array id="hips-Matrix-animation-output-transform-array" count="1040">

1.000000 0.000000 0.000000 0.000000 0.000000 1.000000 0.000000 0.000000 0.000000 0.000000 1.000000 -0.472164 0.000000 0.000000 0.000000 1.000000
1.000000 -0.000000 0.000000 -0.000000 -0.000000 1.000000 -0.000000 0.000000 0.000000 -0.000000 1.000000 -0.472164 0.000000 0.000000 0.000000 1.000000
1.000000 0.000000 0.000000 -0.000000 0.000000 1.000000 0.000000 0.000000 0.000000 0.000000 1.000000 -0.472164 0.000000 0.000000 0.000000 1.000000
1.000000 -0.000000 0.000000 -0.000000 0.000000 1.000000 0.000000 0.000000 0.000000 0.000000 1.000000 -0.472164 0.000000 0.000000 0.000000 1.000000
1.000000 0.000000 0.000000 -0.000000 -0.000000 1.000000 0.000000 -0.000000 0.000000 0.000000 1.000000 -0.472164 0.000000 0.000000 0.000000 1.000000
1.000000 0.000000 -0.000000 0.000000 0.000000 1.000000 0.000000 0.000000 -0.000000 0.000000 1.000000 -0.472164 0.000000 0.000000 0.000000 1.000000
1.000000 -0.000000 0.000000 -0.000000 -0.000000 1.000000 0.000000 0.000000 0.000000 0.000000 1.000000 -0.472164 0.000000 0.000000 0.000000 1.000000
1.000000 -0.000000 0.000000 -0.000000 0.000000 1.000000 -0.000000 0.000000 -0.000000 -0.000000 1.000000 -0.472164 0.000000 0.000000 0.000000 1.000000
1.000000 0.000000 -0.000000 0.000000 0.000000 1.000000 -0.000000 0.000000 0.000000 0.000000 1.000000 -0.472164 0.000000 0.000000 0.000000 1.000000
1.000000 0.000000 0.000000 0.000000 -0.000000 1.000000 -0.000000 0.000000 -0.000000 -0.000000 1.000000 -0.472164 0.000000 0.000000 0.000000 1.000000
1.000000 0.000000 -0.000000 -0.000000 0.000000 1.000000 0.000000 0.000000 -0.000000 0.000000 1.000000 -0.472164 0.000000 0.000000 0.000000 1.000000
1.000000 0.000000 -0.000000 0.000000 0.000000 1.000000 0.000000 0.000000 0.000000 0.000000 1.000000 -0.472164 0.000000 0.000000 0.000000 1.000000
1.000000 -0.000000 0.000000 -0.000000 -0.000000 1.000000 0.000000 0.000000 0.000000 -0.000000 1.000000 -0.472164 0.000000 0.000000 0.000000 1.000000
1.000000 0.000000 0.000000 0.000000 0.000000 1.000000 0.000000 0.000000 0.000000 0.000000 1.000000 -0.472164 0.000000 0.000000 0.000000 1.000000
1.000000 -0.000000 -0.000000 0.000000 0.000000 1.000000 0.000000 0.000000 -0.000000 0.000000 1.000000 -0.472164 0.000000 0.000000 0.000000 1.000000
1.000000 -0.000000 0.000000 -0.000000 0.000000 1.000000 -0.000000 0.000000 0.000000 -0.000000 1.000000 -0.472164 0.000000 0.000000 0.000000 1.000000
1.000000 0.000000 0.000000 -0.000000 0.000000 1.000000 0.000000 0.000000 0.000000 0.000000 1.000000 -0.472164 0.000000 0.000000 0.000000 1.000000
1.000000 0.000000 0.000000 -0.000000 0.000000 1.000000 0.000000 0.000000 -0.000000 0.000000 1.000000 -0.472164 0.000000 0.000000 0.000000 1.000000
1.000000 -0.000000 -0.000000 -0.000000 0.000000 1.000000 -0.000000 0.000000 0.000000 0.000000 1.000000 -0.472164 0.000000 0.000000 0.000000 1.000000
1.000000 -0.000000 0.000000 -0.000000 -0.000000 1.000000 0.000000 -0.000000 0.000000 0.000000 1.000000 -0.472164 0.000000 0.000000 0.000000 1.000000
1.000000 -0.000000 0.000000 0.000000 0.000000 1.000000 0.000000 0.000000 0.000000 0.000000 1.000000 -0.472164 0.000000 0.000000 0.000000 1.000000
1.000000 -0.000000 0.000000 0.000000 -0.000000 1.000000 0.000000 0.000000 0.000000 0.000000 1.000000 -0.472164 0.000000 0.000000 0.000000 1.000000
1.000000 -0.000000 -0.000000 0.000000 -0.000000 1.000000 -0.000000 0.000000 -0.000000 0.000000 1.000000 -0.472164 0.000000 0.000000 0.000000 1.000000
1.000000 -0.000000 -0.000000 -0.000000 -0.000000 1.000000 0.000000 0.000000 0.000000 -0.000000 1.000000 -0.472164 0.000000 0.000000 0.000000 1.000000
1.000000 0.000000 0.000000 -0.000000 -0.000000 1.000000 0.000000 0.000000 0.000000 0.000000 1.000000 -0.472164 0.000000 0.000000 0.000000 1.000000
1.000000 -0.000000 -0.000000 0.000000 0.000000 1.000000 0.000000 -0.000000 0.000000 0.000000 1.000000 -0.472164 0.000000 0.000000 0.000000 1.000000
1.000000 0.000000 0.000000 0.000000 -0.000000 1.000000 0.000000 0.000000 0.000000 0.000000 1.000000 -0.472164 0.000000 0.000000 0.000000 1.000000
1.000000 0.000000 0.000000 -0.000000 0.000000 1.000000 0.000000 -0.000000 0.000000 0.000000 1.000000 -0.472164 0.000000 0.000000 0.000000 1.000000
1.000000 0.000000 0.000000 0.000000 0.000000 1.000000 -0.000000 0.000000 -0.000000 -0.000000 1.000000 -0.472164 0.000000 0.000000 0.000000 1.000000
1.000000 -0.000000 -0.000000 0.000000 0.000000 1.000000 0.000000 0.000000 0.000000 0.000000 1.000000 -0.472164 0.000000 0.000000 0.000000 1.000000
1.000000 -0.000000 -0.000000 0.000000 -0.000000 1.000000 0.000000 0.000000 0.000000 0.000000 1.000000 -0.472164 0.000000 0.000000 0.000000 1.000000
1.000000 0.000000 0.000000 -0.000000 0.000000 1.000000 0.000000 0.000000 -0.000000 0.000000 1.000000 -0.472164 0.000000 0.000000 0.000000 1.000000
1.000000 0.000000 -0.000000 0.000000 0.000000 1.000000 -0.000000 0.000000 0.000000 -0.000000 1.000000 -0.472164 0.000000 0.000000 0.000000 1.000000
1.000000 0.000000 0.000000 0.000000 -0.000000 1.000000 -0.000000 0.000000 -0.000000 0.000000 1.000000 -0.472164 0.000000 0.000000 0.000000 1.000000
1.000000 -0.000000 0.000000 -0.000000 -0.000000 1.000000 -0.000000 0.000000 -0.000000 -0.000000 1.000000 -0.472164 0.000000 0.000000 0.000000 1.000000
1.000000 0.000000 -0.000000 0.000000 -0.000000 1.000000 0.000000 0.000000 0.000000 0.000000 1.000000 -0.472164 0.000000 0.000000 0.000000 1.000000
1.000000 -0.000000 0.000000 0.000000 -0.000000 1.000000 -0.000000 0.000000 0.000000 -0.000000 1.000000 -0.472164 0.000000 0.000000 0.000000 1.000000
1.000000 -0.000000 -0.000000 -0.000000 0.000000 1.000000 0.000000 -0.000000 -0.000000 0.000000 1.000000 -0.472164 0.000000 0.000000 0.000000 1.000000
1.000000 0.000000 0.000000 0.000000 -0.000000 1.000000 0.000000 0.000000 -0.000000 0.000000 1.000000 -0.472164 0.000000 0.000000 0.000000 1.000000
1.000000 -0.000000 0.000000 -0.000000 0.000000 1.000000 0.000000 0.000000 0.000000 0.000000 1.000000 -0.472164 0.000000 0.000000 0.000000 1.000000
1.000000 0.000000 0.000000 -0.000000 -0.000000 1.000000 0.000000 0.000000 -0.000000 0.000000 1.000000 -0.472164 0.000000 0.000000 0.000000 1.000000
1.000000 0.000000 0.000000 0.000000 -0.000000 1.000000 -0.000000 0.000000 -0.000000 0.000000 1.000000 -0.472164 0.000000 0.000000 0.000000 1.000000
1.000000 -0.000000 0.000000 -0.000000 -0.000000 1.000000 0.000000 0.000000 0.000000 0.000000 1.000000 -0.472164 0.000000 0.000000 0.000000 1.000000
1.000000 -0.000000 -0.000000 0.000000 0.000000 1.000000 -0.000000 0.000000 0.000000 0.000000 1.000000 -0.472164 0.000000 0.000000 0.000000 1.000000
1.000000 -0.000000 0.000000 0.000000 -0.000000 1.000000 0.000000 0.000000 0.000000 0.000000 1.000000 -0.472164 0.000000 0.000000 0.000000 1.000000
1.000000 0.000000 0.000000 -0.000000 0.000000 1.000000 -0.000000 0.000000 -0.000000 -0.000000 1.000000 -0.472164 0.000000 0.000000 0.000000 1.000000
1.000000 0.000000 -0.000000 0.000000 -0.000000 1.000000 0.000000 -0.000000 0.000000 0.000000 1.000000 -0.472164 0.000000 0.000000 0.000000 1.000000
1.000000 -0.000000 0.000000 -0.000000 0.000000 1.000000 0.000000 0.000000 0.000000 0.000000 1.000000 -0.472164 0.000000 0.000000 0.000000 1.000000
1.000000 0.000000 0.000000 -0.000000 0.000000 1.000000 -0.000000 0.000000 -0.000000 0.000000 1.000000 -0.472164 0.000000 0.000000 0.000000 1.000000
1.000000 -0.000000 0.000000 0.000000 0.000000 1.000000 -0.000000 0.000000 -0.000000 -0.000000 1.000000 -0.472164 0.000000 0.000000 0.000000 1.000000
1.000000 -0.000000 -0.000000 -0.000000 0.000000 1.000000 -0.000000 -0.000000 -0.000000 0.000000 1.000000 -0.472164 0.000000 0.000000 0.000000 1.000000
1.000000 -0.000000 0.000000 0.000000 -0.000000 1.000000 0.000000 0.000000 0.000000 0.000000 1.000000 -0.472164 0.000000 0.000000 0.000000 1.000000
1.000000 0.000000 0.000000 0.000000 0.000000 1.000000 0.000000 0.000000 -0.000000 0.000000 1.000000 -0.472164 0.000000 0.000000 0.000000 1.000000
1.000000 -0.000000 0.000000 0.000000 0.000000 1.000000 0.000000 0.000000 0.000000 0.000000 1.000000 -0.472164 0.000000 0.000000 0.000000 1.000000
1.000000 -0.000000 0.000000 0.000000 0.000000 1.000000 0.000000 0.000000 0.000000 0.000000 1.000000 -0.472164 0.000000 0.000000 0.000000 1.000000
1.000000 -0.000000 0.000000 0.000000 0.000000 1.000000 0.000000 0.000000 0.000000 0.000000 1.000000 -0.472164 0.000000 0.000000 0.000000 1.000000
1.000000 -0.000000 0.000000 0.000000 0.000000 1.000000 0.000000 0.000000 0.000000 0.000000 1.000000 -0.472164 0.000000 0.000000 0.000000 1.000000
1.000000 -0.000000 0.000000 0.000000 0.000000 1.000000 0.000000 0.000000 0.000000 0.000000 1.000000 -0.472164 0.000000 0.000000 0.000000 1.000000
1.000000 -0.000000 0.000000 0.000000 0.000000 1.000000 0.000000 0.000000 0.000000 0.000000 1.000000 -0.472164 0.000000 0.000000 0.000000 1.000000
1.000000 -0.000000 0.000000 0.000000 0.000000 1.000000 0.000000 0.000000 0.000000 0.000000 1.000000 -0.472164 0.000000 0.000000 0.000000 1.000000
1.000000 -0.000000 0.000000 0.000000 0.000000 1.000000 0.000000 0.000000 0.000000 0.000000 1.000000 -0.472164 0.000000 0.000000 0.000000 1.000000
1.000000 -0.000000 0.000000 0.000000 0.000000 1.000000 0.000000 0.000000 0.000000 0.000000 1.000000 -0.472164 0.000000 0.000000 0.000000 1.000000
1.000000 -0.000000 0.000000 0.000000 0.000000 1.000000 0.000000 0.000000 0.000000 0.000000 1.000000 -0.472164 0.000000 0.000000 0.000000 1.000000
1.000000 -0.000000 0.000000 0.000000 0.000000 1.000000 0.000000 0.000000 0.000000 0.000000 1.000000 -0.472164 0.000000 0.000000 0.000000 1.000000
1.000000 0.000000 0.000000 0.000000 0.000000 1.000000 0.000000 0.000000 0.000000 0.000000 1.000000 -0.472164 0.000000 0.000000 0.000000 1.000000</float_array><technique_common><accessor source="#hips-Matrix-animation-output-transform-array" count="65" stride="16"><param type="float4x4"/></accessor></technique_common></source><source id="hips-Interpolations"><Name_array id="hips-Interpolations-array" count="65">
 LINEAR LINEAR LINEAR LINEAR LINEAR LINEAR LINEAR LINEAR LINEAR LINEAR LINEAR
LINEAR LINEAR LINEAR LINEAR LINEAR LINEAR LINEAR LINEAR LINEAR LINEAR LINEAR LINEAR
LINEAR LINEAR LINEAR LINEAR LINEAR LINEAR LINEAR LINEAR LINEAR LINEAR LINEAR LINEAR
LINEAR LINEAR LINEAR LINEAR LINEAR LINEAR LINEAR LINEAR LINEAR LINEAR LINEAR LINEAR
LINEAR LINEAR LINEAR LINEAR LINEAR LINEAR LINEAR LINEAR LINEAR LINEAR LINEAR LINEAR
LINEAR LINEAR LINEAR LINEAR LINEAR LINEAR</Name_array><technique_common><accessor source="#hips-Interpolations-array" count="65"><param type="name"/></accessor></technique_common></source><sampler id="hips-Matrix-animation-transform"><input semantic="INPUT" source="#hips-Matrix-animation-input"/><input semantic="OUTPUT" source="#hips-Matrix-animation-output-transform"/><input semantic="INTERPOLATION" source="#hips-Interpolations"/></sampler><channel source="#hips-Matrix-animation-transform" target="hips/matrix"/></animation><animation><source id="hips-visibility-animation-input"><float_array id="hips-visibility-animation-input-array" count="65">

0.033333 0.066667 0.100000 0.133333 0.166667 0.200000 0.233333 0.266667 0.300000 0.333333 0.366667 0.400000 0.433333 0.466667 0.500000 0.533333
0.566667 0.600000 0.633333 0.666667 0.700000 0.733333 0.766667 0.800000 0.833333 0.866667 0.900000 0.933333 0.966667 1.000000 1.033333 1.066667
1.100000 1.133333 1.166667 1.200000 1.233333 1.266667 1.300000 1.333333 1.366667 1.400000 1.433333 1.466667 1.500000 1.533333 1.566667 1.600000
1.633333 1.666667 1.700000 1.733333 1.766667 1.800000 1.833333 1.866667 1.900000 1.933333 1.966667 2.000000 2.033333 2.066667 2.100000 2.133333
2.166667</float_array><technique_common><accessor source="#hips-visibility-animation-input-array" count="65"><param name="TIME" type="float"/></accessor></technique_common></source><source id="hips-visibility-animation-output"><float_array id="hips-visibility-animation-output-array" count="65">

1.000000 1.000000 1.000000 1.000000 1.000000 1.000000 1.000000 1.000000 1.000000 1.000000 1.000000 1.000000 1.000000 1.000000 1.000000 1.000000
1.000000 1.000000 1.000000 1.000000 1.000000 1.000000 1.000000 1.000000 1.000000 1.000000 1.000000 1.000000 1.000000 1.000000 1.000000 1.000000
1.000000 1.000000 1.000000 1.000000 1.000000 1.000000 1.000000 1.000000 1.000000 1.000000 1.000000 1.000000 1.000000 1.000000 1.000000 1.000000
1.000000 1.000000 1.000000 1.000000 1.000000 1.000000 1.000000 1.000000 1.000000 1.000000 1.000000 1.000000 1.000000 1.000000 1.000000 1.000000
1.000000</float_array><technique_common><accessor source="#hips-visibility-animation-output-array" count="65"><param type="float"/></accessor></technique_common></source><source id="hips-visibility-animation-intan"><float_array id="hips-visibility-animation-intan-array" count="65">

0.000000 0.000000 0.000000 0.000000 0.000000 0.000000 0.000000 0.000000 0.000000 0.000000 0.000000 0.000000 0.000000 0.000000 0.000000 0.000000
0.000000 0.000000 0.000000 0.000000 0.000000 0.000000 0.000000 0.000000 0.000000 0.000000 0.000000 0.000000 0.000000 0.000000 0.000000 0.000000
0.000000 0.000000 0.000000 0.000000 0.000000 0.000000 0.000000 0.000000 0.000000 0.000000 0.000000 0.000000 0.000000 0.000000 0.000000 0.000000
0.000000 0.000000 0.000000 0.000000 0.000000 0.000000 0.000000 0.000000 0.000000 0.000000 0.000000 0.000000 0.000000 0.000000 0.000000 0.000000
0.000000</float_array><technique_common><accessor source="#hips-visibility-animation-intan-array" count="65"><param type="float"/></accessor></technique_common></source><source id="hips-visibility-animation-outtan"><float_array id="hips-visibility-animation-outtan-array" count="65">

0.000000 0.000000 0.000000 0.000000 0.000000 0.000000 0.000000 0.000000 0.000000 0.000000 0.000000 0.000000 0.000000 0.000000 0.000000 0.000000
0.000000 0.000000 0.000000 0.000000 0.000000 0.000000 0.000000 0.000000 0.000000 0.000000 0.000000 0.000000 0.000000 0.000000 0.000000 0.000000
0.000000 0.000000 0.000000 0.000000 0.000000 0.000000 0.000000 0.000000 0.000000 0.000000 0.000000 0.000000 0.000000 0.000000 0.000000 0.000000
0.000000 0.000000 0.000000 0.000000 0.000000 0.000000 0.000000 0.000000 0.000000 0.000000 0.000000 0.000000 0.000000 0.000000 0.000000 0.000000
0.000000</float_array><technique_common><accessor source="#hips-visibility-animation-outtan-array" count="65"><param type="float"/></accessor></technique_common></source><source id="hips-visibility-animation-interpolation"><Name_array id="hips-visibility-animation-interpolation-array" count="65">
 BEZIER BEZIER BEZIER BEZIER BEZIER BEZIER BEZIER BEZIER BEZIER BEZIER BEZIER
BEZIER BEZIER BEZIER BEZIER BEZIER BEZIER BEZIER BEZIER BEZIER BEZIER BEZIER BEZIER
BEZIER BEZIER BEZIER BEZIER BEZIER BEZIER BEZIER BEZIER BEZIER BEZIER BEZIER BEZIER
BEZIER BEZIER BEZIER BEZIER BEZIER BEZIER BEZIER BEZIER BEZIER BEZIER BEZIER BEZIER
BEZIER BEZIER BEZIER BEZIER BEZIER BEZIER BEZIER BEZIER BEZIER BEZIER BEZIER BEZIER
BEZIER BEZIER BEZIER BEZIER BEZIER BEZIER</Name_array><technique_common><accessor source="#hips-visibility-animation-interpolation-array" count="65"><param type="name"/></accessor></technique_common></source><sampler id="hips-visibility-animation"><input semantic="INPUT" source="#hips-visibility-animation-input"/><input semantic="OUTPUT" source="#hips-visibility-animation-output"/><input semantic="IN_TANGENT" source="#hips-visibility-animation-intan"/><input semantic="OUT_TANGENT" source="#hips-visibility-animation-outtan"/><input semantic="INTERPOLATION" source="#hips-visibility-animation-interpolation"/></sampler><channel source="#hips-visibility-animation" target="hips/visibility"/></animation></animation>
    <animation id="LeftBackLeg-anim" name="LeftBackLeg"><animation><source id="LeftBackLeg-Matrix-animation-input"><float_array id="LeftBackLeg-Matrix-animation-input-array" count="65">

0.033333 0.066667 0.100000 0.133333 0.166667 0.200000 0.233333 0.266667 0.300000 0.333333 0.366667 0.400000 0.433333 0.466667 0.500000 0.533333
0.566667 0.600000 0.633333 0.666667 0.700000 0.733333 0.766667 0.800000 0.833333 0.866667 0.900000 0.933333 0.966667 1.000000 1.033333 1.066667
1.100000 1.133333 1.166667 1.200000 1.233333 1.266667 1.300000 1.333333 1.366667 1.400000 1.433333 1.466667 1.500000 1.533333 1.566667 1.600000
1.633333 1.666667 1.700000 1.733333 1.766667 1.800000 1.833333 1.866667 1.900000 1.933333 1.966667 2.000000 2.033333 2.066667 2.100000 2.133333
2.166667</float_array><technique_common><accessor source="#LeftBackLeg-Matrix-animation-input-array" count="65"><param name="TIME" type="float"/></accessor></technique_common></source><source id="LeftBackLeg-Matrix-animation-output-transform"><float_array id="LeftBackLeg-Matrix-animation-output-transform-array" count="1040">

0.986644 -0.162864 -0.003143 0.294680 0.160579 0.975682 -0.149195 -0.032709 0.027365 0.146698 0.988803 -0.050545 0.000000 0.000000 0.000000 1.000000
0.987020 -0.160577 -0.002386 0.294680 0.158406 0.975903 -0.150071 -0.032709 0.026427 0.147745 0.988672 -0.050545 0.000000 0.000000 0.000000 1.000000
0.988056 -0.154094 -0.000428 0.294680 0.152239 0.976584 -0.152012 -0.032709 0.023842 0.150131 0.988379 -0.050545 0.000000 0.000000 0.000000 1.000000
0.989588 -0.143909 0.002259 0.294680 0.142540 0.977753 -0.153887 -0.032709 0.019937 0.152607 0.988086 -0.050545 0.000000 0.000000 0.000000 1.000000
0.991427 -0.130558 0.005248 0.294680 0.129795 0.979419 -0.154571 -0.032709 0.015040 0.153927 0.987968 -0.050545 0.000000 0.000000 0.000000 1.000000
0.993364 -0.114719 0.008189 0.294680 0.114616 0.981546 -0.153072 -0.032709 0.009523 0.152995 0.988181 -0.050545 0.000000 0.000000 0.000000 1.000000
0.995199 -0.097269 0.010806 0.294680 0.097793 0.984048 -0.148611 -0.032709 0.003822 0.148954 0.988837 -0.050545 0.000000 0.000000 0.000000 1.000000
0.996770 -0.079272 0.012866 0.294680 0.080294 0.986797 -0.140656 -0.032709 -0.001546 0.141235 0.989975 -0.050545 0.000000 0.000000 0.000000 1.000000
0.997980 -0.061936 0.014125 0.294680 0.063242 0.989638 -0.128906 -0.032709 -0.005994 0.129539 0.991556 -0.050545 0.000000 0.000000 0.000000 1.000000
0.998816 -0.046504 0.014265 0.294680 0.047823 0.992419 -0.113216 -0.032709 -0.008892 0.113765 0.993468 -0.050545 0.000000 0.000000 0.000000 1.000000
0.999335 -0.034135 0.012856 0.294680 0.035189 0.995000 -0.093468 -0.032709 -0.009601 0.093858 0.995539 -0.050545 0.000000 0.000000 0.000000 1.000000
0.999621 -0.025747 0.009718 0.294680 0.026372 0.997133 -0.070922 -0.032709 -0.007865 0.071151 0.997435 -0.050545 0.000000 0.000000 0.000000 1.000000
0.999765 -0.021079 0.005017 0.294680 0.021292 0.998664 -0.047090 -0.032709 -0.004018 0.047186 0.998878 -0.050545 0.000000 0.000000 0.000000 1.000000
0.999812 -0.019369 -0.001230 0.294680 0.019338 0.999568 -0.022135 -0.032709 0.001658 0.022107 0.999754 -0.050545 0.000000 0.000000 0.000000 1.000000
0.999764 -0.019809 -0.008962 0.294680 0.019845 0.999795 0.003896 -0.032709 0.008883 -0.004073 0.999952 -0.050545 0.000000 0.000000 0.000000 1.000000
0.999603 -0.021594 -0.018072 0.294680 0.022147 0.999275 0.030972 -0.032709 0.017390 -0.031360 0.999357 -0.050545 0.000000 0.000000 0.000000 1.000000
0.999309 -0.023963 -0.028405 0.294680 0.025608 0.997927 0.059041 -0.032709 0.026931 -0.059728 0.997851 -0.050545 0.000000 0.000000 0.000000 1.000000
0.998865 -0.026223 -0.039754 0.294680 0.029641 0.995681 0.087984 -0.032709 0.037275 -0.089063 0.995328 -0.050545 0.000000 0.000000 0.000000 1.000000
0.998268 -0.027786 -0.051861 0.294680 0.033734 0.992489 0.117589 -0.032709 0.048204 -0.119135 0.991707 -0.050545 0.000000 0.000000 0.000000 1.000000
0.997525 -0.028192 -0.064409 0.294680 0.037459 0.988346 0.147540 -0.032709 0.059499 -0.149588 0.986957 -0.050545 0.000000 0.000000 0.000000 1.000000
0.996659 -0.027131 -0.077033 0.294680 0.040480 0.983304 0.177411 -0.032709 0.070934 -0.179937 0.981117 -0.050545 0.000000 0.000000 0.000000 1.000000
0.995702 -0.024462 -0.089321 0.294680 0.042554 0.977485 0.206670 -0.032709 0.082254 -0.209583 0.974325 -0.050545 0.000000 0.000000 0.000000 1.000000
0.994698 -0.020216 -0.100830 0.294680 0.043526 0.971095 0.234691 -0.032709 0.093171 -0.237835 0.966826 -0.050545 0.000000 0.000000 0.000000 1.000000
0.993702 -0.014596 -0.111100 0.294680 0.043319 0.964433 0.260754 -0.032709 0.103342 -0.263925 0.958991 -0.050545 0.000000 0.000000 0.000000 1.000000
0.992782 -0.007950 -0.119673 0.294680 0.041915 0.957883 0.284084 -0.032709 0.112374 -0.287049 0.951302 -0.050545 0.000000 0.000000 0.000000 1.000000
0.992016 -0.000727 -0.126111 0.294680 0.039327 0.951904 0.303862 -0.032709 0.119824 -0.306395 0.944333 -0.050545 0.000000 0.000000 0.000000 1.000000
0.991492 0.006589 -0.130003 0.294680 0.035568 0.946997 0.319268 -0.032709 0.125216 -0.321176 0.938705 -0.050545 0.000000 0.000000 0.000000 1.000000
0.991117 0.013633 -0.132294 0.294680 0.031304 0.942871 0.331685 -0.032709 0.129259 -0.332880 0.934068 -0.050545 0.000000 0.000000 0.000000 1.000000
0.990744 0.020354 -0.134207 0.294680 0.027185 0.938910 0.343088 -0.032709 0.132991 -0.343561 0.929666 -0.050545 0.000000 0.000000 0.000000 1.000000
0.990380 0.026798 -0.135753 0.294680 0.023162 0.935121 0.353571 -0.032709 0.136420 -0.353314 0.925505 -0.050545 0.000000 0.000000 0.000000 1.000000
0.990027 0.033019 -0.136953 0.294680 0.019183 0.931492 0.363255 -0.032709 0.139565 -0.362260 0.921569 -0.050545 0.000000 0.000000 0.000000 1.000000
0.989684 0.039051 -0.137840 0.294680 0.015228 0.928009 0.372246 -0.032709 0.142453 -0.370506 0.917841 -0.050545 0.000000 0.000000 0.000000 1.000000
0.989351 0.044957 -0.138429 0.294680 0.011245 0.924645 0.380665 -0.032709 0.145111 -0.378168 0.914293 -0.050545 0.000000 0.000000 0.000000 1.000000
0.989025 0.050807 -0.138735 0.294680 0.007183 0.921367 0.388628 -0.032709 0.147570 -0.385360 0.910890 -0.050545 0.000000 0.000000 0.000000 1.000000
0.988702 0.056672 -0.138768 0.294680 0.002989 0.918134 0.396258 -0.032709 0.149864 -0.392196 0.907592 -0.050545 0.000000 0.000000 0.000000 1.000000
