<?xml version="1.0" encoding="utf-8"?>
<COLLADA xmlns="http://www.collada.org/2005/11/COLLADASchema" version="1.4.1">
  <asset><contributor><author></author><authoring_tool>FBX COLLADA exporter</authoring_tool><comments></comments></contributor><created>2013-05-27T10:47:16Z</created><keywords></keywords><modified>2013-05-27T10:47:16Z</modified><revision></revision><subject></subject><title></title><unit meter="0.010000" name="centimeter"></unit><up_axis>Y_UP</up_axis></asset>
  <library_animations>
    <animation id="root-anim" name="root"><animation><source id="root-Matrix-animation-input"><float_array id="root-Matrix-animation-input-array" count="41">

0.033333 0.066667 0.100000 0.133333 0.166667 0.200000 0.233333 0.266667 0.300000 0.333333 0.366667 0.400000 0.433333 0.466667 0.500000 0.533333
0.566667 0.600000 0.633333 0.666667 0.700000 0.733333 0.766667 0.800000 0.833333 0.866667 0.900000 0.933333 0.966667 1.000000 1.033333 1.066667
1.100000 1.133333 1.166667 1.200000 1.233333 1.266667 1.300000 1.333333 1.366667</float_array><technique_common><accessor source="#root-Matrix-animation-input-array" count="41"><param name="TIME" type="float"/></accessor></technique_common></source><source id="root-Matrix-animation-output-transform"><float_array id="root-Matrix-animation-output-transform-array" count="656">

1.000000 0.000000 0.000000 0.000000 0.000000 0.868923 -0.494947 0.187449 0.000000 0.494947 0.868923 -0.034251 0.000000 0.000000 0.000000 1.000000
0.994870 -0.101002 -0.005759 0.000106 0.094870 0.951203 -0.293621 0.149727 0.035134 0.291568 0.955905 -0.035801 0.000000 0.000000 0.000000 1.000000
0.975374 -0.216891 -0.040053 0.000212 0.216924 0.976182 -0.003575 0.112002 0.039875 -0.005202 0.999191 -0.037351 0.000000 0.000000 0.000000 1.000000
0.964632 -0.244619 -0.098219 -0.003943 0.255426 0.959481 0.118967 0.142479 0.065138 -0.139847 0.988028 -0.052597 0.000000 0.000000 0.000000 1.000000
0.950981 -0.266126 -0.157521 -0.013082 0.295336 0.932615 0.207378 0.209530 0.091718 -0.243734 0.965496 -0.086138 0.000000 0.000000 0.000000 1.000000
0.934482 -0.285236 -0.213036 -0.022222 0.336393 0.903349 0.266083 0.276582 0.116549 -0.320314 0.940115 -0.119679 0.000000 0.000000 0.000000 1.000000
0.915915 -0.305615 -0.260191 -0.026376 0.377723 0.875540 0.301256 0.307062 0.135739 -0.374205 0.917358 -0.134927 0.000000 0.000000 0.000000 1.000000
0.893753 -0.344694 -0.287039 -0.026376 0.428208 0.846204 0.317139 0.296655 0.133578 -0.406356 0.903898 -0.137459 0.000000 0.000000 0.000000 1.000000
0.865835 -0.404824 -0.294019 -0.026376 0.488812 0.809799 0.324482 0.270216 0.106738 -0.424667 0.899035 -0.144103 0.000000 0.000000 0.000000 1.000000
0.833197 -0.467921 -0.294674 -0.026376 0.548816 0.764981 0.337054 0.234918 0.067705 -0.442554 0.894182 -0.153433 0.000000 0.000000 0.000000 1.000000
0.800699 -0.517849 -0.301187 -0.026376 0.598515 0.713088 0.365084 0.197933 0.025715 -0.472587 0.880909 -0.164023 0.000000 0.000000 0.000000 1.000000
0.770770 -0.550049 -0.321498 -0.024768 0.635216 0.624537 0.454372 0.156461 -0.049139 -0.554437 0.830774 -0.177337 0.000000 0.000000 0.000000 1.000000
0.744363 -0.573023 -0.342882 -0.021230 0.648774 0.498953 0.574576 0.107743 -0.158163 -0.650147 0.743165 -0.193734 0.000000 0.000000 0.000000 1.000000
0.727368 -0.592551 -0.346149 -0.017691 0.643803 0.414571 0.643155 0.059025 -0.237599 -0.690662 0.683032 -0.210131 0.000000 0.000000 0.000000 1.000000
0.721265 -0.612462 -0.323523 -0.017691 0.632634 0.392298 0.667740 0.067971 -0.282047 -0.686289 0.670415 -0.216326 0.000000 0.000000 0.000000 1.000000
0.720643 -0.631564 -0.286007 -0.017691 0.611328 0.384255 0.691828 0.076916 -0.327034 -0.673405 0.663004 -0.222520 0.000000 0.000000 0.000000 1.000000
0.721650 -0.648097 -0.243294 -0.017691 0.586314 0.385365 0.712551 0.079993 -0.368046 -0.656859 0.658087 -0.226962 0.000000 0.000000 0.000000 1.000000
0.719575 -0.665295 -0.198981 -0.017691 0.572385 0.406012 0.712411 0.076482 -0.393175 -0.626527 0.672961 -0.232026 0.000000 0.000000 0.000000 1.000000
0.713342 -0.684314 -0.151187 -0.017691 0.577351 0.451547 0.680273 0.070590 -0.397253 -0.572555 0.717197 -0.239703 0.000000 0.000000 0.000000 1.000000
0.706680 -0.700165 -0.101844 -0.017691 0.593782 0.508617 0.623484 0.063841 -0.384742 -0.501077 0.775175 -0.247670 0.000000 0.000000 0.000000 1.000000
0.704316 -0.707922 -0.052775 -0.017691 0.611316 0.567047 0.552042 0.057761 -0.360877 -0.421074 0.832145 -0.253599 0.000000 0.000000 0.000000 1.000000
0.711628 -0.702533 -0.005811 -0.017691 0.618280 0.622313 0.480058 0.053873 -0.333640 -0.345215 0.877218 -0.255168 0.000000 0.000000 0.000000 1.000000
0.749466 -0.661286 0.031627 -0.017691 0.597536 0.696238 0.397747 0.052545 -0.285044 -0.279200 0.916950 -0.250246 0.000000 0.000000 0.000000 1.000000
0.817537 -0.573455 0.052754 -0.017691 0.536058 0.791281 0.294134 0.053457 -0.210416 -0.212187 0.954307 -0.239239 0.000000 0.000000 0.000000 1.000000
0.888434 -0.455313 0.058102 -0.017691 0.438417 0.879244 0.186335 0.057104 -0.135927 -0.140073 0.980767 -0.223619 0.000000 0.000000 0.000000 1.000000
0.941755 -0.332099 0.052979 -0.017691 0.326774 0.940884 0.089202 0.063981 -0.079471 -0.066695 0.994604 -0.204856 0.000000 0.000000 0.000000 1.000000
0.970619 -0.236050 0.046682 -0.017691 0.235807 0.971741 0.010715 0.074584 -0.047892 0.000608 0.998852 -0.184424 0.000000 0.000000 0.000000 1.000000
0.984985 -0.168013 0.039713 -0.017374 0.170016 0.983958 -0.054041 0.094638 -0.029996 0.059981 0.997749 -0.159843 0.000000 0.000000 0.000000 1.000000
0.993787 -0.107801 0.027699 -0.016528 0.110247 0.987587 -0.111881 0.125299 -0.015294 0.114239 0.993336 -0.130419 0.000000 0.000000 0.000000 1.000000
0.998247 -0.057589 0.013636 -0.015312 0.059044 0.984806 -0.163310 0.160214 -0.004024 0.163829 0.986480 -0.100304 0.000000 0.000000 0.000000 1.000000
0.999813 -0.019355 0.000427 -0.013885 0.019016 0.977710 -0.209097 0.193022 0.003629 0.209066 0.977895 -0.073654 0.000000 0.000000 0.000000 1.000000
0.999946 0.005089 -0.009113 -0.012407 -0.007207 0.968193 -0.250099 0.217368 0.007551 0.250151 0.968177 -0.054618 0.000000 0.000000 0.000000 1.000000
0.999827 0.014024 -0.012227 -0.011037 -0.016944 0.957762 -0.287063 0.226897 0.007685 0.287220 0.957834 -0.047349 0.000000 0.000000 0.000000 1.000000
0.999844 0.013893 -0.010926 -0.009595 -0.016678 0.946229 -0.323068 0.217210 0.005850 0.323200 0.946313 -0.045168 0.000000 0.000000 0.000000 1.000000
0.999879 0.012526 -0.009177 -0.007891 -0.014988 0.932992 -0.359586 0.195899 0.004058 0.359680 0.933067 -0.040370 0.000000 0.000000 0.000000 1.000000
0.999921 0.010309 -0.007171 -0.006064 -0.012303 0.918687 -0.394794 0.174588 0.002518 0.394851 0.918742 -0.035572 0.000000 0.000000 0.000000 1.000000
0.999958 0.007628 -0.005100 -0.004255 -0.009076 0.904215 -0.426982 0.164900 0.001355 0.427010 0.904246 -0.033391 0.000000 0.000000 0.000000 1.000000
0.999983 0.004871 -0.003156 -0.002604 -0.005773 0.890701 -0.454553 0.168423 0.000597 0.454564 0.890714 -0.033525 0.000000 0.000000 0.000000 1.000000
0.999996 0.002422 -0.001531 -0.001251 -0.002859 0.879428 -0.476023 0.176174 0.000193 0.476025 0.879432 -0.033821 0.000000 0.000000 0.000000 1.000000
1.000000 0.000670 -0.000415 -0.000336 -0.000787 0.871741 -0.489966 0.183925 0.000033 0.489966 0.871742 -0.034116 0.000000 0.000000 0.000000 1.000000
1.000000 0.000000 0.000000 0.000000 0.000000 1.000000 0.000000 0.194113 0.000000 0.000000 1.000000 -0.034003 0.000000 0.000000 0.000000 1.000000</float_array><technique_common><accessor source="#root-Matrix-animation-output-transform-array" count="41" stride="16"><param type="float4x4"/></accessor></technique_common></source><source id="root-Interpolations"><Name_array id="root-Interpolations-array" count="41">
 LINEAR LINEAR LINEAR LINEAR LINEAR LINEAR LINEAR LINEAR LINEAR LINEAR LINEAR
LINEAR LINEAR LINEAR LINEAR LINEAR LINEAR LINEAR LINEAR LINEAR LINEAR LINEAR LINEAR
LINEAR LINEAR LINEAR LINEAR LINEAR LINEAR LINEAR LINEAR LINEAR LINEAR LINEAR LINEAR
LINEAR LINEAR LINEAR LINEAR LINEAR LINEAR</Name_array><technique_common><accessor source="#root-Interpolations-array" count="41"><param type="name"/></accessor></technique_common></source><sampler id="root-Matrix-animation-transform"><input semantic="INPUT" source="#root-Matrix-animation-input"/><input semantic="OUTPUT" source="#root-Matrix-animation-output-transform"/><input semantic="INTERPOLATION" source="#root-Interpolations"/></sampler><channel source="#root-Matrix-animation-transform" target="root/matrix"/></animation><animation><source id="root-visibility-animation-input"><float_array id="root-visibility-animation-input-array" count="41">

0.033333 0.066667 0.100000 0.133333 0.166667 0.200000 0.233333 0.266667 0.300000 0.333333 0.366667 0.400000 0.433333 0.466667 0.500000 0.533333
0.566667 0.600000 0.633333 0.666667 0.700000 0.733333 0.766667 0.800000 0.833333 0.866667 0.900000 0.933333 0.966667 1.000000 1.033333 1.066667
1.100000 1.133333 1.166667 1.200000 1.233333 1.266667 1.300000 1.333333 1.366667</float_array><technique_common><accessor source="#root-visibility-animation-input-array" count="41"><param name="TIME" type="float"/></accessor></technique_common></source><source id="root-visibility-animation-output"><float_array id="root-visibility-animation-output-array" count="41">

1.000000 1.000000 1.000000 1.000000 1.000000 1.000000 1.000000 1.000000 1.000000 1.000000 1.000000 1.000000 1.000000 1.000000 1.000000 1.000000
1.000000 1.000000 1.000000 1.000000 1.000000 1.000000 1.000000 1.000000 1.000000 1.000000 1.000000 1.000000 1.000000 1.000000 1.000000 1.000000
1.000000 1.000000 1.000000 1.000000 1.000000 1.000000 1.000000 1.000000 1.000000</float_array><technique_common><accessor source="#root-visibility-animation-output-array" count="41"><param type="float"/></accessor></technique_common></source><source id="root-visibility-animation-intan"><float_array id="root-visibility-animation-intan-array" count="41">

0.000000 0.000000 0.000000 0.000000 0.000000 0.000000 0.000000 0.000000 0.000000 0.000000 0.000000 0.000000 0.000000 0.000000 0.000000 0.000000
0.000000 0.000000 0.000000 0.000000 0.000000 0.000000 0.000000 0.000000 0.000000 0.000000 0.000000 0.000000 0.000000 0.000000 0.000000 0.000000
0.000000 0.000000 0.000000 0.000000 0.000000 0.000000 0.000000 0.000000 0.000000</float_array><technique_common><accessor source="#root-visibility-animation-intan-array" count="41"><param type="float"/></accessor></technique_common></source><source id="root-visibility-animation-outtan"><float_array id="root-visibility-animation-outtan-array" count="41">

0.000000 0.000000 0.000000 0.000000 0.000000 0.000000 0.000000 0.000000 0.000000 0.000000 0.000000 0.000000 0.000000 0.000000 0.000000 0.000000
0.000000 0.000000 0.000000 0.000000 0.000000 0.000000 0.000000 0.000000 0.000000 0.000000 0.000000 0.000000 0.000000 0.000000 0.000000 0.000000
0.000000 0.000000 0.000000 0.000000 0.000000 0.000000 0.000000 0.000000 0.000000</float_array><technique_common><accessor source="#root-visibility-animation-outtan-array" count="41"><param type="float"/></accessor></technique_common></source><source id="root-visibility-animation-interpolation"><Name_array id="root-visibility-animation-interpolation-array" count="41">
 BEZIER BEZIER BEZIER BEZIER BEZIER BEZIER BEZIER BEZIER BEZIER BEZIER BEZIER
BEZIER BEZIER BEZIER BEZIER BEZIER BEZIER BEZIER BEZIER BEZIER BEZIER BEZIER BEZIER
BEZIER BEZIER BEZIER BEZIER BEZIER BEZIER BEZIER BEZIER BEZIER BEZIER BEZIER BEZIER
BEZIER BEZIER BEZIER BEZIER BEZIER STEP</Name_array><technique_common><accessor source="#root-visibility-animation-interpolation-array" count="41"><param type="name"/></accessor></technique_common></source><sampler id="root-visibility-animation"><input semantic="INPUT" source="#root-visibility-animation-input"/><input semantic="OUTPUT" source="#root-visibility-animation-output"/><input semantic="IN_TANGENT" source="#root-visibility-animation-intan"/><input semantic="OUT_TANGENT" source="#root-visibility-animation-outtan"/><input semantic="INTERPOLATION" source="#root-visibility-animation-interpolation"/></sampler><channel source="#root-visibility-animation" target="root/visibility"/></animation></animation>
    <animation id="spine0-anim" name="spine0"><animation><source id="spine0-Matrix-animation-input"><float_array id="spine0-Matrix-animation-input-array" count="41">

0.033333 0.066667 0.100000 0.133333 0.166667 0.200000 0.233333 0.266667 0.300000 0.333333 0.366667 0.400000 0.433333 0.466667 0.500000 0.533333
0.566667 0.600000 0.633333 0.666667 0.700000 0.733333 0.766667 0.800000 0.833333 0.866667 0.900000 0.933333 0.966667 1.000000 1.033333 1.066667
1.100000 1.133333 1.166667 1.200000 1.233333 1.266667 1.300000 1.333333 1.366667</float_array><technique_common><accessor source="#spine0-Matrix-animation-input-array" count="41"><param name="TIME" type="float"/></accessor></technique_common></source><source id="spine0-Matrix-animation-output-transform"><float_array id="spine0-Matrix-animation-output-transform-array" count="656">

1.000000 0.000000 0.000000 0.000000 0.000000 0.947551 -0.319603 0.066930 0.000000 0.319603 0.947551 0.057443 0.000000 0.000000 0.000000 1.000000
1.000000 0.000000 0.000000 0.000000 -0.000000 0.947551 -0.319603 0.066930 0.000000 0.319603 0.947551 0.057443 0.000000 0.000000 0.000000 1.000000
1.000000 0.000000 -0.000000 0.000000 -0.000000 0.947551 -0.319603 0.066930 0.000000 0.319603 0.947551 0.057443 0.000000 0.000000 0.000000 1.000000
1.000000 0.000000 0.000000 0.000000 0.000000 0.947551 -0.319603 0.066930 -0.000000 0.319603 0.947551 0.057443 0.000000 0.000000 0.000000 1.000000
1.000000 0.000000 0.000000 0.000000 -0.000000 0.947551 -0.319603 0.066930 -0.000000 0.319603 0.947551 0.057443 0.000000 0.000000 0.000000 1.000000
1.000000 -0.000000 0.000000 0.000000 -0.000000 0.947551 -0.319603 0.066930 0.000000 0.319603 0.947551 0.057443 0.000000 0.000000 0.000000 1.000000
1.000000 0.000000 -0.000000 0.000000 0.000000 0.947551 -0.319603 0.066930 -0.000000 0.319603 0.947551 0.057443 0.000000 0.000000 0.000000 1.000000
1.000000 -0.000000 0.000000 0.000000 0.000000 0.947551 -0.319603 0.066930 0.000000 0.319603 0.947551 0.057443 0.000000 0.000000 0.000000 1.000000
1.000000 -0.000000 0.000000 0.000000 -0.000000 0.947551 -0.319603 0.066930 0.000000 0.319603 0.947551 0.057443 0.000000 0.000000 0.000000 1.000000
1.000000 -0.000000 0.000000 0.000000 -0.000000 0.947551 -0.319603 0.066930 -0.000000 0.319603 0.947551 0.057443 0.000000 0.000000 0.000000 1.000000
1.000000 -0.000000 0.000000 0.000000 -0.000000 0.947551 -0.319603 0.066930 -0.000000 0.319603 0.947551 0.057443 0.000000 0.000000 0.000000 1.000000
1.000000 -0.000000 -0.000000 0.000000 0.000000 0.947551 -0.319603 0.066930 -0.000000 0.319603 0.947551 0.057443 0.000000 0.000000 0.000000 1.000000
1.000000 0.000000 -0.000000 0.000000 0.000000 0.947551 -0.319603 0.066930 -0.000000 0.319603 0.947551 0.057443 0.000000 0.000000 0.000000 1.000000
1.000000 -0.000000 -0.000000 0.000000 -0.000000 0.947551 -0.319603 0.066930 0.000000 0.319603 0.947551 0.057443 0.000000 0.000000 0.000000 1.000000
1.000000 0.000000 0.000000 0.000000 -0.000000 0.947551 -0.319603 0.066930 0.000000 0.319603 0.947551 0.057443 0.000000 0.000000 0.000000 1.000000
1.000000 0.000000 -0.000000 0.000000 0.000000 0.947551 -0.319603 0.066930 -0.000000 0.319603 0.947551 0.057443 0.000000 0.000000 0.000000 1.000000
1.000000 -0.000000 -0.000000 0.000000 -0.000000 0.947551 -0.319603 0.066930 0.000000 0.319603 0.947551 0.057443 0.000000 0.000000 0.000000 1.000000
1.000000 0.000000 0.000000 0.000000 -0.000000 0.947551 -0.319603 0.066930 -0.000000 0.319603 0.947551 0.057443 0.000000 0.000000 0.000000 1.000000
1.000000 -0.000000 -0.000000 0.000000 0.000000 0.947551 -0.319603 0.066930 0.000000 0.319603 0.947551 0.057443 0.000000 0.000000 0.000000 1.000000
1.000000 0.000000 -0.000000 0.000000 0.000000 0.947551 -0.319603 0.066930 0.000000 0.319603 0.947551 0.057443 0.000000 0.000000 0.000000 1.000000
1.000000 -0.000000 -0.000000 0.000000 0.000000 0.947551 -0.319603 0.066930 0.000000 0.319603 0.947551 0.057443 0.000000 0.000000 0.000000 1.000000
1.000000 -0.000000 -0.000000 0.000000 0.000000 0.947551 -0.319603 0.066930 0.000000 0.319603 0.947551 0.057443 0.000000 0.000000 0.000000 1.000000
1.000000 0.000000 0.000000 0.000000 0.000000 0.947551 -0.319603 0.066930 0.000000 0.319603 0.947551 0.057443 0.000000 0.000000 0.000000 1.000000
1.000000 0.000000 -0.000000 0.000000 -0.000000 0.947551 -0.319603 0.066930 -0.000000 0.319603 0.947551 0.057443 0.000000 0.000000 0.000000 1.000000
1.000000 -0.000000 -0.000000 0.000000 -0.000000 0.947551 -0.319603 0.066930 -0.000000 0.319603 0.947551 0.057443 0.000000 0.000000 0.000000 1.000000
1.000000 -0.000000 -0.000000 0.000000 0.000000 0.947551 -0.319603 0.066930 0.000000 0.319603 0.947551 0.057443 0.000000 0.000000 0.000000 1.000000
1.000000 -0.000000 -0.000000 0.000000 -0.000000 0.947551 -0.319603 0.066930 0.000000 0.319603 0.947551 0.057443 0.000000 0.000000 0.000000 1.000000
1.000000 0.000000 -0.000000 0.000000 -0.000000 0.947551 -0.319603 0.066930 0.000000 0.319603 0.947551 0.057443 0.000000 0.000000 0.000000 1.000000
1.000000 0.000000 0.000000 0.000000 0.000000 0.947551 -0.319603 0.066930 0.000000 0.319603 0.947551 0.057443 0.000000 0.000000 0.000000 1.000000
1.000000 -0.000000 0.000000 0.000000 -0.000000 0.947551 -0.319603 0.066930 -0.000000 0.319603 0.947551 0.057443 0.000000 0.000000 0.000000 1.000000
1.000000 -0.000000 0.000000 0.000000 -0.000000 0.947551 -0.319603 0.066930 -0.000000 0.319603 0.947551 0.057443 0.000000 0.000000 0.000000 1.000000
1.000000 0.000000 0.000000 0.000000 0.000000 0.947551 -0.319603 0.066930 0.000000 0.319603 0.947551 0.057443 0.000000 0.000000 0.000000 1.000000
1.000000 -0.000000 0.000000 0.000000 -0.000000 0.947551 -0.319603 0.066930 0.000000 0.319603 0.947551 0.057443 0.000000 0.000000 0.000000 1.000000
1.000000 0.000000 0.000000 0.000000 -0.000000 0.947551 -0.319603 0.066930 0.000000 0.319603 0.947551 0.057443 0.000000 0.000000 0.000000 1.000000
1.000000 0.000000 0.000000 0.000000 -0.000000 0.947551 -0.319603 0.066930 0.000000 0.319603 0.947551 0.057443 0.000000 0.000000 0.000000 1.000000
1.000000 -0.000000 0.000000 0.000000 0.000000 0.947551 -0.319603 0.066930 -0.000000 0.319603 0.947551 0.057443 0.000000 0.000000 0.000000 1.000000
1.000000 -0.000000 -0.000000 0.000000 -0.000000 0.947551 -0.319603 0.066930 0.000000 0.319603 0.947551 0.057443 0.000000 0.000000 0.000000 1.000000
1.000000 0.000000 -0.000000 0.000000 0.000000 0.947551 -0.319603 0.066930 -0.000000 0.319603 0.947551 0.057443 0.000000 0.000000 0.000000 1.000000
1.000000 0.000000 0.000000 0.000000 0.000000 0.947551 -0.319603 0.066930 0.000000 0.319603 0.947551 0.057443 0.000000 0.000000 0.000000 1.000000
1.000000 -0.000000 0.000000 0.000000 0.000000 0.947551 -0.319603 0.066930 0.000000 0.319603 0.947551 0.057443 0.000000 0.000000 0.000000 1.000000
1.000000 0.000000 0.000000 0.000000 0.000000 1.000000 0.000000 0.066930 0.000000 0.000000 1.000000 0.057443 0.000000 0.000000 0.000000 1.000000</float_array><technique_common><accessor source="#spine0-Matrix-animation-output-transform-array" count="41" stride="16"><param type="float4x4"/></accessor></technique_common></source><source id="spine0-Interpolations"><Name_array id="spine0-Interpolations-array" count="41">
 LINEAR LINEAR LINEAR LINEAR LINEAR LINEAR LINEAR LINEAR LINEAR LINEAR LINEAR
LINEAR LINEAR LINEAR LINEAR LINEAR LINEAR LINEAR LINEAR LINEAR LINEAR LINEAR LINEAR
LINEAR LINEAR LINEAR LINEAR LINEAR LINEAR LINEAR LINEAR LINEAR LINEAR LINEAR LINEAR
LINEAR LINEAR LINEAR LINEAR LINEAR LINEAR</Name_array><technique_common><accessor source="#spine0-Interpolations-array" count="41"><param type="name"/></accessor></technique_common></source><sampler id="spine0-Matrix-animation-transform"><input semantic="INPUT" source="#spine0-Matrix-animation-input"/><input semantic="OUTPUT" source="#spine0-Matrix-animation-output-transform"/><input semantic="INTERPOLATION" source="#spine0-Interpolations"/></sampler><channel source="#spine0-Matrix-animation-transform" target="spine0/matrix"/></animation><animation><source id="spine0-visibility-animation-input"><float_array id="spine0-visibility-animation-input-array" count="41">

0.033333 0.066667 0.100000 0.133333 0.166667 0.200000 0.233333 0.266667 0.300000 0.333333 0.366667 0.400000 0.433333 0.466667 0.500000 0.533333
0.566667 0.600000 0.633333 0.666667 0.700000 0.733333 0.766667 0.800000 0.833333 0.866667 0.900000 0.933333 0.966667 1.000000 1.033333 1.066667
1.100000 1.133333 1.166667 1.200000 1.233333 1.266667 1.300000 1.333333 1.366667</float_array><technique_common><accessor source="#spine0-visibility-animation-input-array" count="41"><param name="TIME" type="float"/></accessor></technique_common></source><source id="spine0-visibility-animation-output"><float_array id="spine0-visibility-animation-output-array" count="41">

1.000000 1.000000 1.000000 1.000000 1.000000 1.000000 1.000000 1.000000 1.000000 1.000000 1.000000 1.000000 1.000000 1.000000 1.000000 1.000000
1.000000 1.000000 1.000000 1.000000 1.000000 1.000000 1.000000 1.000000 1.000000 1.000000 1.000000 1.000000 1.000000 1.000000 1.000000 1.000000
1.000000 1.000000 1.000000 1.000000 1.000000 1.000000 1.000000 1.000000 1.000000</float_array><technique_common><accessor source="#spine0-visibility-animation-output-array" count="41"><param type="float"/></accessor></technique_common></source><source id="spine0-visibility-animation-intan"><float_array id="spine0-visibility-animation-intan-array" count="41">

0.000000 0.000000 0.000000 0.000000 0.000000 0.000000 0.000000 0.000000 0.000000 0.000000 0.000000 0.000000 0.000000 0.000000 0.000000 0.000000
0.000000 0.000000 0.000000 0.000000 0.000000 0.000000 0.000000 0.000000 0.000000 0.000000 0.000000 0.000000 0.000000 0.000000 0.000000 0.000000
0.000000 0.000000 0.000000 0.000000 0.000000 0.000000 0.000000 0.000000 0.000000</float_array><technique_common><accessor source="#spine0-visibility-animation-intan-array" count="41"><param type="float"/></accessor></technique_common></source><source id="spine0-visibility-animation-outtan"><float_array id="spine0-visibility-animation-outtan-array" count="41">

0.000000 0.000000 0.000000 0.000000 0.000000 0.000000 0.000000 0.000000 0.000000 0.000000 0.000000 0.000000 0.000000 0.000000 0.000000 0.000000
0.000000 0.000000 0.000000 0.000000 0.000000 0.000000 0.000000 0.000000 0.000000 0.000000 0.000000 0.000000 0.000000 0.000000 0.000000 0.000000
0.000000 0.000000 0.000000 0.000000 0.000000 0.000000 0.000000 0.000000 0.000000</float_array><technique_common><accessor source="#spine0-visibility-animation-outtan-array" count="41"><param type="float"/></accessor></technique_common></source><source id="spine0-visibility-animation-interpolation"><Name_array id="spine0-visibility-animation-interpolation-array" count="41">
 BEZIER BEZIER BEZIER BEZIER BEZIER BEZIER BEZIER BEZIER BEZIER BEZIER BEZIER
BEZIER BEZIER BEZIER BEZIER BEZIER BEZIER BEZIER BEZIER BEZIER BEZIER BEZIER BEZIER
BEZIER BEZIER BEZIER BEZIER BEZIER BEZIER BEZIER BEZIER BEZIER BEZIER BEZIER BEZIER
BEZIER BEZIER BEZIER BEZIER BEZIER STEP</Name_array><technique_common><accessor source="#spine0-visibility-animation-interpolation-array" count="41"><param type="name"/></accessor></technique_common></source><sampler id="spine0-visibility-animation"><input semantic="INPUT" source="#spine0-visibility-animation-input"/><input semantic="OUTPUT" source="#spine0-visibility-animation-output"/><input semantic="IN_TANGENT" source="#spine0-visibility-animation-intan"/><input semantic="OUT_TANGENT" source="#spine0-visibility-animation-outtan"/><input semantic="INTERPOLATION" source="#spine0-visibility-animation-interpolation"/></sampler><channel source="#spine0-visibility-animation" target="spine0/visibility"/></animation></animation>
    <animation id="spine1-anim" name="spine1"><animation><source id="spine1-Matrix-animation-input"><float_array id="spine1-Matrix-animation-input-array" count="41">

0.033333 0.066667 0.100000 0.133333 0.166667 0.200000 0.233333 0.266667 0.300000 0.333333 0.366667 0.400000 0.433333 0.466667 0.500000 0.533333
0.566667 0.600000 0.633333 0.666667 0.700000 0.733333 0.766667 0.800000 0.833333 0.866667 0.900000 0.933333 0.966667 1.000000 1.033333 1.066667
1.100000 1.133333 1.166667 1.200000 1.233333 1.266667 1.300000 1.333333 1.366667</float_array><technique_common><accessor source="#spine1-Matrix-animation-input-array" count="41"><param name="TIME" type="float"/></accessor></technique_common></source><source id="spine1-Matrix-animation-output-transform"><float_array id="spine1-Matrix-animation-output-transform-array" count="656">

1.000000 0.000000 0.000000 0.000000 0.000000 0.988423 0.151722 0.014644 0.000000 -0.151722 0.988423 0.038067 0.000000 0.000000 0.000000 1.000000
1.000000 0.000000 0.000000 0.000000 -0.000000 0.988423 0.151722 0.014644 0.000000 -0.151722 0.988423 0.038067 0.000000 0.000000 0.000000 1.000000
1.000000 -0.000000 0.000000 -0.000000 -0.000000 0.988423 0.151722 0.014644 0.000000 -0.151722 0.988423 0.038067 0.000000 0.000000 0.000000 1.000000
1.000000 0.000000 0.000000 0.000000 -0.000000 0.988423 0.151722 0.014644 -0.000000 -0.151722 0.988423 0.038067 0.000000 0.000000 0.000000 1.000000
1.000000 0.000000 -0.000000 0.000000 0.000000 0.988423 0.151722 0.014644 -0.000000 -0.151722 0.988423 0.038067 0.000000 0.000000 0.000000 1.000000
1.000000 0.000000 -0.000000 0.000000 0.000000 0.988423 0.151722 0.014644 0.000000 -0.151722 0.988423 0.038067 0.000000 0.000000 0.000000 1.000000
1.000000 -0.000000 0.000000 -0.000000 0.000000 0.988423 0.151722 0.014644 0.000000 -0.151722 0.988423 0.038067 0.000000 0.000000 0.000000 1.000000
1.000000 0.000000 0.000000 -0.000000 -0.000000 0.988423 0.151722 0.014644 0.000000 -0.151722 0.988423 0.038067 0.000000 0.000000 0.000000 1.000000
1.000000 0.000000 0.000000 0.000000 -0.000000 0.988423 0.151722 0.014644 -0.000000 -0.151722 0.988423 0.038067 0.000000 0.000000 0.000000 1.000000
1.000000 0.000000 0.000000 0.000000 -0.000000 0.988423 0.151722 0.014644 -0.000000 -0.151722 0.988423 0.038067 0.000000 0.000000 0.000000 1.000000
1.000000 -0.000000 -0.000000 0.000000 0.000000 0.988423 0.151722 0.014644 -0.000000 -0.151722 0.988423 0.038067 0.000000 0.000000 0.000000 1.000000
1.000000 -0.000000 -0.000000 0.000000 -0.000000 0.988423 0.151722 0.014644 0.000000 -0.151722 0.988423 0.038067 0.000000 0.000000 0.000000 1.000000
1.000000 0.000000 0.000000 0.000000 -0.000000 0.988423 0.151722 0.014644 0.000000 -0.151722 0.988423 0.038067 0.000000 0.000000 0.000000 1.000000
1.000000 0.000000 0.000000 -0.000000 -0.000000 0.988423 0.151722 0.014644 -0.000000 -0.151722 0.988423 0.038067 0.000000 0.000000 0.000000 1.000000
1.000000 -0.000000 0.000000 0.000000 0.000000 0.988423 0.151722 0.014644 0.000000 -0.151722 0.988423 0.038067 0.000000 0.000000 0.000000 1.000000
1.000000 0.000000 0.000000 0.000000 0.000000 0.988423 0.151722 0.014644 -0.000000 -0.151722 0.988423 0.038067 0.000000 0.000000 0.000000 1.000000
1.000000 -0.000000 -0.000000 0.000000 -0.000000 0.988423 0.151722 0.014644 -0.000000 -0.151722 0.988423 0.038067 0.000000 0.000000 0.000000 1.000000
1.000000 0.000000 0.000000 0.000000 -0.000000 0.988423 0.151722 0.014644 0.000000 -0.151722 0.988423 0.038067 0.000000 0.000000 0.000000 1.000000
1.000000 0.000000 0.000000 0.000000 0.000000 0.988423 0.151722 0.014644 -0.000000 -0.151722 0.988423 0.038067 0.000000 0.000000 0.000000 1.000000
1.000000 -0.000000 -0.000000 -0.000000 0.000000 0.988423 0.151722 0.014644 -0.000000 -0.151722 0.988423 0.038067 0.000000 0.000000 0.000000 1.000000
1.000000 -0.000000 -0.000000 0.000000 -0.000000 0.988423 0.151722 0.014644 0.000000 -0.151722 0.988423 0.038067 0.000000 0.000000 0.000000 1.000000
1.000000 -0.000000 -0.000000 0.000000 0.000000 0.988423 0.151722 0.014644 0.000000 -0.151722 0.988423 0.038067 0.000000 0.000000 0.000000 1.000000
1.000000 0.000000 0.000000 0.000000 0.000000 0.988423 0.151722 0.014644 -0.000000 -0.151722 0.988423 0.038067 0.000000 0.000000 0.000000 1.000000
1.000000 -0.000000 0.000000 0.000000 0.000000 0.988423 0.151722 0.014644 0.000000 -0.151722 0.988423 0.038067 0.000000 0.000000 0.000000 1.000000
1.000000 0.000000 -0.000000 0.000000 -0.000000 0.988423 0.151722 0.014644 -0.000000 -0.151722 0.988423 0.038067 0.000000 0.000000 0.000000 1.000000
1.000000 -0.000000 0.000000 -0.000000 0.000000 0.988423 0.151722 0.014644 -0.000000 -0.151722 0.988423 0.038067 0.000000 0.000000 0.000000 1.000000
1.000000 -0.000000 0.000000 0.000000 -0.000000 0.988423 0.151722 0.014644 -0.000000 -0.151722 0.988423 0.038067 0.000000 0.000000 0.000000 1.000000
1.000000 -0.000000 0.000000 0.000000 0.000000 0.988423 0.151722 0.014644 0.000000 -0.151722 0.988423 0.038067 0.000000 0.000000 0.000000 1.000000
1.000000 0.000000 0.000000 -0.000000 -0.000000 0.988423 0.151722 0.014644 -0.000000 -0.151722 0.988423 0.038067 0.000000 0.000000 0.000000 1.000000
1.000000 0.000000 -0.000000 0.000000 -0.000000 0.988423 0.151722 0.014644 -0.000000 -0.151722 0.988423 0.038067 0.000000 0.000000 0.000000 1.000000
1.000000 -0.000000 0.000000 0.000000 -0.000000 0.988423 0.151722 0.014644 0.000000 -0.151722 0.988423 0.038067 0.000000 0.000000 0.000000 1.000000
1.000000 0.000000 0.000000 -0.000000 0.000000 0.988423 0.151722 0.014644 -0.000000 -0.151722 0.988423 0.038067 0.000000 0.000000 0.000000 1.000000
1.000000 -0.000000 0.000000 0.000000 -0.000000 0.988423 0.151722 0.014644 -0.000000 -0.151722 0.988423 0.038067 0.000000 0.000000 0.000000 1.000000
1.000000 0.000000 0.000000 0.000000 -0.000000 0.988423 0.151722 0.014644 0.000000 -0.151722 0.988423 0.038067 0.000000 0.000000 0.000000 1.000000
1.000000 -0.000000 0.000000 0.000000 0.000000 0.988423 0.151722 0.014644 0.000000 -0.151722 0.988423 0.038067 0.000000 0.000000 0.000000 1.000000
1.000000 0.000000 -0.000000 -0.000000 0.000000 0.988423 0.151722 0.014644 -0.000000 -0.151722 0.988423 0.038067 0.000000 0.000000 0.000000 1.000000
1.000000 -0.000000 0.000000 0.000000 -0.000000 0.988423 0.151722 0.014644 0.000000 -0.151722 0.988423 0.038067 0.000000 0.000000 0.000000 1.000000
1.000000 -0.000000 -0.000000 -0.000000 0.000000 0.988423 0.151722 0.014644 -0.000000 -0.151722 0.988423 0.038067 0.000000 0.000000 0.000000 1.000000
1.000000 0.000000 -0.000000 0.000000 0.000000 0.988423 0.151722 0.014644 -0.000000 -0.151722 0.988423 0.038067 0.000000 0.000000 0.000000 1.000000
1.000000 -0.000000 0.000000 0.000000 -0.000000 0.988423 0.151722 0.014644 -0.000000 -0.151722 0.988423 0.038067 0.000000 0.000000 0.000000 1.000000
1.000000 0.000000 0.000000 0.000000 0.000000 1.000000 0.000000 0.014644 0.000000 0.000000 1.000000 0.038067 0.000000 0.000000 0.000000 1.000000</float_array><technique_common><accessor source="#spine1-Matrix-animation-output-transform-array" count="41" stride="16"><param type="float4x4"/></accessor></technique_common></source><source id="spine1-Interpolations"><Name_array id="spine1-Interpolations-array" count="41">
 LINEAR LINEAR LINEAR LINEAR LINEAR LINEAR LINEAR LINEAR LINEAR LINEAR LINEAR
LINEAR LINEAR LINEAR LINEAR LINEAR LINEAR LINEAR LINEAR LINEAR LINEAR LINEAR LINEAR
LINEAR LINEAR LINEAR LINEAR LINEAR LINEAR LINEAR LINEAR LINEAR LINEAR LINEAR LINEAR
LINEAR LINEAR LINEAR LINEAR LINEAR LINEAR</Name_array><technique_common><accessor source="#spine1-Interpolations-array" count="41"><param type="name"/></accessor></technique_common></source><sampler id="spine1-Matrix-animation-transform"><input semantic="INPUT" source="#spine1-Matrix-animation-input"/><input semantic="OUTPUT" source="#spine1-Matrix-animation-output-transform"/><input semantic="INTERPOLATION" source="#spine1-Interpolations"/></sampler><channel source="#spine1-Matrix-animation-transform" target="spine1/matrix"/></animation><animation><source id="spine1-visibility-animation-input"><float_array id="spine1-visibility-animation-input-array" count="41">

0.033333 0.066667 0.100000 0.133333 0.166667 0.200000 0.233333 0.266667 0.300000 0.333333 0.366667 0.400000 0.433333 0.466667 0.500000 0.533333
0.566667 0.600000 0.633333 0.666667 0.700000 0.733333 0.766667 0.800000 0.833333 0.866667 0.900000 0.933333 0.966667 1.000000 1.033333 1.066667
1.100000 1.133333 1.166667 1.200000 1.233333 1.266667 1.300000 1.333333 1.366667</float_array><technique_common><accessor source="#spine1-visibility-animation-input-array" count="41"><param name="TIME" type="float"/></accessor></technique_common></source><source id="spine1-visibility-animation-output"><float_array id="spine1-visibility-animation-output-array" count="41">

1.000000 1.000000 1.000000 1.000000 1.000000 1.000000 1.000000 1.000000 1.000000 1.000000 1.000000 1.000000 1.000000 1.000000 1.000000 1.000000
1.000000 1.000000 1.000000 1.000000 1.000000 1.000000 1.000000 1.000000 1.000000 1.000000 1.000000 1.000000 1.000000 1.000000 1.000000 1.000000
1.000000 1.000000 1.000000 1.000000 1.000000 1.000000 1.000000 1.000000 1.000000</float_array><technique_common><accessor source="#spine1-visibility-animation-output-array" count="41"><param type="float"/></accessor></technique_common></source><source id="spine1-visibility-animation-intan"><float_array id="spine1-visibility-animation-intan-array" count="41">

0.000000 0.000000 0.000000 0.000000 0.000000 0.000000 0.000000 0.000000 0.000000 0.000000 0.000000 0.000000 0.000000 0.000000 0.000000 0.000000
0.000000 0.000000 0.000000 0.000000 0.000000 0.000000 0.000000 0.000000 0.000000 0.000000 0.000000 0.000000 0.000000 0.000000 0.000000 0.000000
0.000000 0.000000 0.000000 0.000000 0.000000 0.000000 0.000000 0.000000 0.000000</float_array><technique_common><accessor source="#spine1-visibility-animation-intan-array" count="41"><param type="float"/></accessor></technique_common></source><source id="spine1-visibility-animation-outtan"><float_array id="spine1-visibility-animation-outtan-array" count="41">

0.000000 0.000000 0.000000 0.000000 0.000000 0.000000 0.000000 0.000000 0.000000 0.000000 0.000000 0.000000 0.000000 0.000000 0.000000 0.000000
0.000000 0.000000 0.000000 0.000000 0.000000 0.000000 0.000000 0.000000 0.000000 0.000000 0.000000 0.000000 0.000000 0.000000 0.000000 0.000000
0.000000 0.000000 0.000000 0.000000 0.000000 0.000000 0.000000 0.000000 0.000000</float_array><technique_common><accessor source="#spine1-visibility-animation-outtan-array" count="41"><param type="float"/></accessor></technique_common></source><source id="spine1-visibility-animation-interpolation"><Name_array id="spine1-visibility-animation-interpolation-array" count="41">
 BEZIER BEZIER BEZIER BEZIER BEZIER BEZIER BEZIER BEZIER BEZIER BEZIER BEZIER
BEZIER BEZIER BEZIER BEZIER BEZIER BEZIER BEZIER BEZIER BEZIER BEZIER BEZIER BEZIER
BEZIER BEZIER BEZIER BEZIER BEZIER BEZIER BEZIER BEZIER BEZIER BEZIER BEZIER BEZIER
BEZIER BEZIER BEZIER BEZIER BEZIER STEP</Name_array><technique_common><accessor source="#spine1-visibility-animation-interpolation-array" count="41"><param type="name"/></accessor></technique_common></source><sampler id="spine1-visibility-animation"><input semantic="INPUT" source="#spine1-visibility-animation-input"/><input semantic="OUTPUT" source="#spine1-visibility-animation-output"/><input semantic="IN_TANGENT" source="#spine1-visibility-animation-intan"/><input semantic="OUT_TANGENT" source="#spine1-visibility-animation-outtan"/><input semantic="INTERPOLATION" source="#spine1-visibility-animation-interpolation"/></sampler><channel source="#spine1-visibility-animation" target="spine1/visibility"/></animation></animation>
    <animation id="Blend-anim" name="Blend"><animation><source id="Blend-Matrix-animation-input"><float_array id="Blend-Matrix-animation-input-array" count="41">

0.033333 0.066667 0.100000 0.133333 0.166667 0.200000 0.233333 0.266667 0.300000 0.333333 0.366667 0.400000 0.433333 0.466667 0.500000 0.533333
0.566667 0.600000 0.633333 0.666667 0.700000 0.733333 0.766667 0.800000 0.833333 0.866667 0.900000 0.933333 0.966667 1.000000 1.033333 1.066667
1.100000 1.133333 1.166667 1.200000 1.233333 1.266667 1.300000 1.333333 1.366667</float_array><technique_common><accessor source="#Blend-Matrix-animation-input-array" count="41"><param name="TIME" type="float"/></accessor></technique_common></source><source id="Blend-Matrix-animation-output-transform"><float_array id="Blend-Matrix-animation-output-transform-array" count="656">

1.000000 0.000000 0.000000 0.000000 0.000000 0.996682 -0.081400 0.000315 0.000000 0.081400 0.996682 0.033705 0.000000 0.000000 0.000000 1.000000
0.981565 -0.165567 -0.095484 -0.000000 0.125470 0.935056 -0.331554 0.000315 0.144177 0.313461 0.938592 0.033705 0.000000 0.000000 0.000000 1.000000
0.915512 -0.326052 -0.235644 0.000000 0.124054 0.786023 -0.605622 0.000315 0.382686 0.525221 0.760061 0.033705 0.000000 0.000000 0.000000 1.000000
0.961933 -0.160750 -0.221007 0.000000 -0.034534 0.730721 -0.681802 0.000315 0.271094 0.663480 0.697354 0.033705 0.000000 0.000000 0.000000 1.000000
0.980218 0.016051 -0.197268 0.000000 -0.156089 0.675513 -0.720638 0.000315 0.121690 0.737174 0.664655 0.033705 0.000000 0.000000 0.000000 1.000000
0.979008 0.057695 -0.195488 0.000000 -0.184909 0.654895 -0.732749 0.000315 0.085748 0.753514 0.651816 0.033705 0.000000 0.000000 0.000000 1.000000
0.977525 0.073631 -0.197541 0.000000 -0.196753 0.655154 -0.729425 0.000315 0.075712 0.751899 0.654917 0.033705 0.000000 0.000000 0.000000 1.000000
0.972989 0.072486 -0.219176 0.000000 -0.209380 0.676949 -0.705620 0.000315 0.097224 0.732452 0.673841 0.033705 0.000000 0.000000 0.000000 1.000000
0.962841 0.067489 -0.261499 0.000000 -0.230065 0.712091 -0.663322 0.000315 0.141444 0.698836 0.701158 0.033705 0.000000 0.000000 0.000000 1.000000
0.949480 0.069384 -0.306060 0.000000 -0.253109 0.745877 -0.616120 0.000315 0.185534 0.662460 0.725757 0.033705 0.000000 0.000000 0.000000 1.000000
0.937373 0.082604 -0.338392 -0.000000 -0.276931 0.765998 -0.580135 0.000315 0.211286 0.637514 0.740901 0.033705 0.000000 0.000000 0.000000 1.000000
0.917922 0.102756 -0.383223 -0.000000 -0.328682 0.737945 -0.589411 0.000315 0.222233 0.666992 0.711150 0.033705 0.000000 0.000000 0.000000 1.000000
0.889960 0.126433 -0.438161 -0.000000 -0.399199 0.680498 -0.614462 0.000315 0.220480 0.721760 0.656088 0.033705 0.000000 0.000000 0.000000 1.000000
0.877492 0.161848 -0.451456 0.000000 -0.434133 0.668083 -0.604313 0.000315 0.203803 0.726272 0.656501 0.033705 0.000000 0.000000 0.000000 1.000000
0.880922 0.204313 -0.426887 -0.000000 -0.434362 0.707170 -0.557889 0.000315 0.187898 0.676881 0.711707 0.033705 0.000000 0.000000 0.000000 1.000000
0.883237 0.236520 -0.404908 0.000000 -0.430790 0.750353 -0.501388 0.000315 0.185235 0.617274 0.764631 0.033705 0.000000 0.000000 0.000000 1.000000
0.884052 0.258040 -0.389701 0.000000 -0.425386 0.789664 -0.442129 0.000315 0.193646 0.556639 0.807870 0.033705 0.000000 0.000000 0.000000 1.000000
0.905894 0.274500 -0.322499 0.000000 -0.389706 0.838406 -0.381058 0.000315 0.165784 0.470878 0.866481 0.033705 0.000000 0.000000 0.000000 1.000000
0.941898 0.289774 -0.169882 0.000000 -0.329704 0.894260 -0.302644 0.000315 0.064220 0.341071 0.937841 0.033705 0.000000 0.000000 0.000000 1.000000
0.953987 0.299188 0.019859 0.000000 -0.288833 0.934715 -0.207084 0.000315 -0.080520 0.191820 0.978122 0.033705 0.000000 0.000000 0.000000 1.000000
0.935174 0.301222 0.186319 0.000000 -0.284715 0.952231 -0.110424 0.000315 -0.210681 0.050218 0.976264 0.033705 0.000000 0.000000 0.000000 1.000000
0.915772 0.297498 0.269918 0.000000 -0.302501 0.952850 -0.023893 0.000315 -0.264300 -0.059770 0.962587 0.033705 0.000000 0.000000 0.000000 1.000000
0.926194 0.260509 0.272580 0.000000 -0.283978 0.957537 0.049790 0.000315 -0.248035 -0.123522 0.960844 0.033705 0.000000 0.000000 0.000000 1.000000
0.956892 0.174257 0.232362 -0.000000 -0.201036 0.974783 0.096862 0.000315 -0.209623 -0.139399 0.967794 0.033705 0.000000 0.000000 0.000000 1.000000
