<?xml version="1.0" encoding="utf-8"?>
<COLLADA xmlns="http://www.collada.org/2005/11/COLLADASchema" version="1.4.1">
  <asset><contributor><author></author><authoring_tool>FBX COLLADA exporter</authoring_tool><comments></comments></contributor><created>2013-05-27T10:47:12Z</created><keywords></keywords><modified>2013-05-27T10:47:12Z</modified><revision></revision><subject></subject><title></title><unit meter="0.010000" name="centimeter"></unit><up_axis>Y_UP</up_axis></asset>
  <library_animations>
    <animation id="root-anim" name="root"><animation><source id="root-Matrix-animation-input"><float_array id="root-Matrix-animation-input-array" count="61">

0.033333 0.066667 0.100000 0.133333 0.166667 0.200000 0.233333 0.266667 0.300000 0.333333 0.366667 0.400000 0.433333 0.466667 0.500000 0.533333
0.566667 0.600000 0.633333 0.666667 0.700000 0.733333 0.766667 0.800000 0.833333 0.866667 0.900000 0.933333 0.966667 1.000000 1.033333 1.066667
1.100000 1.133333 1.166667 1.200000 1.233333 1.266667 1.300000 1.333333 1.366667 1.400000 1.433333 1.466667 1.500000 1.533333 1.566667 1.600000
1.633333 1.666667 1.700000 1.733333 1.766667 1.800000 1.833333 1.866667 1.900000 1.933333 1.966667 2.000000 2.033333</float_array><technique_common><accessor source="#root-Matrix-animation-input-array" count="61"><param name="TIME" type="float"/></accessor></technique_common></source><source id="root-Matrix-animation-output-transform"><float_array id="root-Matrix-animation-output-transform-array" count="976">

1.000000 0.000000 0.000000 0.000000 0.000000 0.868923 -0.494947 0.187449 0.000000 0.494947 0.868923 -0.034251 0.000000 0.000000 0.000000 1.000000
1.000000 0.000000 0.000000 0.000000 0.000000 0.864268 -0.503032 0.185740 0.000000 0.503032 0.864268 -0.034202 0.000000 0.000000 0.000000 1.000000
1.000000 0.000000 0.000000 0.000000 0.000000 0.851790 -0.523883 0.181469 0.000000 0.523883 0.851790 -0.034080 0.000000 0.000000 0.000000 1.000000
1.000000 0.000000 0.000000 0.000000 0.000000 0.833631 -0.552322 0.175916 0.000000 0.552322 0.833631 -0.033922 0.000000 0.000000 0.000000 1.000000
1.000000 0.000000 0.000000 0.000000 0.000000 0.812243 -0.583319 0.170363 0.000000 0.583319 0.812243 -0.033764 0.000000 0.000000 0.000000 1.000000
1.000000 0.000000 0.000000 0.000000 0.000000 0.790690 -0.612217 0.166092 0.000000 0.612217 0.790690 -0.033642 0.000000 0.000000 0.000000 1.000000
1.000000 0.000000 0.000000 0.000000 0.000000 0.772660 -0.634821 0.164383 0.000000 0.634821 0.772660 -0.033594 0.000000 0.000000 0.000000 1.000000
1.000000 0.000000 0.000000 0.000000 0.000000 0.757606 -0.652712 0.208907 0.000000 0.652712 0.757606 -0.030812 0.000000 0.000000 0.000000 1.000000
1.000000 0.000000 0.000000 0.000000 0.000000 0.743808 -0.668394 0.319616 0.000000 0.668394 0.743808 -0.020372 0.000000 0.000000 0.000000 1.000000
1.000000 0.000000 0.000000 0.000000 0.000000 0.733690 -0.679485 0.462225 0.000000 0.679485 0.733690 0.000868 0.000000 0.000000 0.000000 1.000000
1.000000 0.000000 0.000000 0.000000 0.000000 0.729767 -0.683696 0.602423 0.000000 0.683696 0.729767 0.036049 0.000000 0.000000 0.000000 1.000000
1.000000 0.000000 0.000000 0.000000 0.000000 0.757588 -0.652733 0.736422 0.000000 0.652733 0.757588 0.077291 0.000000 0.000000 0.000000 1.000000
1.000000 0.000000 0.000000 0.000000 0.000000 0.825836 -0.563910 0.878859 0.000000 0.563910 0.825836 0.115466 0.000000 0.000000 0.000000 1.000000
1.000000 0.000000 0.000000 0.000000 0.000000 0.906516 -0.422172 1.023053 0.000000 0.422172 0.906516 0.151831 0.000000 0.000000 0.000000 1.000000
1.000000 0.000000 0.000000 0.000000 0.000000 0.971196 -0.238282 1.162353 0.000000 0.238282 0.971196 0.187654 0.000000 0.000000 0.000000 1.000000
1.000000 0.000000 0.000000 0.000000 0.000000 0.999468 -0.032607 1.290096 0.000000 0.032607 0.999468 0.224197 0.000000 0.000000 0.000000 1.000000
1.000000 0.000000 0.000000 0.000000 0.000000 0.985772 0.168088 1.399626 0.000000 -0.168088 0.985772 0.262727 0.000000 0.000000 0.000000 1.000000
1.000000 0.000000 0.000000 0.000000 0.000000 0.941192 0.337873 1.484268 0.000000 -0.337873 0.941192 0.304503 0.000000 0.000000 0.000000 1.000000
1.000000 0.000000 0.000000 0.000000 0.000000 0.879939 0.475086 1.548539 0.000000 -0.475086 0.879939 0.348490 0.000000 0.000000 0.000000 1.000000
1.000000 0.000000 0.000000 0.000000 0.000000 0.807626 0.589695 1.601393 0.000000 -0.589695 0.807626 0.391009 0.000000 0.000000 0.000000 1.000000
1.000000 0.000000 0.000000 0.000000 0.000000 0.733324 0.679879 1.642838 0.000000 -0.679879 0.733324 0.429356 0.000000 0.000000 0.000000 1.000000
1.000000 0.000000 0.000000 0.000000 0.000000 0.666066 0.745893 1.672875 0.000000 -0.745893 0.666066 0.460823 0.000000 0.000000 0.000000 1.000000
1.000000 0.000000 0.000000 0.000000 0.000000 0.614065 0.789255 1.691515 0.000000 -0.789255 0.614065 0.482708 0.000000 0.000000 0.000000 1.000000
1.000000 0.000000 0.000000 0.000000 0.000000 0.584251 0.811573 1.698763 0.000000 -0.811573 0.584251 0.492309 0.000000 0.000000 0.000000 1.000000
1.000000 0.000000 0.000000 0.000000 0.000000 0.610599 0.791940 1.668557 0.000000 -0.791940 0.610599 0.516964 0.000000 0.000000 0.000000 1.000000
1.000000 0.000000 0.000000 0.000000 0.000000 0.692689 0.721236 1.596281 0.000000 -0.721236 0.692689 0.568276 0.000000 0.000000 0.000000 1.000000
1.000000 0.000000 0.000000 0.000000 0.000000 0.784429 0.620218 1.514099 0.000000 -0.620218 0.784429 0.619947 0.000000 0.000000 0.000000 1.000000
1.000000 0.000000 0.000000 0.000000 0.000000 0.851666 0.524085 1.454173 0.000000 -0.524085 0.851666 0.645678 0.000000 0.000000 0.000000 1.000000
1.000000 0.000000 0.000000 0.000000 0.000000 0.897241 0.441541 1.416475 0.000000 -0.441541 0.897241 0.643347 0.000000 0.000000 0.000000 1.000000
1.000000 0.000000 0.000000 0.000000 0.000000 0.935282 0.353904 1.382842 0.000000 -0.353904 0.935282 0.629198 0.000000 0.000000 0.000000 1.000000
1.000000 0.000000 0.000000 0.000000 0.000000 0.963755 0.266790 1.358253 0.000000 -0.266790 0.963755 0.604470 0.000000 0.000000 0.000000 1.000000
1.000000 0.000000 0.000000 0.000000 0.000000 0.982491 0.186310 1.347686 0.000000 -0.186310 0.982491 0.570399 0.000000 0.000000 0.000000 1.000000
1.000000 0.000000 0.000000 0.000000 0.000000 0.992937 0.118644 1.356123 0.000000 -0.118644 0.992937 0.528226 0.000000 0.000000 0.000000 1.000000
1.000000 0.000000 0.000000 0.000000 0.000000 0.998286 0.058527 1.378942 0.000000 -0.058527 0.998286 0.487536 0.000000 0.000000 0.000000 1.000000
1.000000 0.000000 0.000000 0.000000 0.000000 1.000000 -0.000880 1.403832 0.000000 0.000880 1.000000 0.455130 0.000000 0.000000 0.000000 1.000000
1.000000 0.000000 0.000000 0.000000 0.000000 0.998433 -0.055954 1.424238 0.000000 0.055954 0.998433 0.428067 0.000000 0.000000 0.000000 1.000000
1.000000 0.000000 0.000000 0.000000 0.000000 0.994667 -0.103138 1.433603 0.000000 0.103138 0.994667 0.403410 0.000000 0.000000 0.000000 1.000000
1.000000 0.000000 0.000000 0.000000 0.000000 0.990288 -0.139028 1.425372 0.000000 0.139028 0.990288 0.378218 0.000000 0.000000 0.000000 1.000000
1.000000 0.000000 0.000000 0.000000 0.000000 0.987061 -0.160345 1.392989 0.000000 0.160345 0.987061 0.349550 0.000000 0.000000 0.000000 1.000000
1.000000 0.000000 0.000000 0.000000 0.000000 0.986487 -0.163839 1.329894 0.000000 0.163839 0.986487 0.314466 0.000000 0.000000 0.000000 1.000000
1.000000 0.000000 0.000000 0.000000 0.000000 0.992563 -0.121734 1.201787 0.000000 0.121734 0.992563 0.268335 0.000000 0.000000 0.000000 1.000000
1.000000 0.000000 0.000000 0.000000 0.000000 0.999539 -0.030362 1.004676 0.000000 0.030362 0.999539 0.212899 0.000000 0.000000 0.000000 1.000000
1.000000 0.000000 0.000000 0.000000 0.000000 0.997089 0.076245 0.777471 0.000000 -0.076245 0.997089 0.154776 0.000000 0.000000 0.000000 1.000000
1.000000 0.000000 0.000000 0.000000 0.000000 0.986600 0.163156 0.559121 0.000000 -0.163156 0.986600 0.100595 0.000000 0.000000 0.000000 1.000000
1.000000 0.000000 0.000000 0.000000 0.000000 0.980416 0.196936 0.388537 0.000000 -0.196936 0.980416 0.056974 0.000000 0.000000 0.000000 1.000000
1.000000 0.000000 0.000000 0.000000 0.000000 0.996199 0.087105 0.272347 0.000000 -0.087105 0.996199 0.026068 0.000000 0.000000 0.000000 1.000000
1.000000 0.000000 0.000000 0.000000 0.000000 0.986794 -0.161980 0.190569 0.000000 0.161980 0.986794 0.005048 0.000000 0.000000 0.000000 1.000000
1.000000 0.000000 0.000000 0.000000 0.000000 0.905744 -0.423825 0.142228 0.000000 0.423825 0.905744 -0.006937 0.000000 0.000000 0.000000 1.000000
1.000000 0.000000 0.000000 0.000000 0.000000 0.811611 -0.584199 0.126334 0.000000 0.584199 0.811611 -0.010742 0.000000 0.000000 0.000000 1.000000
1.000000 0.000000 0.000000 0.000000 0.000000 0.762259 -0.647272 0.148351 0.000000 0.647272 0.762259 -0.012969 0.000000 0.000000 0.000000 1.000000
1.000000 0.000000 0.000000 0.000000 0.000000 0.734994 -0.678073 0.196791 0.000000 0.678073 0.734994 -0.017870 0.000000 0.000000 0.000000 1.000000
1.000000 0.000000 0.000000 0.000000 0.000000 0.724634 -0.689134 0.245229 0.000000 0.689134 0.724634 -0.022770 0.000000 0.000000 0.000000 1.000000
1.000000 0.000000 0.000000 0.000000 0.000000 0.723141 -0.690701 0.267246 0.000000 0.690701 0.723141 -0.024998 0.000000 0.000000 0.000000 1.000000
1.000000 0.000000 0.000000 0.000000 0.000000 0.730362 -0.683060 0.263817 0.000000 0.683060 0.730362 -0.025395 0.000000 0.000000 0.000000 1.000000
1.000000 0.000000 0.000000 0.000000 0.000000 0.749013 -0.662555 0.254777 0.000000 0.662555 0.749013 -0.026444 0.000000 0.000000 0.000000 1.000000
1.000000 0.000000 0.000000 0.000000 0.000000 0.774395 -0.632702 0.241998 0.000000 0.632702 0.774395 -0.027926 0.000000 0.000000 0.000000 1.000000
1.000000 0.000000 0.000000 0.000000 0.000000 0.802026 -0.597288 0.227348 0.000000 0.597288 0.802026 -0.029624 0.000000 0.000000 0.000000 1.000000
1.000000 0.000000 0.000000 0.000000 0.000000 0.828041 -0.560668 0.212697 0.000000 0.560668 0.828041 -0.031323 0.000000 0.000000 0.000000 1.000000
1.000000 0.000000 0.000000 0.000000 0.000000 0.849370 -0.527797 0.199917 0.000000 0.527797 0.849370 -0.032805 0.000000 0.000000 0.000000 1.000000
1.000000 0.000000 0.000000 0.000000 0.000000 0.863671 -0.504055 0.190878 0.000000 0.504055 0.863671 -0.033853 0.000000 0.000000 0.000000 1.000000
1.000000 0.000000 0.000000 0.000000 0.000000 1.000000 0.000000 0.194113 0.000000 0.000000 1.000000 -0.034003 0.000000 0.000000 0.000000 1.000000</float_array><technique_common><accessor source="#root-Matrix-animation-output-transform-array" count="61" stride="16"><param type="float4x4"/></accessor></technique_common></source><source id="root-Interpolations"><Name_array id="root-Interpolations-array" count="61">
 LINEAR LINEAR LINEAR LINEAR LINEAR LINEAR LINEAR LINEAR LINEAR LINEAR LINEAR
LINEAR LINEAR LINEAR LINEAR LINEAR LINEAR LINEAR LINEAR LINEAR LINEAR LINEAR LINEAR
LINEAR LINEAR LINEAR LINEAR LINEAR LINEAR LINEAR LINEAR LINEAR LINEAR LINEAR LINEAR
LINEAR LINEAR LINEAR LINEAR LINEAR LINEAR LINEAR LINEAR LINEAR LINEAR LINEAR LINEAR
LINEAR LINEAR LINEAR LINEAR LINEAR LINEAR LINEAR LINEAR LINEAR LINEAR LINEAR LINEAR
LINEAR LINEAR</Name_array><technique_common><accessor source="#root-Interpolations-array" count="61"><param type="name"/></accessor></technique_common></source><sampler id="root-Matrix-animation-transform"><input semantic="INPUT" source="#root-Matrix-animation-input"/><input semantic="OUTPUT" source="#root-Matrix-animation-output-transform"/><input semantic="INTERPOLATION" source="#root-Interpolations"/></sampler><channel source="#root-Matrix-animation-transform" target="root/matrix"/></animation><animation><source id="root-visibility-animation-input"><float_array id="root-visibility-animation-input-array" count="61">

0.033333 0.066667 0.100000 0.133333 0.166667 0.200000 0.233333 0.266667 0.300000 0.333333 0.366667 0.400000 0.433333 0.466667 0.500000 0.533333
0.566667 0.600000 0.633333 0.666667 0.700000 0.733333 0.766667 0.800000 0.833333 0.866667 0.900000 0.933333 0.966667 1.000000 1.033333 1.066667
1.100000 1.133333 1.166667 1.200000 1.233333 1.266667 1.300000 1.333333 1.366667 1.400000 1.433333 1.466667 1.500000 1.533333 1.566667 1.600000
1.633333 1.666667 1.700000 1.733333 1.766667 1.800000 1.833333 1.866667 1.900000 1.933333 1.966667 2.000000 2.033333</float_array><technique_common><accessor source="#root-visibility-animation-input-array" count="61"><param name="TIME" type="float"/></accessor></technique_common></source><source id="root-visibility-animation-output"><float_array id="root-visibility-animation-output-array" count="61">

1.000000 1.000000 1.000000 1.000000 1.000000 1.000000 1.000000 1.000000 1.000000 1.000000 1.000000 1.000000 1.000000 1.000000 1.000000 1.000000
1.000000 1.000000 1.000000 1.000000 1.000000 1.000000 1.000000 1.000000 1.000000 1.000000 1.000000 1.000000 1.000000 1.000000 1.000000 1.000000
1.000000 1.000000 1.000000 1.000000 1.000000 1.000000 1.000000 1.000000 1.000000 1.000000 1.000000 1.000000 1.000000 1.000000 1.000000 1.000000
1.000000 1.000000 1.000000 1.000000 1.000000 1.000000 1.000000 1.000000 1.000000 1.000000 1.000000 1.000000 1.000000</float_array><technique_common><accessor source="#root-visibility-animation-output-array" count="61"><param type="float"/></accessor></technique_common></source><source id="root-visibility-animation-intan"><float_array id="root-visibility-animation-intan-array" count="61">

0.000000 0.000000 0.000000 0.000000 0.000000 0.000000 0.000000 0.000000 0.000000 0.000000 0.000000 0.000000 0.000000 0.000000 0.000000 0.000000
0.000000 0.000000 0.000000 0.000000 0.000000 0.000000 0.000000 0.000000 0.000000 0.000000 0.000000 0.000000 0.000000 0.000000 0.000000 0.000000
0.000000 0.000000 0.000000 0.000000 0.000000 0.000000 0.000000 0.000000 0.000000 0.000000 0.000000 0.000000 0.000000 0.000000 0.000000 0.000000
0.000000 0.000000 0.000000 0.000000 0.000000 0.000000 0.000000 0.000000 0.000000 0.000000 0.000000 0.000000 0.000000</float_array><technique_common><accessor source="#root-visibility-animation-intan-array" count="61"><param type="float"/></accessor></technique_common></source><source id="root-visibility-animation-outtan"><float_array id="root-visibility-animation-outtan-array" count="61">

0.000000 0.000000 0.000000 0.000000 0.000000 0.000000 0.000000 0.000000 0.000000 0.000000 0.000000 0.000000 0.000000 0.000000 0.000000 0.000000
0.000000 0.000000 0.000000 0.000000 0.000000 0.000000 0.000000 0.000000 0.000000 0.000000 0.000000 0.000000 0.000000 0.000000 0.000000 0.000000
0.000000 0.000000 0.000000 0.000000 0.000000 0.000000 0.000000 0.000000 0.000000 0.000000 0.000000 0.000000 0.000000 0.000000 0.000000 0.000000
0.000000 0.000000 0.000000 0.000000 0.000000 0.000000 0.000000 0.000000 0.000000 0.000000 0.000000 0.000000 0.000000</float_array><technique_common><accessor source="#root-visibility-animation-outtan-array" count="61"><param type="float"/></accessor></technique_common></source><source id="root-visibility-animation-interpolation"><Name_array id="root-visibility-animation-interpolation-array" count="61">
 BEZIER BEZIER BEZIER BEZIER BEZIER BEZIER BEZIER BEZIER BEZIER BEZIER BEZIER
BEZIER BEZIER BEZIER BEZIER BEZIER BEZIER BEZIER BEZIER BEZIER BEZIER BEZIER BEZIER
BEZIER BEZIER BEZIER BEZIER BEZIER BEZIER BEZIER BEZIER BEZIER BEZIER BEZIER BEZIER
BEZIER BEZIER BEZIER BEZIER BEZIER BEZIER BEZIER BEZIER BEZIER BEZIER BEZIER BEZIER
BEZIER BEZIER BEZIER BEZIER BEZIER BEZIER BEZIER BEZIER BEZIER BEZIER BEZIER BEZIER
BEZIER STEP</Name_array><technique_common><accessor source="#root-visibility-animation-interpolation-array" count="61"><param type="name"/></accessor></technique_common></source><sampler id="root-visibility-animation"><input semantic="INPUT" source="#root-visibility-animation-input"/><input semantic="OUTPUT" source="#root-visibility-animation-output"/><input semantic="IN_TANGENT" source="#root-visibility-animation-intan"/><input semantic="OUT_TANGENT" source="#root-visibility-animation-outtan"/><input semantic="INTERPOLATION" source="#root-visibility-animation-interpolation"/></sampler><channel source="#root-visibility-animation" target="root/visibility"/></animation></animation>
    <animation id="spine0-anim" name="spine0"><animation><source id="spine0-Matrix-animation-input"><float_array id="spine0-Matrix-animation-input-array" count="61">

0.033333 0.066667 0.100000 0.133333 0.166667 0.200000 0.233333 0.266667 0.300000 0.333333 0.366667 0.400000 0.433333 0.466667 0.500000 0.533333
0.566667 0.600000 0.633333 0.666667 0.700000 0.733333 0.766667 0.800000 0.833333 0.866667 0.900000 0.933333 0.966667 1.000000 1.033333 1.066667
1.100000 1.133333 1.166667 1.200000 1.233333 1.266667 1.300000 1.333333 1.366667 1.400000 1.433333 1.466667 1.500000 1.533333 1.566667 1.600000
1.633333 1.666667 1.700000 1.733333 1.766667 1.800000 1.833333 1.866667 1.900000 1.933333 1.966667 2.000000 2.033333</float_array><technique_common><accessor source="#spine0-Matrix-animation-input-array" count="61"><param name="TIME" type="float"/></accessor></technique_common></source><source id="spine0-Matrix-animation-output-transform"><float_array id="spine0-Matrix-animation-output-transform-array" count="976">

1.000000 0.000000 0.000000 0.000000 0.000000 0.947551 -0.319603 0.066930 0.000000 0.319603 0.947551 0.057443 0.000000 0.000000 0.000000 1.000000
1.000000 0.000000 0.000000 0.000000 0.000000 0.947551 -0.319603 0.066930 0.000000 0.319603 0.947551 0.057443 0.000000 0.000000 0.000000 1.000000
1.000000 0.000000 0.000000 0.000000 0.000000 0.947551 -0.319603 0.066930 0.000000 0.319603 0.947551 0.057443 0.000000 0.000000 0.000000 1.000000
1.000000 0.000000 0.000000 0.000000 0.000000 0.947551 -0.319603 0.066930 0.000000 0.319603 0.947551 0.057443 0.000000 0.000000 0.000000 1.000000
1.000000 0.000000 0.000000 0.000000 0.000000 0.947551 -0.319603 0.066930 0.000000 0.319603 0.947551 0.057443 0.000000 0.000000 0.000000 1.000000
1.000000 0.000000 0.000000 0.000000 0.000000 0.947551 -0.319603 0.066930 0.000000 0.319603 0.947551 0.057443 0.000000 0.000000 0.000000 1.000000
1.000000 0.000000 0.000000 0.000000 0.000000 0.947551 -0.319603 0.066930 0.000000 0.319603 0.947551 0.057443 0.000000 0.000000 0.000000 1.000000
1.000000 0.000000 0.000000 0.000000 0.000000 0.947551 -0.319603 0.066930 0.000000 0.319603 0.947551 0.057443 0.000000 0.000000 0.000000 1.000000
1.000000 0.000000 0.000000 0.000000 0.000000 0.947551 -0.319603 0.066930 0.000000 0.319603 0.947551 0.057443 0.000000 0.000000 0.000000 1.000000
1.000000 0.000000 0.000000 0.000000 0.000000 0.947551 -0.319603 0.066930 0.000000 0.319603 0.947551 0.057443 0.000000 0.000000 0.000000 1.000000
1.000000 0.000000 0.000000 0.000000 0.000000 0.947551 -0.319603 0.066930 0.000000 0.319603 0.947551 0.057443 0.000000 0.000000 0.000000 1.000000
1.000000 0.000000 0.000000 0.000000 0.000000 0.947551 -0.319603 0.066930 0.000000 0.319603 0.947551 0.057443 0.000000 0.000000 0.000000 1.000000
1.000000 0.000000 0.000000 0.000000 0.000000 0.947551 -0.319603 0.066930 0.000000 0.319603 0.947551 0.057443 0.000000 0.000000 0.000000 1.000000
1.000000 0.000000 0.000000 0.000000 0.000000 0.947551 -0.319603 0.066930 0.000000 0.319603 0.947551 0.057443 0.000000 0.000000 0.000000 1.000000
1.000000 0.000000 0.000000 0.000000 0.000000 0.947551 -0.319603 0.066930 0.000000 0.319603 0.947551 0.057443 0.000000 0.000000 0.000000 1.000000
1.000000 0.000000 0.000000 0.000000 0.000000 0.947551 -0.319603 0.066930 0.000000 0.319603 0.947551 0.057443 0.000000 0.000000 0.000000 1.000000
1.000000 0.000000 0.000000 0.000000 0.000000 0.947551 -0.319603 0.066930 0.000000 0.319603 0.947551 0.057443 0.000000 0.000000 0.000000 1.000000
1.000000 0.000000 0.000000 0.000000 0.000000 0.947551 -0.319603 0.066930 0.000000 0.319603 0.947551 0.057443 0.000000 0.000000 0.000000 1.000000
1.000000 0.000000 0.000000 0.000000 0.000000 0.947551 -0.319603 0.066930 0.000000 0.319603 0.947551 0.057443 0.000000 0.000000 0.000000 1.000000
1.000000 0.000000 0.000000 0.000000 0.000000 0.947551 -0.319603 0.066930 0.000000 0.319603 0.947551 0.057443 0.000000 0.000000 0.000000 1.000000
1.000000 0.000000 0.000000 0.000000 0.000000 0.947551 -0.319603 0.066930 0.000000 0.319603 0.947551 0.057443 0.000000 0.000000 0.000000 1.000000
1.000000 0.000000 0.000000 0.000000 0.000000 0.947551 -0.319603 0.066930 0.000000 0.319603 0.947551 0.057443 0.000000 0.000000 0.000000 1.000000
1.000000 0.000000 0.000000 0.000000 0.000000 0.947551 -0.319603 0.066930 0.000000 0.319603 0.947551 0.057443 0.000000 0.000000 0.000000 1.000000
1.000000 0.000000 0.000000 0.000000 0.000000 0.947551 -0.319603 0.066930 0.000000 0.319603 0.947551 0.057443 0.000000 0.000000 0.000000 1.000000
1.000000 0.000000 0.000000 0.000000 0.000000 0.947551 -0.319603 0.066930 0.000000 0.319603 0.947551 0.057443 0.000000 0.000000 0.000000 1.000000
1.000000 0.000000 0.000000 0.000000 0.000000 0.947551 -0.319603 0.066930 0.000000 0.319603 0.947551 0.057443 0.000000 0.000000 0.000000 1.000000
1.000000 0.000000 0.000000 0.000000 0.000000 0.947551 -0.319603 0.066930 0.000000 0.319603 0.947551 0.057443 0.000000 0.000000 0.000000 1.000000
1.000000 0.000000 0.000000 0.000000 0.000000 0.947551 -0.319603 0.066930 0.000000 0.319603 0.947551 0.057443 0.000000 0.000000 0.000000 1.000000
1.000000 0.000000 0.000000 0.000000 0.000000 0.947551 -0.319603 0.066930 0.000000 0.319603 0.947551 0.057443 0.000000 0.000000 0.000000 1.000000
1.000000 0.000000 0.000000 0.000000 0.000000 0.947551 -0.319603 0.066930 0.000000 0.319603 0.947551 0.057443 0.000000 0.000000 0.000000 1.000000
1.000000 0.000000 0.000000 0.000000 0.000000 0.947551 -0.319603 0.066930 0.000000 0.319603 0.947551 0.057443 0.000000 0.000000 0.000000 1.000000
1.000000 0.000000 0.000000 0.000000 0.000000 0.947551 -0.319603 0.066930 0.000000 0.319603 0.947551 0.057443 0.000000 0.000000 0.000000 1.000000
1.000000 0.000000 0.000000 0.000000 0.000000 0.947551 -0.319603 0.066930 0.000000 0.319603 0.947551 0.057443 0.000000 0.000000 0.000000 1.000000
1.000000 0.000000 0.000000 0.000000 0.000000 0.947551 -0.319603 0.066930 0.000000 0.319603 0.947551 0.057443 0.000000 0.000000 0.000000 1.000000
1.000000 0.000000 0.000000 0.000000 0.000000 0.947551 -0.319603 0.066930 0.000000 0.319603 0.947551 0.057443 0.000000 0.000000 0.000000 1.000000
1.000000 0.000000 0.000000 0.000000 0.000000 0.947551 -0.319603 0.066930 0.000000 0.319603 0.947551 0.057443 0.000000 0.000000 0.000000 1.000000
1.000000 0.000000 0.000000 0.000000 0.000000 0.947551 -0.319603 0.066930 0.000000 0.319603 0.947551 0.057443 0.000000 0.000000 0.000000 1.000000
1.000000 0.000000 0.000000 0.000000 0.000000 0.947551 -0.319603 0.066930 0.000000 0.319603 0.947551 0.057443 0.000000 0.000000 0.000000 1.000000
1.000000 0.000000 0.000000 0.000000 0.000000 0.947551 -0.319603 0.066930 0.000000 0.319603 0.947551 0.057443 0.000000 0.000000 0.000000 1.000000
1.000000 0.000000 0.000000 0.000000 0.000000 0.947551 -0.319603 0.066930 0.000000 0.319603 0.947551 0.057443 0.000000 0.000000 0.000000 1.000000
1.000000 0.000000 0.000000 0.000000 0.000000 0.947551 -0.319603 0.066930 0.000000 0.319603 0.947551 0.057443 0.000000 0.000000 0.000000 1.000000
1.000000 0.000000 0.000000 0.000000 0.000000 0.947551 -0.319603 0.066930 0.000000 0.319603 0.947551 0.057443 0.000000 0.000000 0.000000 1.000000
1.000000 0.000000 0.000000 0.000000 0.000000 0.947551 -0.319603 0.066930 0.000000 0.319603 0.947551 0.057443 0.000000 0.000000 0.000000 1.000000
1.000000 0.000000 0.000000 0.000000 0.000000 0.947551 -0.319603 0.066930 0.000000 0.319603 0.947551 0.057443 0.000000 0.000000 0.000000 1.000000
1.000000 0.000000 0.000000 0.000000 0.000000 0.947551 -0.319603 0.066930 0.000000 0.319603 0.947551 0.057443 0.000000 0.000000 0.000000 1.000000
1.000000 0.000000 0.000000 0.000000 0.000000 0.947551 -0.319603 0.066930 0.000000 0.319603 0.947551 0.057443 0.000000 0.000000 0.000000 1.000000
1.000000 0.000000 0.000000 0.000000 0.000000 0.947551 -0.319603 0.066930 0.000000 0.319603 0.947551 0.057443 0.000000 0.000000 0.000000 1.000000
1.000000 0.000000 0.000000 0.000000 0.000000 0.947551 -0.319603 0.066930 0.000000 0.319603 0.947551 0.057443 0.000000 0.000000 0.000000 1.000000
1.000000 0.000000 0.000000 0.000000 0.000000 0.947551 -0.319603 0.066930 0.000000 0.319603 0.947551 0.057443 0.000000 0.000000 0.000000 1.000000
1.000000 0.000000 0.000000 0.000000 0.000000 0.947551 -0.319603 0.066930 0.000000 0.319603 0.947551 0.057443 0.000000 0.000000 0.000000 1.000000
1.000000 0.000000 0.000000 0.000000 0.000000 0.947551 -0.319603 0.066930 0.000000 0.319603 0.947551 0.057443 0.000000 0.000000 0.000000 1.000000
1.000000 0.000000 0.000000 0.000000 0.000000 0.947551 -0.319603 0.066930 0.000000 0.319603 0.947551 0.057443 0.000000 0.000000 0.000000 1.000000
1.000000 0.000000 0.000000 0.000000 0.000000 0.947551 -0.319603 0.066930 0.000000 0.319603 0.947551 0.057443 0.000000 0.000000 0.000000 1.000000
1.000000 0.000000 0.000000 0.000000 0.000000 0.947551 -0.319603 0.066930 0.000000 0.319603 0.947551 0.057443 0.000000 0.000000 0.000000 1.000000
1.000000 0.000000 0.000000 0.000000 0.000000 0.947551 -0.319603 0.066930 0.000000 0.319603 0.947551 0.057443 0.000000 0.000000 0.000000 1.000000
1.000000 0.000000 0.000000 0.000000 0.000000 0.947551 -0.319603 0.066930 0.000000 0.319603 0.947551 0.057443 0.000000 0.000000 0.000000 1.000000
1.000000 0.000000 0.000000 0.000000 0.000000 0.947551 -0.319603 0.066930 0.000000 0.319603 0.947551 0.057443 0.000000 0.000000 0.000000 1.000000
1.000000 0.000000 0.000000 0.000000 0.000000 0.947551 -0.319603 0.066930 0.000000 0.319603 0.947551 0.057443 0.000000 0.000000 0.000000 1.000000
1.000000 0.000000 0.000000 0.000000 0.000000 0.947551 -0.319603 0.066930 0.000000 0.319603 0.947551 0.057443 0.000000 0.000000 0.000000 1.000000
1.000000 0.000000 0.000000 0.000000 0.000000 0.947551 -0.319603 0.066930 0.000000 0.319603 0.947551 0.057443 0.000000 0.000000 0.000000 1.000000
1.000000 0.000000 0.000000 0.000000 0.000000 1.000000 0.000000 0.066930 0.000000 0.000000 1.000000 0.057443 0.000000 0.000000 0.000000 1.000000</float_array><technique_common><accessor source="#spine0-Matrix-animation-output-transform-array" count="61" stride="16"><param type="float4x4"/></accessor></technique_common></source><source id="spine0-Interpolations"><Name_array id="spine0-Interpolations-array" count="61">
 LINEAR LINEAR LINEAR LINEAR LINEAR LINEAR LINEAR LINEAR LINEAR LINEAR LINEAR
LINEAR LINEAR LINEAR LINEAR LINEAR LINEAR LINEAR LINEAR LINEAR LINEAR LINEAR LINEAR
LINEAR LINEAR LINEAR LINEAR LINEAR LINEAR LINEAR LINEAR LINEAR LINEAR LINEAR LINEAR
LINEAR LINEAR LINEAR LINEAR LINEAR LINEAR LINEAR LINEAR LINEAR LINEAR LINEAR LINEAR
LINEAR LINEAR LINEAR LINEAR LINEAR LINEAR LINEAR LINEAR LINEAR LINEAR LINEAR LINEAR
LINEAR LINEAR</Name_array><technique_common><accessor source="#spine0-Interpolations-array" count="61"><param type="name"/></accessor></technique_common></source><sampler id="spine0-Matrix-animation-transform"><input semantic="INPUT" source="#spine0-Matrix-animation-input"/><input semantic="OUTPUT" source="#spine0-Matrix-animation-output-transform"/><input semantic="INTERPOLATION" source="#spine0-Interpolations"/></sampler><channel source="#spine0-Matrix-animation-transform" target="spine0/matrix"/></animation><animation><source id="spine0-visibility-animation-input"><float_array id="spine0-visibility-animation-input-array" count="61">

0.033333 0.066667 0.100000 0.133333 0.166667 0.200000 0.233333 0.266667 0.300000 0.333333 0.366667 0.400000 0.433333 0.466667 0.500000 0.533333
0.566667 0.600000 0.633333 0.666667 0.700000 0.733333 0.766667 0.800000 0.833333 0.866667 0.900000 0.933333 0.966667 1.000000 1.033333 1.066667
1.100000 1.133333 1.166667 1.200000 1.233333 1.266667 1.300000 1.333333 1.366667 1.400000 1.433333 1.466667 1.500000 1.533333 1.566667 1.600000
1.633333 1.666667 1.700000 1.733333 1.766667 1.800000 1.833333 1.866667 1.900000 1.933333 1.966667 2.000000 2.033333</float_array><technique_common><accessor source="#spine0-visibility-animation-input-array" count="61"><param name="TIME" type="float"/></accessor></technique_common></source><source id="spine0-visibility-animation-output"><float_array id="spine0-visibility-animation-output-array" count="61">

1.000000 1.000000 1.000000 1.000000 1.000000 1.000000 1.000000 1.000000 1.000000 1.000000 1.000000 1.000000 1.000000 1.000000 1.000000 1.000000
1.000000 1.000000 1.000000 1.000000 1.000000 1.000000 1.000000 1.000000 1.000000 1.000000 1.000000 1.000000 1.000000 1.000000 1.000000 1.000000
1.000000 1.000000 1.000000 1.000000 1.000000 1.000000 1.000000 1.000000 1.000000 1.000000 1.000000 1.000000 1.000000 1.000000 1.000000 1.000000
1.000000 1.000000 1.000000 1.000000 1.000000 1.000000 1.000000 1.000000 1.000000 1.000000 1.000000 1.000000 1.000000</float_array><technique_common><accessor source="#spine0-visibility-animation-output-array" count="61"><param type="float"/></accessor></technique_common></source><source id="spine0-visibility-animation-intan"><float_array id="spine0-visibility-animation-intan-array" count="61">

0.000000 0.000000 0.000000 0.000000 0.000000 0.000000 0.000000 0.000000 0.000000 0.000000 0.000000 0.000000 0.000000 0.000000 0.000000 0.000000
0.000000 0.000000 0.000000 0.000000 0.000000 0.000000 0.000000 0.000000 0.000000 0.000000 0.000000 0.000000 0.000000 0.000000 0.000000 0.000000
0.000000 0.000000 0.000000 0.000000 0.000000 0.000000 0.000000 0.000000 0.000000 0.000000 0.000000 0.000000 0.000000 0.000000 0.000000 0.000000
0.000000 0.000000 0.000000 0.000000 0.000000 0.000000 0.000000 0.000000 0.000000 0.000000 0.000000 0.000000 0.000000</float_array><technique_common><accessor source="#spine0-visibility-animation-intan-array" count="61"><param type="float"/></accessor></technique_common></source><source id="spine0-visibility-animation-outtan"><float_array id="spine0-visibility-animation-outtan-array" count="61">

0.000000 0.000000 0.000000 0.000000 0.000000 0.000000 0.000000 0.000000 0.000000 0.000000 0.000000 0.000000 0.000000 0.000000 0.000000 0.000000
0.000000 0.000000 0.000000 0.000000 0.000000 0.000000 0.000000 0.000000 0.000000 0.000000 0.000000 0.000000 0.000000 0.000000 0.000000 0.000000
0.000000 0.000000 0.000000 0.000000 0.000000 0.000000 0.000000 0.000000 0.000000 0.000000 0.000000 0.000000 0.000000 0.000000 0.000000 0.000000
0.000000 0.000000 0.000000 0.000000 0.000000 0.000000 0.000000 0.000000 0.000000 0.000000 0.000000 0.000000 0.000000</float_array><technique_common><accessor source="#spine0-visibility-animation-outtan-array" count="61"><param type="float"/></accessor></technique_common></source><source id="spine0-visibility-animation-interpolation"><Name_array id="spine0-visibility-animation-interpolation-array" count="61">
 BEZIER BEZIER BEZIER BEZIER BEZIER BEZIER BEZIER BEZIER BEZIER BEZIER BEZIER
BEZIER BEZIER BEZIER BEZIER BEZIER BEZIER BEZIER BEZIER BEZIER BEZIER BEZIER BEZIER
BEZIER BEZIER BEZIER BEZIER BEZIER BEZIER BEZIER BEZIER BEZIER BEZIER BEZIER BEZIER
BEZIER BEZIER BEZIER BEZIER BEZIER BEZIER BEZIER BEZIER BEZIER BEZIER BEZIER BEZIER
BEZIER BEZIER BEZIER BEZIER BEZIER BEZIER BEZIER BEZIER BEZIER BEZIER BEZIER BEZIER
BEZIER STEP</Name_array><technique_common><accessor source="#spine0-visibility-animation-interpolation-array" count="61"><param type="name"/></accessor></technique_common></source><sampler id="spine0-visibility-animation"><input semantic="INPUT" source="#spine0-visibility-animation-input"/><input semantic="OUTPUT" source="#spine0-visibility-animation-output"/><input semantic="IN_TANGENT" source="#spine0-visibility-animation-intan"/><input semantic="OUT_TANGENT" source="#spine0-visibility-animation-outtan"/><input semantic="INTERPOLATION" source="#spine0-visibility-animation-interpolation"/></sampler><channel source="#spine0-visibility-animation" target="spine0/visibility"/></animation></animation>
    <animation id="spine1-anim" name="spine1"><animation><source id="spine1-Matrix-animation-input"><float_array id="spine1-Matrix-animation-input-array" count="61">

0.033333 0.066667 0.100000 0.133333 0.166667 0.200000 0.233333 0.266667 0.300000 0.333333 0.366667 0.400000 0.433333 0.466667 0.500000 0.533333
0.566667 0.600000 0.633333 0.666667 0.700000 0.733333 0.766667 0.800000 0.833333 0.866667 0.900000 0.933333 0.966667 1.000000 1.033333 1.066667
1.100000 1.133333 1.166667 1.200000 1.233333 1.266667 1.300000 1.333333 1.366667 1.400000 1.433333 1.466667 1.500000 1.533333 1.566667 1.600000
1.633333 1.666667 1.700000 1.733333 1.766667 1.800000 1.833333 1.866667 1.900000 1.933333 1.966667 2.000000 2.033333</float_array><technique_common><accessor source="#spine1-Matrix-animation-input-array" count="61"><param name="TIME" type="float"/></accessor></technique_common></source><source id="spine1-Matrix-animation-output-transform"><float_array id="spine1-Matrix-animation-output-transform-array" count="976">

1.000000 0.000000 0.000000 0.000000 0.000000 0.988423 0.151722 0.014644 0.000000 -0.151722 0.988423 0.038067 0.000000 0.000000 0.000000 1.000000
1.000000 0.000000 0.000000 0.000000 0.000000 0.989854 0.142088 0.014644 0.000000 -0.142088 0.989854 0.038067 0.000000 0.000000 0.000000 1.000000
1.000000 0.000000 0.000000 0.000000 0.000000 0.993020 0.117950 0.014644 0.000000 -0.117950 0.993020 0.038067 0.000000 0.000000 0.000000 1.000000
1.000000 0.000000 0.000000 0.000000 0.000000 0.996255 0.086467 0.014644 0.000000 -0.086467 0.996255 0.038067 0.000000 0.000000 0.000000 1.000000
1.000000 0.000000 0.000000 0.000000 0.000000 0.998492 0.054899 0.014644 0.000000 -0.054899 0.998492 0.038067 0.000000 0.000000 0.000000 1.000000
1.000000 0.000000 0.000000 0.000000 0.000000 0.999532 0.030575 0.014644 0.000000 -0.030575 0.999532 0.038067 0.000000 0.000000 0.000000 1.000000
1.000000 0.000000 0.000000 0.000000 0.000000 0.999783 0.020840 0.014644 0.000000 -0.020840 0.999783 0.038067 0.000000 0.000000 0.000000 1.000000
1.000000 0.000000 0.000000 0.000000 0.000000 0.999783 0.020840 0.014644 0.000000 -0.020840 0.999783 0.038067 0.000000 0.000000 0.000000 1.000000
1.000000 0.000000 0.000000 0.000000 0.000000 0.999783 0.020840 0.014644 0.000000 -0.020840 0.999783 0.038067 0.000000 0.000000 0.000000 1.000000
1.000000 0.000000 0.000000 0.000000 0.000000 0.999783 0.020840 0.014644 0.000000 -0.020840 0.999783 0.038067 0.000000 0.000000 0.000000 1.000000
1.000000 0.000000 0.000000 0.000000 0.000000 0.999783 0.020840 0.014644 0.000000 -0.020840 0.999783 0.038067 0.000000 0.000000 0.000000 1.000000
1.000000 0.000000 0.000000 0.000000 0.000000 0.999783 0.020840 0.014644 0.000000 -0.020840 0.999783 0.038067 0.000000 0.000000 0.000000 1.000000
1.000000 0.000000 0.000000 0.000000 0.000000 0.999783 0.020840 0.014644 0.000000 -0.020840 0.999783 0.038067 0.000000 0.000000 0.000000 1.000000
1.000000 0.000000 0.000000 0.000000 0.000000 0.999783 0.020840 0.014644 0.000000 -0.020840 0.999783 0.038067 0.000000 0.000000 0.000000 1.000000
1.000000 0.000000 0.000000 0.000000 0.000000 0.999783 0.020840 0.014644 0.000000 -0.020840 0.999783 0.038067 0.000000 0.000000 0.000000 1.000000
1.000000 0.000000 0.000000 0.000000 0.000000 0.999783 0.020840 0.014644 0.000000 -0.020840 0.999783 0.038067 0.000000 0.000000 0.000000 1.000000
1.000000 0.000000 0.000000 0.000000 0.000000 0.999783 0.020840 0.014644 0.000000 -0.020840 0.999783 0.038067 0.000000 0.000000 0.000000 1.000000
1.000000 0.000000 0.000000 0.000000 0.000000 0.999783 0.020840 0.014644 0.000000 -0.020840 0.999783 0.038067 0.000000 0.000000 0.000000 1.000000
1.000000 0.000000 0.000000 0.000000 0.000000 0.999778 0.021050 0.014644 0.000000 -0.021050 0.999778 0.038067 0.000000 0.000000 0.000000 1.000000
1.000000 0.000000 0.000000 0.000000 0.000000 0.999765 0.021666 0.014644 0.000000 -0.021666 0.999765 0.038067 0.000000 0.000000 0.000000 1.000000
1.000000 0.000000 0.000000 0.000000 0.000000 0.999743 0.022670 0.014644 0.000000 -0.022670 0.999743 0.038067 0.000000 0.000000 0.000000 1.000000
1.000000 0.000000 0.000000 0.000000 0.000000 0.999711 0.024040 0.014644 0.000000 -0.024040 0.999711 0.038067 0.000000 0.000000 0.000000 1.000000
1.000000 0.000000 0.000000 0.000000 0.000000 0.999668 0.025758 0.014644 0.000000 -0.025758 0.999668 0.038067 0.000000 0.000000 0.000000 1.000000
1.000000 0.000000 0.000000 0.000000 0.000000 0.999613 0.027802 0.014644 0.000000 -0.027802 0.999613 0.038067 0.000000 0.000000 0.000000 1.000000
1.000000 0.000000 0.000000 0.000000 0.000000 0.999545 0.030155 0.014644 0.000000 -0.030155 0.999545 0.038067 0.000000 0.000000 0.000000 1.000000
1.000000 0.000000 0.000000 0.000000 0.000000 0.999462 0.032794 0.014644 0.000000 -0.032794 0.999462 0.038067 0.000000 0.000000 0.000000 1.000000
1.000000 0.000000 0.000000 0.000000 0.000000 0.999363 0.035701 0.014644 0.000000 -0.035701 0.999363 0.038067 0.000000 0.000000 0.000000 1.000000
1.000000 0.000000 0.000000 0.000000 0.000000 0.999245 0.038855 0.014644 0.000000 -0.038855 0.999245 0.038067 0.000000 0.000000 0.000000 1.000000
1.000000 0.000000 0.000000 0.000000 0.000000 0.999108 0.042237 0.014644 0.000000 -0.042237 0.999108 0.038067 0.000000 0.000000 0.000000 1.000000
1.000000 0.000000 0.000000 0.000000 0.000000 0.998949 0.045827 0.014644 0.000000 -0.045827 0.998949 0.038067 0.000000 0.000000 0.000000 1.000000
1.000000 0.000000 0.000000 0.000000 0.000000 0.998769 0.049604 0.014644 0.000000 -0.049604 0.998769 0.038067 0.000000 0.000000 0.000000 1.000000
1.000000 0.000000 0.000000 0.000000 0.000000 0.998565 0.053549 0.014644 0.000000 -0.053549 0.998565 0.038067 0.000000 0.000000 0.000000 1.000000
1.000000 0.000000 0.000000 0.000000 0.000000 0.998337 0.057642 0.014644 0.000000 -0.057642 0.998337 0.038067 0.000000 0.000000 0.000000 1.000000
1.000000 0.000000 0.000000 0.000000 0.000000 0.998085 0.061863 0.014644 0.000000 -0.061863 0.998085 0.038067 0.000000 0.000000 0.000000 1.000000
1.000000 0.000000 0.000000 0.000000 0.000000 0.997807 0.066191 0.014644 0.000000 -0.066191 0.997807 0.038067 0.000000 0.000000 0.000000 1.000000
1.000000 0.000000 0.000000 0.000000 0.000000 0.997504 0.070607 0.014644 0.000000 -0.070607 0.997504 0.038067 0.000000 0.000000 0.000000 1.000000
1.000000 0.000000 0.000000 0.000000 0.000000 0.997177 0.075091 0.014644 0.000000 -0.075091 0.997177 0.038067 0.000000 0.000000 0.000000 1.000000
1.000000 0.000000 0.000000 0.000000 0.000000 0.996825 0.079623 0.014644 0.000000 -0.079623 0.996825 0.038067 0.000000 0.000000 0.000000 1.000000
1.000000 0.000000 0.000000 0.000000 0.000000 0.996450 0.084183 0.014644 0.000000 -0.084183 0.996450 0.038067 0.000000 0.000000 0.000000 1.000000
1.000000 0.000000 0.000000 0.000000 0.000000 0.996054 0.088751 0.014644 0.000000 -0.088751 0.996054 0.038067 0.000000 0.000000 0.000000 1.000000
1.000000 0.000000 0.000000 0.000000 0.000000 0.995637 0.093308 0.014644 0.000000 -0.093308 0.995637 0.038067 0.000000 0.000000 0.000000 1.000000
1.000000 0.000000 0.000000 0.000000 0.000000 0.995203 0.097832 0.014644 0.000000 -0.097832 0.995203 0.038067 0.000000 0.000000 0.000000 1.000000
1.000000 0.000000 0.000000 0.000000 0.000000 0.994753 0.102306 0.014644 0.000000 -0.102306 0.994753 0.038067 0.000000 0.000000 0.000000 1.000000
1.000000 0.000000 0.000000 0.000000 0.000000 0.994290 0.106708 0.014644 0.000000 -0.106708 0.994290 0.038067 0.000000 0.000000 0.000000 1.000000
1.000000 0.000000 0.000000 0.000000 0.000000 0.993818 0.111020 0.014644 0.000000 -0.111020 0.993818 0.038067 0.000000 0.000000 0.000000 1.000000
1.000000 0.000000 0.000000 0.000000 0.000000 0.993340 0.115221 0.014644 0.000000 -0.115221 0.993340 0.038067 0.000000 0.000000 0.000000 1.000000
1.000000 0.000000 0.000000 0.000000 0.000000 0.992859 0.119292 0.014644 0.000000 -0.119292 0.992859 0.038067 0.000000 0.000000 0.000000 1.000000
1.000000 0.000000 0.000000 0.000000 0.000000 0.992380 0.123213 0.014644 0.000000 -0.123213 0.992380 0.038067 0.000000 0.000000 0.000000 1.000000
1.000000 0.000000 0.000000 0.000000 0.000000 0.991907 0.126965 0.014644 0.000000 -0.126965 0.991907 0.038067 0.000000 0.000000 0.000000 1.000000
