<?xml version="1.0" encoding="utf-8"?>
<COLLADA xmlns="http://www.collada.org/2005/11/COLLADASchema" version="1.4.1">
  <asset><contributor><author></author><authoring_tool>FBX COLLADA exporter</authoring_tool><comments></comments></contributor><created>2013-05-27T10:47:12Z</created><keywords></keywords><modified>2013-05-27T10:47:12Z</modified><revision></revision><subject></subject><title></title><unit meter="0.010000" name="centimeter"></unit><up_axis>Y_UP</up_axis></asset>
  <library_animations>
    <animation id="root-anim" name="root"><animation><source id="root-Matrix-animation-input"><float_array id="root-Matrix-animation-input-array" count="72">

0.033333 0.066667 0.100000 0.133333 0.166667 0.200000 0.233333 0.266667 0.300000 0.333333 0.366667 0.400000 0.433333 0.466667 0.500000 0.533333
0.566667 0.600000 0.633333 0.666667 0.700000 0.733333 0.766667 0.800000 0.833333 0.866667 0.900000 0.933333 0.966667 1.000000 1.033333 1.066667
1.100000 1.133333 1.166667 1.200000 1.233333 1.266667 1.300000 1.333333 1.366667 1.400000 1.433333 1.466667 1.500000 1.533333 1.566667 1.600000
1.633333 1.666667 1.700000 1.733333 1.766667 1.800000 1.833333 1.866667 1.900000 1.933333 1.966667 2.000000 2.033333 2.066667 2.100000 2.133333
2.166667 2.200000 2.233333 2.266667 2.300000 2.333333 2.366667 2.400000</float_array><technique_common><accessor source="#root-Matrix-animation-input-array" count="72"><param name="TIME" type="float"/></accessor></technique_common></source><source id="root-Matrix-animation-output-transform"><float_array id="root-Matrix-animation-output-transform-array" count="1152">

1.000000 0.000000 0.000000 0.000000 0.000000 0.868923 -0.494947 0.187449 0.000000 0.494947 0.868923 -0.034251 0.000000 0.000000 0.000000 1.000000
0.999998 -0.000061 0.001851 0.000192 0.000966 0.869960 -0.493121 0.187122 -0.001580 0.493122 0.869959 -0.034271 0.000000 0.000000 0.000000 1.000000
0.999975 -0.000345 0.007052 0.000725 0.003743 0.872811 -0.488045 0.186227 -0.005987 0.488059 0.872790 -0.034327 0.000000 0.000000 0.000000 1.000000
0.999886 -0.001005 0.015076 0.001532 0.008124 0.877061 -0.480311 0.184892 -0.012740 0.480378 0.876969 -0.034414 0.000000 0.000000 0.000000 1.000000
0.999675 -0.002193 0.025395 0.002549 0.013888 0.882286 -0.470508 0.183244 -0.021374 0.470708 0.882030 -0.034523 0.000000 0.000000 0.000000 1.000000
0.999289 -0.004058 0.037478 0.003709 0.020830 0.888071 -0.459235 0.181414 -0.031420 0.459689 0.887524 -0.034649 0.000000 0.000000 0.000000 1.000000
0.998686 -0.006750 0.050795 0.004947 0.028783 0.894020 -0.447101 0.179527 -0.042394 0.447975 0.893040 -0.034784 0.000000 0.000000 0.000000 1.000000
0.997843 -0.010417 0.064817 0.006197 0.037632 0.899774 -0.434731 0.177714 -0.053791 0.436232 0.898225 -0.034924 0.000000 0.000000 0.000000 1.000000
0.996758 -0.015208 0.079010 0.007394 0.047319 0.905002 -0.422768 0.176102 -0.065074 0.425136 0.902787 -0.035060 0.000000 0.000000 0.000000 1.000000
0.995453 -0.021271 0.092847 0.008471 0.057847 0.909410 -0.411858 0.174819 -0.075676 0.415356 0.906506 -0.035186 0.000000 0.000000 0.000000 1.000000
0.993602 -0.030520 0.108732 0.009561 0.071896 0.913427 -0.400601 0.174028 -0.087093 0.405856 0.909778 -0.035316 0.000000 0.000000 0.000000 1.000000
0.990781 -0.043492 0.128300 0.010803 0.090450 0.917426 -0.387491 0.173644 -0.100853 0.395523 0.912902 -0.035462 0.000000 0.000000 0.000000 1.000000
0.986985 -0.058276 0.149880 0.012142 0.111041 0.921136 -0.373066 0.173424 -0.116319 0.384853 0.915619 -0.035616 0.000000 0.000000 0.000000 1.000000
0.982423 -0.072978 0.171809 0.013526 0.131274 0.924462 -0.357961 0.173125 -0.132708 0.374224 0.917794 -0.035770 0.000000 0.000000 0.000000 1.000000
0.977553 -0.085744 0.192455 0.014900 0.148864 0.927497 -0.342912 0.172503 -0.149099 0.363864 0.919441 -0.035914 0.000000 0.000000 0.000000 1.000000
0.973053 -0.094762 0.210208 0.016210 0.161634 0.930488 -0.328735 0.171315 -0.164445 0.353853 0.920731 -0.036040 0.000000 0.000000 0.000000 1.000000
0.969733 -0.098293 0.223510 0.017402 0.167542 0.933759 -0.316267 0.169295 -0.177618 0.344141 0.921965 -0.036149 0.000000 0.000000 0.000000 1.000000
0.967573 -0.097933 0.232832 0.018423 0.168464 0.937023 -0.305955 0.166574 -0.188206 0.335258 0.923136 -0.036245 0.000000 0.000000 0.000000 1.000000
0.966018 -0.096891 0.239628 0.019220 0.168169 0.939632 -0.298012 0.163506 -0.196288 0.328183 0.923995 -0.036328 0.000000 0.000000 0.000000 1.000000
0.964436 -0.098348 0.245336 0.019737 0.170391 0.940921 -0.292634 0.160446 -0.202062 0.324030 0.924216 -0.036397 0.000000 0.000000 0.000000 1.000000
0.962125 -0.105466 0.251382 0.019921 0.178827 0.940174 -0.289988 0.157748 -0.205759 0.323959 0.923425 -0.036450 0.000000 0.000000 0.000000 1.000000
0.959460 -0.118109 0.255902 0.019499 0.192414 0.937939 -0.288527 0.155145 -0.205943 0.326069 0.922641 -0.036476 0.000000 0.000000 0.000000 1.000000
0.957263 -0.133870 0.256372 0.018279 0.207577 0.935261 -0.286703 0.152538 -0.201394 0.327667 0.923079 -0.036473 0.000000 0.000000 0.000000 1.000000
0.955324 -0.152469 0.253197 0.016327 0.224195 0.932048 -0.284644 0.150530 -0.192593 0.328693 0.924591 -0.036459 0.000000 0.000000 0.000000 1.000000
0.953396 -0.173613 0.246766 0.013713 0.242142 0.928206 -0.282489 0.149726 -0.180007 0.329077 0.926988 -0.036450 0.000000 0.000000 0.000000 1.000000
0.951213 -0.196990 0.237463 0.010503 0.261277 0.923644 -0.280387 0.150215 -0.164098 0.328751 0.930051 -0.036450 0.000000 0.000000 0.000000 1.000000
0.948509 -0.222272 0.225666 0.006766 0.281445 0.918276 -0.278492 0.151524 -0.145323 0.327665 0.933551 -0.036450 0.000000 0.000000 0.000000 1.000000
0.945040 -0.249113 0.211759 0.002569 0.302472 0.912032 -0.276962 0.153420 -0.124136 0.325792 0.937257 -0.036450 0.000000 0.000000 0.000000 1.000000
0.940593 -0.277159 0.196130 -0.002020 0.324169 0.904856 -0.275952 0.155668 -0.100987 0.323138 0.940948 -0.036450 0.000000 0.000000 0.000000 1.000000
0.935001 -0.306053 0.179176 -0.006934 0.346335 0.896710 -0.275613 0.158033 -0.076317 0.319754 0.944422 -0.036450 0.000000 0.000000 0.000000 1.000000
0.928153 -0.335427 0.161311 -0.012104 0.368748 0.887580 -0.276090 0.160280 -0.050568 0.315737 0.947498 -0.036450 0.000000 0.000000 0.000000 1.000000
0.919993 -0.364934 0.142952 -0.017462 0.391189 0.877471 -0.277516 0.162176 -0.024161 0.311234 0.950026 -0.036450 0.000000 0.000000 0.000000 1.000000
0.910531 -0.394239 0.124532 -0.022942 0.413432 0.866409 -0.280015 0.163486 0.002497 0.306448 0.951884 -0.036450 0.000000 0.000000 0.000000 1.000000
0.899836 -0.423031 0.106491 -0.028474 0.435262 0.854438 -0.283696 0.163974 0.029023 0.301632 0.952983 -0.036450 0.000000 0.000000 0.000000 1.000000
0.886264 -0.455757 0.082592 -0.034805 0.458101 0.836164 -0.301618 0.161559 0.068404 0.305149 0.949845 -0.036450 0.000000 0.000000 0.000000 1.000000
0.867874 -0.494368 0.048939 -0.042481 0.479507 0.807862 -0.342683 0.155193 0.129875 0.320872 0.938176 -0.036450 0.000000 0.000000 0.000000 1.000000
0.844818 -0.534968 0.009592 -0.051138 0.493515 0.772179 -0.400228 0.146192 0.206702 0.342853 0.916366 -0.036450 0.000000 0.000000 0.000000 1.000000
0.818160 -0.574141 -0.031234 -0.060411 0.495907 0.732083 -0.467045 0.135873 0.291016 0.366629 0.883682 -0.036450 0.000000 0.000000 0.000000 1.000000
0.789975 -0.609224 -0.069181 -0.069933 0.485650 0.690596 -0.535930 0.125555 0.374278 0.389773 0.841423 -0.036450 0.000000 0.000000 0.000000 1.000000
0.763140 -0.638473 -0.099848 -0.079340 0.465381 0.650171 -0.600581 0.116554 0.448373 0.411860 0.793305 -0.036450 0.000000 0.000000 0.000000 1.000000
0.740976 -0.660939 -0.118805 -0.088268 0.440925 0.612286 -0.656270 0.110188 0.506497 0.433896 0.745114 -0.036450 0.000000 0.000000 0.000000 1.000000
0.726747 -0.676060 -0.121585 -0.096351 0.420143 0.577525 -0.699960 0.107773 0.543433 0.457611 0.703756 -0.036450 0.000000 0.000000 0.000000 1.000000
0.721710 -0.684087 -0.105640 -0.103636 0.404806 0.540919 -0.737250 0.109558 0.561485 0.489318 0.667310 -0.036450 0.000000 0.000000 0.000000 1.000000
0.723109 -0.686517 -0.076210 -0.110364 0.392865 0.499516 -0.772102 0.113813 0.568129 0.528374 0.630913 -0.036450 0.000000 0.000000 0.000000 1.000000
0.727984 -0.684393 -0.040561 -0.116463 0.386322 0.458366 -0.800410 0.118893 0.566387 0.567016 0.598079 -0.036450 0.000000 0.000000 0.000000 1.000000
0.734052 -0.679066 -0.006170 -0.121859 0.385941 0.424633 -0.818985 0.123149 0.558764 0.598796 0.573782 -0.036450 0.000000 0.000000 0.000000 1.000000
0.739849 -0.672493 0.019400 -0.126480 0.391319 0.406699 -0.825509 0.124934 0.547259 0.618343 0.564056 -0.036450 0.000000 0.000000 0.000000 1.000000
0.756228 -0.653594 0.030547 -0.130416 0.392947 0.416331 -0.819915 0.123437 0.523174 0.632047 0.571669 -0.036450 0.000000 0.000000 0.000000 1.000000
0.787564 -0.615557 0.028847 -0.133716 0.382886 0.452125 -0.805594 0.119714 0.482846 0.645502 0.591765 -0.036450 0.000000 0.000000 0.000000 1.000000
0.823036 -0.567710 0.017794 -0.136244 0.362918 0.501525 -0.785342 0.114914 0.436923 0.652823 0.618806 -0.036450 0.000000 0.000000 0.000000 1.000000
0.853518 -0.521059 0.001871 -0.137861 0.338092 0.551071 -0.762899 0.110186 0.396485 0.651781 0.646515 -0.036450 0.000000 0.000000 0.000000 1.000000
0.872592 -0.488265 -0.013433 -0.138431 0.317576 0.588015 -0.743898 0.106680 0.371118 0.644853 0.668158 -0.036450 0.000000 0.000000 0.000000 1.000000
0.882458 -0.469569 -0.027810 -0.138042 0.303507 0.613552 -0.728997 0.104366 0.359377 0.634869 0.683951 -0.036450 0.000000 0.000000 0.000000 1.000000
0.888952 -0.455918 -0.043624 -0.137069 0.291197 0.636144 -0.714510 0.102417 0.353509 0.622463 0.698263 -0.036450 0.000000 0.000000 0.000000 1.000000
0.892775 -0.446620 -0.059024 -0.135805 0.281493 0.655327 -0.700934 0.100784 0.351731 0.609161 0.710780 -0.036450 0.000000 0.000000 0.000000 1.000000
0.894632 -0.440932 -0.072204 -0.134540 0.275011 0.670776 -0.688788 0.099419 0.352141 0.596355 0.721358 -0.036450 0.000000 0.000000 0.000000 1.000000
0.895239 -0.438089 -0.081394 -0.133568 0.272159 0.682236 -0.678589 0.098275 0.352812 0.585348 0.729994 -0.036450 0.000000 0.000000 0.000000 1.000000
0.895297 -0.437314 -0.084845 -0.133179 0.273202 0.689465 -0.670820 0.097303 0.351856 0.577403 0.736751 -0.036450 0.000000 0.000000 0.000000 1.000000
0.895108 -0.437753 -0.084578 -0.133179 0.276594 0.694003 -0.664723 0.096403 0.349682 0.571605 0.742287 -0.036450 0.000000 0.000000 0.000000 1.000000
0.894580 -0.438975 -0.083835 -0.133179 0.280556 0.697640 -0.659233 0.095515 0.347873 0.566216 0.747251 -0.036450 0.000000 0.000000 0.000000 1.000000
0.893770 -0.440835 -0.082704 -0.133179 0.284944 0.700468 -0.654333 0.094650 0.346385 0.561257 0.751670 -0.036450 0.000000 0.000000 0.000000 1.000000
0.892736 -0.443190 -0.081272 -0.133179 0.289615 0.702580 -0.650003 0.093818 0.345175 0.556744 0.755573 -0.036450 0.000000 0.000000 0.000000 1.000000
0.891535 -0.445898 -0.079626 -0.133179 0.294420 0.704069 -0.646222 0.093030 0.344212 0.552686 0.758984 -0.036450 0.000000 0.000000 0.000000 1.000000
0.890228 -0.448813 -0.077854 -0.133179 0.299213 0.705027 -0.642969 0.092295 0.343462 0.549094 0.761925 -0.036450 0.000000 0.000000 0.000000 1.000000
0.888875 -0.451796 -0.076041 -0.133179 0.303845 0.705547 -0.640220 0.091625 0.342899 0.545971 0.764419 -0.036450 0.000000 0.000000 0.000000 1.000000
0.887541 -0.454703 -0.074273 -0.133179 0.308168 0.705724 -0.637954 0.091029 0.342496 0.543322 0.766484 -0.036450 0.000000 0.000000 0.000000 1.000000
0.886293 -0.457394 -0.072637 -0.133179 0.312034 0.705654 -0.636150 0.090518 0.342228 0.541150 0.768139 -0.036450 0.000000 0.000000 0.000000 1.000000
0.885199 -0.459730 -0.071217 -0.133179 0.315297 0.705433 -0.634785 0.090103 0.342069 0.539457 0.769400 -0.036450 0.000000 0.000000 0.000000 1.000000
0.884330 -0.461570 -0.070098 -0.133179 0.317810 0.705156 -0.633839 0.089793 0.341991 0.538245 0.770282 -0.036450 0.000000 0.000000 0.000000 1.000000
0.883757 -0.462777 -0.069364 -0.133179 0.319425 0.704921 -0.633288 0.089600 0.341968 0.537516 0.770802 -0.036450 0.000000 0.000000 0.000000 1.000000
0.883550 -0.463210 -0.069101 -0.133179 0.319996 0.704823 -0.633110 0.089533 0.341967 0.537272 0.770972 -0.036450 0.000000 0.000000 0.000000 1.000000
1.000000 0.000000 0.000000 0.000000 0.000000 1.000000 0.000000 0.194113 0.000000 0.000000 1.000000 -0.034003 0.000000 0.000000 0.000000 1.000000</float_array><technique_common><accessor source="#root-Matrix-animation-output-transform-array" count="72" stride="16"><param type="float4x4"/></accessor></technique_common></source><source id="root-Interpolations"><Name_array id="root-Interpolations-array" count="72">
 LINEAR LINEAR LINEAR LINEAR LINEAR LINEAR LINEAR LINEAR LINEAR LINEAR LINEAR
LINEAR LINEAR LINEAR LINEAR LINEAR LINEAR LINEAR LINEAR LINEAR LINEAR LINEAR LINEAR
LINEAR LINEAR LINEAR LINEAR LINEAR LINEAR LINEAR LINEAR LINEAR LINEAR LINEAR LINEAR
LINEAR LINEAR LINEAR LINEAR LINEAR LINEAR LINEAR LINEAR LINEAR LINEAR LINEAR LINEAR
LINEAR LINEAR LINEAR LINEAR LINEAR LINEAR LINEAR LINEAR LINEAR LINEAR LINEAR LINEAR
LINEAR LINEAR LINEAR LINEAR LINEAR LINEAR LINEAR LINEAR LINEAR LINEAR LINEAR LINEAR
LINEAR</Name_array><technique_common><accessor source="#root-Interpolations-array" count="72"><param type="name"/></accessor></technique_common></source><sampler id="root-Matrix-animation-transform"><input semantic="INPUT" source="#root-Matrix-animation-input"/><input semantic="OUTPUT" source="#root-Matrix-animation-output-transform"/><input semantic="INTERPOLATION" source="#root-Interpolations"/></sampler><channel source="#root-Matrix-animation-transform" target="root/matrix"/></animation><animation><source id="root-visibility-animation-input"><float_array id="root-visibility-animation-input-array" count="72">

0.033333 0.066667 0.100000 0.133333 0.166667 0.200000 0.233333 0.266667 0.300000 0.333333 0.366667 0.400000 0.433333 0.466667 0.500000 0.533333
0.566667 0.600000 0.633333 0.666667 0.700000 0.733333 0.766667 0.800000 0.833333 0.866667 0.900000 0.933333 0.966667 1.000000 1.033333 1.066667
1.100000 1.133333 1.166667 1.200000 1.233333 1.266667 1.300000 1.333333 1.366667 1.400000 1.433333 1.466667 1.500000 1.533333 1.566667 1.600000
1.633333 1.666667 1.700000 1.733333 1.766667 1.800000 1.833333 1.866667 1.900000 1.933333 1.966667 2.000000 2.033333 2.066667 2.100000 2.133333
2.166667 2.200000 2.233333 2.266667 2.300000 2.333333 2.366667 2.400000</float_array><technique_common><accessor source="#root-visibility-animation-input-array" count="72"><param name="TIME" type="float"/></accessor></technique_common></source><source id="root-visibility-animation-output"><float_array id="root-visibility-animation-output-array" count="72">

1.000000 1.000000 1.000000 1.000000 1.000000 1.000000 1.000000 1.000000 1.000000 1.000000 1.000000 1.000000 1.000000 1.000000 1.000000 1.000000
1.000000 1.000000 1.000000 1.000000 1.000000 1.000000 1.000000 1.000000 1.000000 1.000000 1.000000 1.000000 1.000000 1.000000 1.000000 1.000000
1.000000 1.000000 1.000000 1.000000 1.000000 1.000000 1.000000 1.000000 1.000000 1.000000 1.000000 1.000000 1.000000 1.000000 1.000000 1.000000
1.000000 1.000000 1.000000 1.000000 1.000000 1.000000 1.000000 1.000000 1.000000 1.000000 1.000000 1.000000 1.000000 1.000000 1.000000 1.000000
1.000000 1.000000 1.000000 1.000000 1.000000 1.000000 1.000000 1.000000</float_array><technique_common><accessor source="#root-visibility-animation-output-array" count="72"><param type="float"/></accessor></technique_common></source><source id="root-visibility-animation-intan"><float_array id="root-visibility-animation-intan-array" count="72">

0.000000 0.000000 0.000000 0.000000 0.000000 0.000000 0.000000 0.000000 0.000000 0.000000 0.000000 0.000000 0.000000 0.000000 0.000000 0.000000
0.000000 0.000000 0.000000 0.000000 0.000000 0.000000 0.000000 0.000000 0.000000 0.000000 0.000000 0.000000 0.000000 0.000000 0.000000 0.000000
0.000000 0.000000 0.000000 0.000000 0.000000 0.000000 0.000000 0.000000 0.000000 0.000000 0.000000 0.000000 0.000000 0.000000 0.000000 0.000000
0.000000 0.000000 0.000000 0.000000 0.000000 0.000000 0.000000 0.000000 0.000000 0.000000 0.000000 0.000000 0.000000 0.000000 0.000000 0.000000
0.000000 0.000000 0.000000 0.000000 0.000000 0.000000 0.000000 0.000000</float_array><technique_common><accessor source="#root-visibility-animation-intan-array" count="72"><param type="float"/></accessor></technique_common></source><source id="root-visibility-animation-outtan"><float_array id="root-visibility-animation-outtan-array" count="72">

0.000000 0.000000 0.000000 0.000000 0.000000 0.000000 0.000000 0.000000 0.000000 0.000000 0.000000 0.000000 0.000000 0.000000 0.000000 0.000000
0.000000 0.000000 0.000000 0.000000 0.000000 0.000000 0.000000 0.000000 0.000000 0.000000 0.000000 0.000000 0.000000 0.000000 0.000000 0.000000
0.000000 0.000000 0.000000 0.000000 0.000000 0.000000 0.000000 0.000000 0.000000 0.000000 0.000000 0.000000 0.000000 0.000000 0.000000 0.000000
0.000000 0.000000 0.000000 0.000000 0.000000 0.000000 0.000000 0.000000 0.000000 0.000000 0.000000 0.000000 0.000000 0.000000 0.000000 0.000000
0.000000 0.000000 0.000000 0.000000 0.000000 0.000000 0.000000 0.000000</float_array><technique_common><accessor source="#root-visibility-animation-outtan-array" count="72"><param type="float"/></accessor></technique_common></source><source id="root-visibility-animation-interpolation"><Name_array id="root-visibility-animation-interpolation-array" count="72">
 BEZIER BEZIER BEZIER BEZIER BEZIER BEZIER BEZIER BEZIER BEZIER BEZIER BEZIER
BEZIER BEZIER BEZIER BEZIER BEZIER BEZIER BEZIER BEZIER BEZIER BEZIER BEZIER BEZIER
BEZIER BEZIER BEZIER BEZIER BEZIER BEZIER BEZIER BEZIER BEZIER BEZIER BEZIER BEZIER
BEZIER BEZIER BEZIER BEZIER BEZIER BEZIER BEZIER BEZIER BEZIER BEZIER BEZIER BEZIER
BEZIER BEZIER BEZIER BEZIER BEZIER BEZIER BEZIER BEZIER BEZIER BEZIER BEZIER BEZIER
BEZIER BEZIER BEZIER BEZIER BEZIER BEZIER BEZIER BEZIER BEZIER BEZIER BEZIER BEZIER STEP</Name_array><technique_common><accessor source="#root-visibility-animation-interpolation-array" count="72"><param type="name"/></accessor></technique_common></source><sampler id="root-visibility-animation"><input semantic="INPUT" source="#root-visibility-animation-input"/><input semantic="OUTPUT" source="#root-visibility-animation-output"/><input semantic="IN_TANGENT" source="#root-visibility-animation-intan"/><input semantic="OUT_TANGENT" source="#root-visibility-animation-outtan"/><input semantic="INTERPOLATION" source="#root-visibility-animation-interpolation"/></sampler><channel source="#root-visibility-animation" target="root/visibility"/></animation></animation>
    <animation id="spine0-anim" name="spine0"><animation><source id="spine0-Matrix-animation-input"><float_array id="spine0-Matrix-animation-input-array" count="72">

0.033333 0.066667 0.100000 0.133333 0.166667 0.200000 0.233333 0.266667 0.300000 0.333333 0.366667 0.400000 0.433333 0.466667 0.500000 0.533333
0.566667 0.600000 0.633333 0.666667 0.700000 0.733333 0.766667 0.800000 0.833333 0.866667 0.900000 0.933333 0.966667 1.000000 1.033333 1.066667
1.100000 1.133333 1.166667 1.200000 1.233333 1.266667 1.300000 1.333333 1.366667 1.400000 1.433333 1.466667 1.500000 1.533333 1.566667 1.600000
1.633333 1.666667 1.700000 1.733333 1.766667 1.800000 1.833333 1.866667 1.900000 1.933333 1.966667 2.000000 2.033333 2.066667 2.100000 2.133333
2.166667 2.200000 2.233333 2.266667 2.300000 2.333333 2.366667 2.400000</float_array><technique_common><accessor source="#spine0-Matrix-animation-input-array" count="72"><param name="TIME" type="float"/></accessor></technique_common></source><source id="spine0-Matrix-animation-output-transform"><float_array id="spine0-Matrix-animation-output-transform-array" count="1152">

1.000000 0.000000 0.000000 0.000000 0.000000 0.947551 -0.319603 0.066930 0.000000 0.319603 0.947551 0.057443 0.000000 0.000000 0.000000 1.000000
1.000000 0.000000 -0.000000 0.000000 0.000000 0.947551 -0.319603 0.066930 0.000000 0.319603 0.947551 0.057443 0.000000 0.000000 0.000000 1.000000
1.000000 0.000000 0.000000 0.000000 0.000000 0.947551 -0.319603 0.066930 0.000000 0.319603 0.947551 0.057443 0.000000 0.000000 0.000000 1.000000
1.000000 0.000000 0.000000 0.000000 0.000000 0.947551 -0.319603 0.066930 0.000000 0.319603 0.947551 0.057443 0.000000 0.000000 0.000000 1.000000
1.000000 -0.000000 0.000000 0.000000 -0.000000 0.947551 -0.319603 0.066930 -0.000000 0.319603 0.947551 0.057443 0.000000 0.000000 0.000000 1.000000
1.000000 -0.000000 0.000000 0.000000 0.000000 0.947551 -0.319603 0.066930 0.000000 0.319603 0.947551 0.057443 0.000000 0.000000 0.000000 1.000000
1.000000 0.000000 -0.000000 0.000000 -0.000000 0.947551 -0.319603 0.066930 -0.000000 0.319603 0.947551 0.057443 0.000000 0.000000 0.000000 1.000000
1.000000 0.000000 0.000000 0.000000 0.000000 0.947551 -0.319603 0.066930 0.000000 0.319603 0.947551 0.057443 0.000000 0.000000 0.000000 1.000000
1.000000 0.000000 -0.000000 0.000000 -0.000000 0.947551 -0.319603 0.066930 -0.000000 0.319603 0.947551 0.057443 0.000000 0.000000 0.000000 1.000000
1.000000 0.000000 0.000000 0.000000 0.000000 0.947551 -0.319603 0.066930 0.000000 0.319603 0.947551 0.057443 0.000000 0.000000 0.000000 1.000000
1.000000 0.000000 0.000000 0.000000 -0.000000 0.947551 -0.319603 0.066930 0.000000 0.319603 0.947551 0.057443 0.000000 0.000000 0.000000 1.000000
1.000000 -0.000000 -0.000000 0.000000 -0.000000 0.947551 -0.319603 0.066930 0.000000 0.319603 0.947551 0.057443 0.000000 0.000000 0.000000 1.000000
1.000000 0.000000 0.000000 0.000000 -0.000000 0.947551 -0.319603 0.066930 0.000000 0.319603 0.947551 0.057443 0.000000 0.000000 0.000000 1.000000
1.000000 -0.000000 -0.000000 0.000000 -0.000000 0.947551 -0.319603 0.066930 -0.000000 0.319603 0.947551 0.057443 0.000000 0.000000 0.000000 1.000000
1.000000 -0.000000 -0.000000 0.000000 -0.000000 0.947551 -0.319603 0.066930 -0.000000 0.319603 0.947551 0.057443 0.000000 0.000000 0.000000 1.000000
1.000000 0.000000 -0.000000 0.000000 0.000000 0.947551 -0.319603 0.066930 -0.000000 0.319603 0.947551 0.057443 0.000000 0.000000 0.000000 1.000000
1.000000 0.000000 0.000000 0.000000 -0.000000 0.947551 -0.319603 0.066930 0.000000 0.319603 0.947551 0.057443 0.000000 0.000000 0.000000 1.000000
1.000000 0.000000 -0.000000 0.000000 -0.000000 0.947551 -0.319603 0.066930 0.000000 0.319603 0.947551 0.057443 0.000000 0.000000 0.000000 1.000000
1.000000 -0.000000 -0.000000 0.000000 -0.000000 0.947551 -0.319603 0.066930 0.000000 0.319603 0.947551 0.057443 0.000000 0.000000 0.000000 1.000000
1.000000 -0.000000 0.000000 0.000000 0.000000 0.947551 -0.319603 0.066930 -0.000000 0.319603 0.947551 0.057443 0.000000 0.000000 0.000000 1.000000
1.000000 -0.000000 -0.000000 0.000000 -0.000000 0.947551 -0.319603 0.066930 0.000000 0.319603 0.947551 0.057443 0.000000 0.000000 0.000000 1.000000
1.000000 0.000000 -0.000000 0.000000 -0.000000 0.947551 -0.319603 0.066930 -0.000000 0.319603 0.947551 0.057443 0.000000 0.000000 0.000000 1.000000
1.000000 0.000000 -0.000000 0.000000 -0.000000 0.947551 -0.319603 0.066930 0.000000 0.319603 0.947551 0.057443 0.000000 0.000000 0.000000 1.000000
1.000000 0.000000 0.000000 0.000000 -0.000000 0.947551 -0.319603 0.066930 0.000000 0.319603 0.947551 0.057443 0.000000 0.000000 0.000000 1.000000
1.000000 0.000000 -0.000000 0.000000 0.000000 0.947551 -0.319603 0.066930 0.000000 0.319603 0.947551 0.057443 0.000000 0.000000 0.000000 1.000000
1.000000 0.000000 0.000000 0.000000 0.000000 0.947551 -0.319603 0.066930 0.000000 0.319603 0.947551 0.057443 0.000000 0.000000 0.000000 1.000000
1.000000 -0.000000 0.000000 0.000000 0.000000 0.947551 -0.319603 0.066930 0.000000 0.319603 0.947551 0.057443 0.000000 0.000000 0.000000 1.000000
1.000000 0.000000 0.000000 0.000000 -0.000000 0.947551 -0.319603 0.066930 0.000000 0.319603 0.947551 0.057443 0.000000 0.000000 0.000000 1.000000
1.000000 -0.000000 0.000000 0.000000 -0.000000 0.947551 -0.319603 0.066930 -0.000000 0.319603 0.947551 0.057443 0.000000 0.000000 0.000000 1.000000
1.000000 0.000000 0.000000 0.000000 -0.000000 0.947551 -0.319603 0.066930 0.000000 0.319603 0.947551 0.057443 0.000000 0.000000 0.000000 1.000000
1.000000 -0.000000 0.000000 0.000000 0.000000 0.947551 -0.319603 0.066930 -0.000000 0.319603 0.947551 0.057443 0.000000 0.000000 0.000000 1.000000
1.000000 -0.000000 0.000000 0.000000 0.000000 0.947551 -0.319603 0.066930 0.000000 0.319603 0.947551 0.057443 0.000000 0.000000 0.000000 1.000000
1.000000 -0.000000 0.000000 0.000000 0.000000 0.947551 -0.319603 0.066930 0.000000 0.319603 0.947551 0.057443 0.000000 0.000000 0.000000 1.000000
1.000000 -0.000000 -0.000000 0.000000 0.000000 0.947551 -0.319603 0.066930 -0.000000 0.319603 0.947551 0.057443 0.000000 0.000000 0.000000 1.000000
1.000000 -0.000000 0.000000 0.000000 -0.000000 0.947551 -0.319603 0.066930 0.000000 0.319603 0.947551 0.057443 0.000000 0.000000 0.000000 1.000000
1.000000 0.000000 0.000000 0.000000 -0.000000 0.947551 -0.319603 0.066930 -0.000000 0.319603 0.947551 0.057443 0.000000 0.000000 0.000000 1.000000
1.000000 0.000000 -0.000000 0.000000 -0.000000 0.947551 -0.319603 0.066930 0.000000 0.319603 0.947551 0.057443 0.000000 0.000000 0.000000 1.000000
1.000000 -0.000000 0.000000 0.000000 0.000000 0.947551 -0.319603 0.066930 -0.000000 0.319603 0.947551 0.057443 0.000000 0.000000 0.000000 1.000000
1.000000 -0.000000 0.000000 0.000000 0.000000 0.947551 -0.319603 0.066930 0.000000 0.319603 0.947551 0.057443 0.000000 0.000000 0.000000 1.000000
1.000000 -0.000000 0.000000 0.000000 0.000000 0.947551 -0.319603 0.066930 0.000000 0.319603 0.947551 0.057443 0.000000 0.000000 0.000000 1.000000
1.000000 -0.000000 0.000000 0.000000 -0.000000 0.947551 -0.319603 0.066930 0.000000 0.319603 0.947551 0.057443 0.000000 0.000000 0.000000 1.000000
1.000000 -0.000000 -0.000000 0.000000 0.000000 0.947551 -0.319603 0.066930 0.000000 0.319603 0.947551 0.057443 0.000000 0.000000 0.000000 1.000000
1.000000 -0.000000 -0.000000 0.000000 -0.000000 0.947551 -0.319603 0.066930 -0.000000 0.319603 0.947551 0.057443 0.000000 0.000000 0.000000 1.000000
1.000000 0.000000 0.000000 0.000000 0.000000 0.947551 -0.319603 0.066930 0.000000 0.319603 0.947551 0.057443 0.000000 0.000000 0.000000 1.000000
1.000000 0.000000 0.000000 0.000000 0.000000 0.947551 -0.319603 0.066930 -0.000000 0.319603 0.947551 0.057443 0.000000 0.000000 0.000000 1.000000
1.000000 -0.000000 -0.000000 0.000000 0.000000 0.947551 -0.319603 0.066930 0.000000 0.319603 0.947551 0.057443 0.000000 0.000000 0.000000 1.000000
1.000000 0.000000 0.000000 0.000000 0.000000 0.947551 -0.319603 0.066930 0.000000 0.319603 0.947551 0.057443 0.000000 0.000000 0.000000 1.000000
1.000000 0.000000 -0.000000 0.000000 0.000000 0.947551 -0.319603 0.066930 -0.000000 0.319603 0.947551 0.057443 0.000000 0.000000 0.000000 1.000000
1.000000 -0.000000 -0.000000 0.000000 0.000000 0.947551 -0.319603 0.066930 -0.000000 0.319603 0.947551 0.057443 0.000000 0.000000 0.000000 1.000000
1.000000 0.000000 -0.000000 0.000000 0.000000 0.947551 -0.319603 0.066930 -0.000000 0.319603 0.947551 0.057443 0.000000 0.000000 0.000000 1.000000
1.000000 0.000000 -0.000000 0.000000 0.000000 0.947551 -0.319603 0.066930 0.000000 0.319603 0.947551 0.057443 0.000000 0.000000 0.000000 1.000000
1.000000 0.000000 0.000000 0.000000 0.000000 0.947551 -0.319603 0.066930 -0.000000 0.319603 0.947551 0.057443 0.000000 0.000000 0.000000 1.000000
1.000000 -0.000000 0.000000 0.000000 0.000000 0.947551 -0.319603 0.066930 0.000000 0.319603 0.947551 0.057443 0.000000 0.000000 0.000000 1.000000
1.000000 0.000000 0.000000 0.000000 0.000000 0.947551 -0.319603 0.066930 0.000000 0.319603 0.947551 0.057443 0.000000 0.000000 0.000000 1.000000
1.000000 -0.000000 -0.000000 0.000000 -0.000000 0.947551 -0.319603 0.066930 -0.000000 0.319603 0.947551 0.057443 0.000000 0.000000 0.000000 1.000000
1.000000 -0.000000 -0.000000 0.000000 -0.000000 0.947551 -0.319603 0.066930 0.000000 0.319603 0.947551 0.057443 0.000000 0.000000 0.000000 1.000000
1.000000 0.000000 0.000000 0.000000 0.000000 0.947551 -0.319603 0.066930 0.000000 0.319603 0.947551 0.057443 0.000000 0.000000 0.000000 1.000000
1.000000 0.000000 -0.000000 0.000000 0.000000 0.947551 -0.319603 0.066930 0.000000 0.319603 0.947551 0.057443 0.000000 0.000000 0.000000 1.000000
1.000000 0.000000 0.000000 0.000000 -0.000000 0.947551 -0.319603 0.066930 0.000000 0.319603 0.947551 0.057443 0.000000 0.000000 0.000000 1.000000
1.000000 0.000000 0.000000 0.000000 -0.000000 0.947551 -0.319603 0.066930 0.000000 0.319603 0.947551 0.057443 0.000000 0.000000 0.000000 1.000000
1.000000 0.000000 0.000000 0.000000 0.000000 0.947551 -0.319603 0.066930 0.000000 0.319603 0.947551 0.057443 0.000000 0.000000 0.000000 1.000000
1.000000 0.000000 0.000000 0.000000 0.000000 0.947551 -0.319603 0.066930 -0.000000 0.319603 0.947551 0.057443 0.000000 0.000000 0.000000 1.000000
1.000000 0.000000 -0.000000 0.000000 -0.000000 0.947551 -0.319603 0.066930 -0.000000 0.319603 0.947551 0.057443 0.000000 0.000000 0.000000 1.000000
1.000000 -0.000000 0.000000 0.000000 -0.000000 0.947551 -0.319603 0.066930 0.000000 0.319603 0.947551 0.057443 0.000000 0.000000 0.000000 1.000000
1.000000 -0.000000 0.000000 0.000000 0.000000 0.947551 -0.319603 0.066930 0.000000 0.319603 0.947551 0.057443 0.000000 0.000000 0.000000 1.000000
1.000000 0.000000 0.000000 0.000000 -0.000000 0.947551 -0.319603 0.066930 0.000000 0.319603 0.947551 0.057443 0.000000 0.000000 0.000000 1.000000
1.000000 0.000000 0.000000 0.000000 0.000000 0.947551 -0.319603 0.066930 0.000000 0.319603 0.947551 0.057443 0.000000 0.000000 0.000000 1.000000
1.000000 0.000000 0.000000 0.000000 0.000000 0.947551 -0.319603 0.066930 0.000000 0.319603 0.947551 0.057443 0.000000 0.000000 0.000000 1.000000
1.000000 0.000000 0.000000 0.000000 0.000000 0.947551 -0.319603 0.066930 0.000000 0.319603 0.947551 0.057443 0.000000 0.000000 0.000000 1.000000
1.000000 -0.000000 -0.000000 0.000000 -0.000000 0.947551 -0.319603 0.066930 0.000000 0.319603 0.947551 0.057443 0.000000 0.000000 0.000000 1.000000
1.000000 0.000000 -0.000000 0.000000 0.000000 0.947551 -0.319603 0.066930 0.000000 0.319603 0.947551 0.057443 0.000000 0.000000 0.000000 1.000000
1.000000 0.000000 0.000000 0.000000 0.000000 1.000000 0.000000 0.066930 0.000000 0.000000 1.000000 0.057443 0.000000 0.000000 0.000000 1.000000</float_array><technique_common><accessor source="#spine0-Matrix-animation-output-transform-array" count="72" stride="16"><param type="float4x4"/></accessor></technique_common></source><source id="spine0-Interpolations"><Name_array id="spine0-Interpolations-array" count="72">
 LINEAR LINEAR LINEAR LINEAR LINEAR LINEAR LINEAR LINEAR LINEAR LINEAR LINEAR
LINEAR LINEAR LINEAR LINEAR LINEAR LINEAR LINEAR LINEAR LINEAR LINEAR LINEAR LINEAR
LINEAR LINEAR LINEAR LINEAR LINEAR LINEAR LINEAR LINEAR LINEAR LINEAR LINEAR LINEAR
LINEAR LINEAR LINEAR LINEAR LINEAR LINEAR LINEAR LINEAR LINEAR LINEAR LINEAR LINEAR
LINEAR LINEAR LINEAR LINEAR LINEAR LINEAR LINEAR LINEAR LINEAR LINEAR LINEAR LINEAR
LINEAR LINEAR LINEAR LINEAR LINEAR LINEAR LINEAR LINEAR LINEAR LINEAR LINEAR LINEAR
LINEAR</Name_array><technique_common><accessor source="#spine0-Interpolations-array" count="72"><param type="name"/></accessor></technique_common></source><sampler id="spine0-Matrix-animation-transform"><input semantic="INPUT" source="#spine0-Matrix-animation-input"/><input semantic="OUTPUT" source="#spine0-Matrix-animation-output-transform"/><input semantic="INTERPOLATION" source="#spine0-Interpolations"/></sampler><channel source="#spine0-Matrix-animation-transform" target="spine0/matrix"/></animation><animation><source id="spine0-visibility-animation-input"><float_array id="spine0-visibility-animation-input-array" count="72">

0.033333 0.066667 0.100000 0.133333 0.166667 0.200000 0.233333 0.266667 0.300000 0.333333 0.366667 0.400000 0.433333 0.466667 0.500000 0.533333
0.566667 0.600000 0.633333 0.666667 0.700000 0.733333 0.766667 0.800000 0.833333 0.866667 0.900000 0.933333 0.966667 1.000000 1.033333 1.066667
1.100000 1.133333 1.166667 1.200000 1.233333 1.266667 1.300000 1.333333 1.366667 1.400000 1.433333 1.466667 1.500000 1.533333 1.566667 1.600000
1.633333 1.666667 1.700000 1.733333 1.766667 1.800000 1.833333 1.866667 1.900000 1.933333 1.966667 2.000000 2.033333 2.066667 2.100000 2.133333
2.166667 2.200000 2.233333 2.266667 2.300000 2.333333 2.366667 2.400000</float_array><technique_common><accessor source="#spine0-visibility-animation-input-array" count="72"><param name="TIME" type="float"/></accessor></technique_common></source><source id="spine0-visibility-animation-output"><float_array id="spine0-visibility-animation-output-array" count="72">

1.000000 1.000000 1.000000 1.000000 1.000000 1.000000 1.000000 1.000000 1.000000 1.000000 1.000000 1.000000 1.000000 1.000000 1.000000 1.000000
1.000000 1.000000 1.000000 1.000000 1.000000 1.000000 1.000000 1.000000 1.000000 1.000000 1.000000 1.000000 1.000000 1.000000 1.000000 1.000000
1.000000 1.000000 1.000000 1.000000 1.000000 1.000000 1.000000 1.000000 1.000000 1.000000 1.000000 1.000000 1.000000 1.000000 1.000000 1.000000
1.000000 1.000000 1.000000 1.000000 1.000000 1.000000 1.000000 1.000000 1.000000 1.000000 1.000000 1.000000 1.000000 1.000000 1.000000 1.000000
1.000000 1.000000 1.000000 1.000000 1.000000 1.000000 1.000000 1.000000</float_array><technique_common><accessor source="#spine0-visibility-animation-output-array" count="72"><param type="float"/></accessor></technique_common></source><source id="spine0-visibility-animation-intan"><float_array id="spine0-visibility-animation-intan-array" count="72">

0.000000 0.000000 0.000000 0.000000 0.000000 0.000000 0.000000 0.000000 0.000000 0.000000 0.000000 0.000000 0.000000 0.000000 0.000000 0.000000
0.000000 0.000000 0.000000 0.000000 0.000000 0.000000 0.000000 0.000000 0.000000 0.000000 0.000000 0.000000 0.000000 0.000000 0.000000 0.000000
0.000000 0.000000 0.000000 0.000000 0.000000 0.000000 0.000000 0.000000 0.000000 0.000000 0.000000 0.000000 0.000000 0.000000 0.000000 0.000000
0.000000 0.000000 0.000000 0.000000 0.000000 0.000000 0.000000 0.000000 0.000000 0.000000 0.000000 0.000000 0.000000 0.000000 0.000000 0.000000
0.000000 0.000000 0.000000 0.000000 0.000000 0.000000 0.000000 0.000000</float_array><technique_common><accessor source="#spine0-visibility-animation-intan-array" count="72"><param type="float"/></accessor></technique_common></source><source id="spine0-visibility-animation-outtan"><float_array id="spine0-visibility-animation-outtan-array" count="72">

0.000000 0.000000 0.000000 0.000000 0.000000 0.000000 0.000000 0.000000 0.000000 0.000000 0.000000 0.000000 0.000000 0.000000 0.000000 0.000000
0.000000 0.000000 0.000000 0.000000 0.000000 0.000000 0.000000 0.000000 0.000000 0.000000 0.000000 0.000000 0.000000 0.000000 0.000000 0.000000
0.000000 0.000000 0.000000 0.000000 0.000000 0.000000 0.000000 0.000000 0.000000 0.000000 0.000000 0.000000 0.000000 0.000000 0.000000 0.000000
0.000000 0.000000 0.000000 0.000000 0.000000 0.000000 0.000000 0.000000 0.000000 0.000000 0.000000 0.000000 0.000000 0.000000 0.000000 0.000000
0.000000 0.000000 0.000000 0.000000 0.000000 0.000000 0.000000 0.000000</float_array><technique_common><accessor source="#spine0-visibility-animation-outtan-array" count="72"><param type="float"/></accessor></technique_common></source><source id="spine0-visibility-animation-interpolation"><Name_array id="spine0-visibility-animation-interpolation-array" count="72">
 BEZIER BEZIER BEZIER BEZIER BEZIER BEZIER BEZIER BEZIER BEZIER BEZIER BEZIER
BEZIER BEZIER BEZIER BEZIER BEZIER BEZIER BEZIER BEZIER BEZIER BEZIER BEZIER BEZIER
BEZIER BEZIER BEZIER BEZIER BEZIER BEZIER BEZIER BEZIER BEZIER BEZIER BEZIER BEZIER
BEZIER BEZIER BEZIER BEZIER BEZIER BEZIER BEZIER BEZIER BEZIER BEZIER BEZIER BEZIER
BEZIER BEZIER BEZIER BEZIER BEZIER BEZIER BEZIER BEZIER BEZIER BEZIER BEZIER BEZIER
BEZIER BEZIER BEZIER BEZIER BEZIER BEZIER BEZIER BEZIER BEZIER BEZIER BEZIER BEZIER STEP</Name_array><technique_common><accessor source="#spine0-visibility-animation-interpolation-array" count="72"><param type="name"/></accessor></technique_common></source><sampler id="spine0-visibility-animation"><input semantic="INPUT" source="#spine0-visibility-animation-input"/><input semantic="OUTPUT" source="#spine0-visibility-animation-output"/><input semantic="IN_TANGENT" source="#spine0-visibility-animation-intan"/><input semantic="OUT_TANGENT" source="#spine0-visibility-animation-outtan"/><input semantic="INTERPOLATION" source="#spine0-visibility-animation-interpolation"/></sampler><channel source="#spine0-visibility-animation" target="spine0/visibility"/></animation></animation>
    <animation id="spine1-anim" name="spine1"><animation><source id="spine1-Matrix-animation-input"><float_array id="spine1-Matrix-animation-input-array" count="72">

0.033333 0.066667 0.100000 0.133333 0.166667 0.200000 0.233333 0.266667 0.300000 0.333333 0.366667 0.400000 0.433333 0.466667 0.500000 0.533333
0.566667 0.600000 0.633333 0.666667 0.700000 0.733333 0.766667 0.800000 0.833333 0.866667 0.900000 0.933333 0.966667 1.000000 1.033333 1.066667
1.100000 1.133333 1.166667 1.200000 1.233333 1.266667 1.300000 1.333333 1.366667 1.400000 1.433333 1.466667 1.500000 1.533333 1.566667 1.600000
1.633333 1.666667 1.700000 1.733333 1.766667 1.800000 1.833333 1.866667 1.900000 1.933333 1.966667 2.000000 2.033333 2.066667 2.100000 2.133333
2.166667 2.200000 2.233333 2.266667 2.300000 2.333333 2.366667 2.400000</float_array><technique_common><accessor source="#spine1-Matrix-animation-input-array" count="72"><param name="TIME" type="float"/></accessor></technique_common></source><source id="spine1-Matrix-animation-output-transform"><float_array id="spine1-Matrix-animation-output-transform-array" count="1152">

1.000000 0.000000 0.000000 0.000000 0.000000 0.988423 0.151722 0.014644 0.000000 -0.151722 0.988423 0.038067 0.000000 0.000000 0.000000 1.000000
1.000000 0.000000 -0.000000 0.000000 -0.000000 0.987996 0.154477 0.014644 0.000000 -0.154477 0.987996 0.038067 0.000000 0.000000 0.000000 1.000000
1.000000 -0.000000 0.000000 -0.000000 0.000000 0.986732 0.162355 0.014644 0.000000 -0.162355 0.986732 0.038067 0.000000 0.000000 0.000000 1.000000
1.000000 -0.000000 0.000000 0.000000 0.000000 0.984610 0.174769 0.014644 -0.000000 -0.174769 0.984610 0.038067 0.000000 0.000000 0.000000 1.000000
1.000000 -0.000000 0.000000 0.000000 0.000000 0.981567 0.191119 0.014644 -0.000000 -0.191119 0.981567 0.038067 0.000000 0.000000 0.000000 1.000000
1.000000 -0.000000 -0.000000 0.000000 -0.000000 0.977529 0.210801 0.014644 0.000000 -0.210801 0.977529 0.038067 0.000000 0.000000 0.000000 1.000000
1.000000 0.000000 0.000000 0.000000 -0.000000 0.972428 0.233204 0.014644 0.000000 -0.233204 0.972428 0.038067 0.000000 0.000000 0.000000 1.000000
1.000000 0.000000 0.000000 0.000000 0.000000 0.966221 0.257716 0.014644 -0.000000 -0.257716 0.966221 0.038067 0.000000 0.000000 0.000000 1.000000
1.000000 -0.000000 0.000000 0.000000 -0.000000 0.958907 0.283721 0.014644 0.000000 -0.283721 0.958907 0.038067 0.000000 0.000000 0.000000 1.000000
1.000000 -0.000000 0.000000 0.000000 0.000000 0.950536 0.310615 0.014644 0.000000 -0.310615 0.950536 0.038067 0.000000 0.000000 0.000000 1.000000
1.000000 0.000000 -0.000000 0.000000 -0.000000 0.941216 0.337806 0.014644 -0.000000 -0.337806 0.941216 0.038067 0.000000 0.000000 0.000000 1.000000
1.000000 0.000000 -0.000000 0.000000 0.000000 0.931118 0.364718 0.014644 0.000000 -0.364718 0.931118 0.038067 0.000000 0.000000 0.000000 1.000000
1.000000 -0.000000 0.000000 0.000000 -0.000000 0.920477 0.390798 0.014644 -0.000000 -0.390798 0.920477 0.038067 0.000000 0.000000 0.000000 1.000000
1.000000 -0.000000 0.000000 -0.000000 -0.000000 0.909585 0.415518 0.014644 0.000000 -0.415518 0.909585 0.038067 0.000000 0.000000 0.000000 1.000000
1.000000 0.000000 0.000000 0.000000 -0.000000 0.898788 0.438384 0.014644 0.000000 -0.438384 0.898788 0.038067 0.000000 0.000000 0.000000 1.000000
