<?xml version="1.0" encoding="utf-8"?>
<COLLADA xmlns="http://www.collada.org/2005/11/COLLADASchema" version="1.4.1">
  <asset><contributor><author></author><authoring_tool>FBX COLLADA exporter</authoring_tool><comments></comments></contributor><created>2013-05-27T10:47:15Z</created><keywords></keywords><modified>2013-05-27T10:47:15Z</modified><revision></revision><subject></subject><title></title><unit meter="0.010000" name="centimeter"></unit><up_axis>Y_UP</up_axis></asset>
  <library_animations>
    <animation id="root-anim" name="root"><animation><source id="root-Matrix-animation-input"><float_array id="root-Matrix-animation-input-array" count="110">

0.033333 0.066667 0.100000 0.133333 0.166667 0.200000 0.233333 0.266667 0.300000 0.333333 0.366667 0.400000 0.433333 0.466667 0.500000 0.533333
0.566667 0.600000 0.633333 0.666667 0.700000 0.733333 0.766667 0.800000 0.833333 0.866667 0.900000 0.933333 0.966667 1.000000 1.033333 1.066667
1.100000 1.133333 1.166667 1.200000 1.233333 1.266667 1.300000 1.333333 1.366667 1.400000 1.433333 1.466667 1.500000 1.533333 1.566667 1.600000
1.633333 1.666667 1.700000 1.733333 1.766667 1.800000 1.833333 1.866667 1.900000 1.933333 1.966667 2.000000 2.033333 2.066667 2.100000 2.133333
2.166667 2.200000 2.233333 2.266667 2.300000 2.333333 2.366667 2.400000 2.433333 2.466667 2.500000 2.533333 2.566667 2.600000 2.633333 2.666667
2.700000 2.733333 2.766667 2.800000 2.833333 2.866667 2.900000 2.933333 2.966667 3.000000 3.033333 3.066667 3.100000 3.133333 3.166667 3.200000
3.233333 3.266667 3.300000 3.333333 3.366667 3.400000 3.433333 3.466667 3.500000 3.533333 3.566667 3.600000 3.633333 3.666667</float_array><technique_common><accessor source="#root-Matrix-animation-input-array" count="110"><param name="TIME" type="float"/></accessor></technique_common></source><source id="root-Matrix-animation-output-transform"><float_array id="root-Matrix-animation-output-transform-array" count="1760">

1.000000 0.000000 0.000000 0.000000 0.000000 0.902960 -0.429724 0.196371 0.000000 0.429724 0.902960 -0.019575 0.000000 0.000000 0.000000 1.000000
1.000000 0.000000 0.000000 0.000000 0.000000 0.899938 -0.436019 0.194708 0.000000 0.436019 0.899938 -0.019754 0.000000 0.000000 0.000000 1.000000
1.000000 0.000000 0.000000 0.000000 0.000000 0.891216 -0.453580 0.190697 0.000000 0.453580 0.891216 -0.020255 0.000000 0.000000 0.000000 1.000000
1.000000 0.000000 0.000000 0.000000 0.000000 0.877102 -0.480305 0.185805 0.000000 0.480305 0.877102 -0.021024 0.000000 0.000000 0.000000 1.000000
1.000000 0.000000 0.000000 0.000000 0.000000 0.857796 -0.513991 0.181500 0.000000 0.513991 0.857796 -0.022006 0.000000 0.000000 0.000000 1.000000
1.000000 0.000000 0.000000 0.000000 0.000000 0.833572 -0.552411 0.179251 0.000000 0.552411 0.833572 -0.023149 0.000000 0.000000 0.000000 1.000000
1.000000 0.000000 0.000000 0.000000 0.000000 0.804917 -0.593388 0.178722 0.000000 0.593388 0.804917 -0.024363 0.000000 0.000000 0.000000 1.000000
1.000000 0.000000 0.000000 0.000000 0.000000 0.772617 -0.634872 0.178538 0.000000 0.634872 0.772617 -0.025554 0.000000 0.000000 0.000000 1.000000
1.000000 0.000000 0.000000 0.000000 0.000000 0.737802 -0.675017 0.178602 0.000000 0.675017 0.737802 -0.026663 0.000000 0.000000 0.000000 1.000000
1.000000 0.000000 0.000000 0.000000 0.000000 0.701934 -0.712242 0.178818 0.000000 0.712242 0.701934 -0.027630 0.000000 0.000000 0.000000 1.000000
1.000000 0.000000 0.000000 0.000000 0.000000 0.666770 -0.745263 0.179092 0.000000 0.745263 0.666770 -0.028394 0.000000 0.000000 0.000000 1.000000
1.000000 0.000000 0.000000 0.000000 0.000000 0.634291 -0.773094 0.179326 0.000000 0.773094 0.634291 -0.028897 0.000000 0.000000 0.000000 1.000000
1.000000 0.000000 0.000000 0.000000 0.000000 0.606613 -0.794997 0.179425 0.000000 0.794997 0.606613 -0.029078 0.000000 0.000000 0.000000 1.000000
1.000000 0.000000 0.000000 0.000000 0.000000 0.584553 -0.811356 0.179425 0.000000 0.811356 0.584553 -0.029078 0.000000 0.000000 0.000000 1.000000
1.000000 0.000000 0.000000 0.000000 0.000000 0.567353 -0.823475 0.179425 0.000000 0.823475 0.567353 -0.029078 0.000000 0.000000 0.000000 1.000000
1.000000 0.000000 0.000000 0.000000 0.000000 0.554725 -0.832034 0.179425 0.000000 0.832034 0.554725 -0.029078 0.000000 0.000000 0.000000 1.000000
1.000000 0.000000 0.000000 0.000000 0.000000 0.546287 -0.837598 0.179425 0.000000 0.837598 0.546287 -0.029078 0.000000 0.000000 0.000000 1.000000
1.000000 0.000000 0.000000 0.000000 0.000000 0.541591 -0.840642 0.179425 0.000000 0.840642 0.541591 -0.029078 0.000000 0.000000 0.000000 1.000000
1.000000 0.000000 0.000000 0.000000 0.000000 0.540141 -0.841575 0.179425 0.000000 0.841575 0.540141 -0.029078 0.000000 0.000000 0.000000 1.000000
1.000000 0.000000 0.000000 0.000000 0.000000 0.552625 -0.833430 0.179141 0.000000 0.833430 0.552625 -0.030448 0.000000 0.000000 0.000000 1.000000
1.000000 0.000000 0.000000 0.000000 0.000000 0.575481 -0.817815 0.178614 0.000000 0.817815 0.575481 -0.032992 0.000000 0.000000 0.000000 1.000000
1.000000 0.000000 0.000000 0.000000 0.000000 0.587607 -0.809147 0.178330 0.000000 0.809147 0.587607 -0.034362 0.000000 0.000000 0.000000 1.000000
0.999998 -0.001910 -0.000688 -0.000000 0.000560 0.584864 -0.811131 0.178411 0.001952 0.811129 0.584864 -0.033971 0.000000 0.000000 0.000000 1.000000
0.999975 -0.006686 -0.002407 -0.000000 0.001900 0.577981 -0.816048 0.178614 0.006848 0.816023 0.577979 -0.032992 0.000000 0.000000 0.000000 1.000000
0.999906 -0.012895 -0.004642 -0.000000 0.003520 0.568977 -0.822346 0.178878 0.013245 0.822252 0.568969 -0.031720 0.000000 0.000000 0.000000 1.000000
0.999794 -0.019102 -0.006878 -0.000000 0.004998 0.559914 -0.828536 0.179141 0.019678 0.828330 0.559894 -0.030448 0.000000 0.000000 0.000000 1.000000
0.999678 -0.023877 -0.008598 -0.000000 0.006040 0.552904 -0.833223 0.179344 0.024648 0.832903 0.552870 -0.029469 0.000000 0.000000 0.000000 1.000000
0.999624 -0.025786 -0.009286 -0.000000 0.006433 0.550091 -0.835080 0.179425 0.026641 0.834707 0.550050 -0.029078 0.000000 0.000000 0.000000 1.000000
0.999627 -0.025730 -0.009193 -0.000000 0.006479 0.550089 -0.835081 0.179264 0.026544 0.834709 0.550051 -0.028980 0.000000 0.000000 0.000000 1.000000
0.999632 -0.025607 -0.008991 -0.000000 0.006580 0.550087 -0.835082 0.178908 0.026330 0.834715 0.550053 -0.028763 0.000000 0.000000 0.000000 1.000000
0.999637 -0.025484 -0.008788 -0.000000 0.006682 0.550084 -0.835082 0.178552 0.026116 0.834720 0.550055 -0.028547 0.000000 0.000000 0.000000 1.000000
0.999639 -0.025428 -0.008696 -0.000000 0.006728 0.550083 -0.835083 0.178391 0.026018 0.834723 0.550055 -0.028449 0.000000 0.000000 0.000000 1.000000
0.999696 -0.023882 -0.006151 -0.000000 0.008002 0.550052 -0.835092 0.178659 0.023327 0.834789 0.550075 -0.028612 0.000000 0.000000 0.000000 1.000000
0.999778 -0.021010 -0.001424 -0.000000 0.010368 0.549998 -0.835101 0.179157 0.018328 0.834901 0.550094 -0.028915 0.000000 0.000000 0.000000 1.000000
0.999810 -0.019463 0.001121 -0.000000 0.011643 0.549973 -0.835101 0.179425 0.015637 0.834956 0.550095 -0.029078 0.000000 0.000000 0.000000 1.000000
0.999846 -0.017534 0.000849 -0.000000 0.010354 0.549983 -0.835111 0.179425 0.014176 0.834992 0.550080 -0.029078 0.000000 0.000000 0.000000 1.000000
0.999917 -0.012898 0.000258 -0.000000 0.007310 0.550003 -0.835131 0.179425 0.010629 0.835063 0.550052 -0.029078 0.000000 0.000000 0.000000 1.000000
0.999973 -0.007279 -0.000309 -0.000000 0.003746 0.550017 -0.835145 0.179425 0.006249 0.835122 0.550029 -0.029078 0.000000 0.000000 0.000000 1.000000
0.999997 -0.002405 -0.000509 -0.000000 0.000898 0.550020 -0.835151 0.179425 0.002288 0.835148 0.550021 -0.029078 0.000000 0.000000 0.000000 1.000000
1.000000 0.000000 0.000000 0.000000 0.000000 0.550020 -0.835151 0.179425 0.000000 0.835151 0.550020 -0.029078 0.000000 0.000000 0.000000 1.000000
1.000000 0.000264 0.000434 0.000000 0.000218 0.550020 -0.835151 0.179425 -0.000460 0.835151 0.550020 -0.029078 0.000000 0.000000 0.000000 1.000000
1.000000 0.000132 0.000217 0.000000 0.000109 0.550020 -0.835151 0.179425 -0.000230 0.835151 0.550020 -0.029078 0.000000 0.000000 0.000000 1.000000
1.000000 0.000000 0.000000 0.000000 0.000000 0.550020 -0.835151 0.179425 0.000000 0.835151 0.550020 -0.029078 0.000000 0.000000 0.000000 1.000000
0.999674 -0.003990 0.025233 -0.001197 0.023261 0.550546 -0.834481 0.180337 -0.010562 0.834795 0.550459 -0.029078 0.000000 0.000000 0.000000 1.000000
0.996662 -0.012688 0.080652 -0.003830 0.074280 0.550916 -0.831248 0.182342 -0.033886 0.834464 0.550019 -0.029078 0.000000 0.000000 0.000000 1.000000
0.990512 -0.021138 0.135788 -0.006464 0.124888 0.550763 -0.825266 0.184348 -0.057342 0.834394 0.548177 -0.029078 0.000000 0.000000 0.000000 1.000000
0.986690 -0.024851 0.160702 -0.007661 0.147486 0.552985 -0.820034 0.185259 -0.068487 0.832820 0.549290 -0.029078 0.000000 0.000000 0.000000 1.000000
0.988014 -0.024023 0.152486 -0.007093 0.139666 0.559836 -0.816748 0.184827 -0.065746 0.828255 0.556481 -0.029078 0.000000 0.000000 0.000000 1.000000
0.991022 -0.021910 0.131895 -0.005674 0.120814 0.569321 -0.813190 0.183747 -0.057274 0.821824 0.566856 -0.029078 0.000000 0.000000 0.000000 1.000000
0.994286 -0.019082 0.105029 -0.003830 0.096609 0.579376 -0.809315 0.182342 -0.045408 0.814837 0.577909 -0.029078 0.000000 0.000000 0.000000 1.000000
0.996816 -0.016179 0.078075 -0.001986 0.072633 0.588207 -0.805442 0.180938 -0.032893 0.808548 0.587510 -0.029078 0.000000 0.000000 0.000000 1.000000
0.998260 -0.013907 0.057295 -0.000567 0.054331 0.594383 -0.802345 0.179857 -0.022896 0.804062 0.594105 -0.029078 0.000000 0.000000 0.000000 1.000000
0.998716 -0.012991 0.048974 -0.000000 0.047045 0.596707 -0.801079 0.179425 -0.018816 0.802354 0.596552 -0.029078 0.000000 0.000000 0.000000 1.000000
0.998716 -0.012991 0.048974 -0.000000 0.047045 0.596707 -0.801079 0.179324 -0.018816 0.802354 0.596552 -0.029078 0.000000 0.000000 0.000000 1.000000
0.998716 -0.012991 0.048974 -0.000000 0.047045 0.596707 -0.801079 0.179082 -0.018816 0.802354 0.596552 -0.029078 0.000000 0.000000 0.000000 1.000000
0.998716 -0.012991 0.048974 -0.000000 0.047045 0.596707 -0.801079 0.178793 -0.018816 0.802354 0.596552 -0.029078 0.000000 0.000000 0.000000 1.000000
0.998716 -0.012991 0.048974 -0.000000 0.047045 0.596707 -0.801079 0.178551 -0.018816 0.802354 0.596552 -0.029078 0.000000 0.000000 0.000000 1.000000
0.998716 -0.012991 0.048974 -0.000000 0.047045 0.596707 -0.801079 0.178450 -0.018816 0.802354 0.596552 -0.029078 0.000000 0.000000 0.000000 1.000000
0.997674 -0.014919 0.066521 -0.001197 0.062377 0.593506 -0.802409 0.178602 -0.027509 0.804691 0.593056 -0.029078 0.000000 0.000000 0.000000 1.000000
0.994286 -0.019082 0.105029 -0.003830 0.096242 0.585898 -0.804650 0.178938 -0.046182 0.810160 0.584386 -0.029078 0.000000 0.000000 0.000000 1.000000
0.989401 -0.023093 0.143358 -0.006464 0.130253 0.577507 -0.805928 0.179273 -0.064179 0.816059 0.574394 -0.029078 0.000000 0.000000 0.000000 1.000000
0.986690 -0.024851 0.160702 -0.007661 0.145745 0.573433 -0.806184 0.179425 -0.072117 0.818876 0.569422 -0.029078 0.000000 0.000000 0.000000 1.000000
0.987398 -0.021248 0.156822 -0.007236 0.140536 0.573342 -0.807173 0.179805 -0.072762 0.819040 0.569103 -0.029078 0.000000 0.000000 0.000000 1.000000
0.989094 -0.011939 0.146804 -0.006142 0.127087 0.572993 -0.809647 0.180784 -0.074451 0.819473 0.568261 -0.029078 0.000000 0.000000 0.000000 1.000000
0.991105 0.000827 0.133080 -0.004645 0.108668 0.572242 -0.812853 0.182123 -0.076827 0.820084 0.567062 -0.029078 0.000000 0.000000 0.000000 1.000000
0.992892 0.014779 0.118098 -0.003015 0.088571 0.571064 -0.816113 0.183581 -0.079503 0.820772 0.565696 -0.029078 0.000000 0.000000 0.000000 1.000000
0.994160 0.027617 0.104323 -0.001519 0.070106 0.569653 -0.818890 0.184920 -0.082044 0.821422 0.564390 -0.029078 0.000000 0.000000 0.000000 1.000000
0.994861 0.037022 0.094238 -0.000424 0.056596 0.568419 -0.820790 0.185899 -0.083954 0.821906 0.563403 -0.029078 0.000000 0.000000 0.000000 1.000000
0.995082 0.040672 0.090325 0.000000 0.051357 0.567895 -0.821497 0.186279 -0.084707 0.822096 0.563013 -0.029078 0.000000 0.000000 0.000000 1.000000
0.995082 0.040672 0.090325 0.000000 0.051357 0.567895 -0.821497 0.186279 -0.084707 0.822096 0.563013 -0.029078 0.000000 0.000000 0.000000 1.000000
0.995082 0.040672 0.090325 0.000000 0.051357 0.567895 -0.821497 0.186279 -0.084707 0.822096 0.563013 -0.029078 0.000000 0.000000 0.000000 1.000000
0.995082 0.040672 0.090325 0.000000 0.051357 0.567895 -0.821497 0.186279 -0.084707 0.822096 0.563013 -0.029078 0.000000 0.000000 0.000000 1.000000
0.995157 0.040013 0.089787 0.000144 0.051271 0.568040 -0.821402 0.186534 -0.083870 0.822028 0.563237 -0.029078 0.000000 0.000000 0.000000 1.000000
0.995381 0.038375 0.088005 0.000473 0.050704 0.568265 -0.821282 0.187118 -0.081527 0.821950 0.563694 -0.029078 0.000000 0.000000 0.000000 1.000000
0.995744 0.036265 0.084726 0.000831 0.049193 0.568258 -0.821378 0.187754 -0.077934 0.822051 0.564056 -0.029078 0.000000 0.000000 0.000000 1.000000
0.996233 0.034192 0.079693 0.001064 0.046266 0.567704 -0.821932 0.188167 -0.073345 0.822523 0.563983 -0.029078 0.000000 0.000000 0.000000 1.000000
0.996669 0.033010 0.074579 0.001139 0.042837 0.566263 -0.823111 0.188302 -0.069402 0.823564 0.562962 -0.029078 0.000000 0.000000 0.000000 1.000000
0.997031 0.032490 0.069810 0.001149 0.039361 0.564167 -0.824722 0.188318 -0.066179 0.825021 0.561213 -0.029078 0.000000 0.000000 0.000000 1.000000
0.997499 0.031513 0.063262 0.001120 0.034661 0.561952 -0.826443 0.188268 -0.061594 0.826569 0.559454 -0.029078 0.000000 0.000000 0.000000 1.000000
0.998185 0.028960 0.052804 0.001083 0.027545 0.560159 -0.827927 0.188201 -0.053556 0.827879 0.558345 -0.029078 0.000000 0.000000 0.000000 1.000000
0.999060 0.023712 0.036298 0.001064 0.016835 0.559340 -0.828767 0.188167 -0.039954 0.828599 0.558415 -0.029078 0.000000 0.000000 0.000000 1.000000
0.999955 0.008864 -0.003448 0.001064 -0.007822 0.560259 -0.828280 0.188179 -0.005410 0.828270 0.560303 -0.029485 0.000000 0.000000 0.000000 1.000000
0.998365 -0.011426 -0.056014 0.001064 -0.039743 0.565590 -0.823729 0.188191 0.041093 0.824608 0.564211 -0.030259 0.000000 0.000000 0.000000 1.000000
0.996383 -0.021643 -0.082179 0.001064 -0.054573 0.578315 -0.813986 0.188167 0.065142 0.815526 0.575042 -0.030726 0.000000 0.000000 0.000000 1.000000
0.996564 -0.021567 -0.079966 0.000708 -0.051272 0.597618 -0.800140 0.187985 0.065046 0.801491 0.594459 -0.030719 0.000000 0.000000 0.000000 1.000000
0.997010 -0.021372 -0.074259 -0.000209 -0.045064 0.619833 -0.783439 0.187592 0.062772 0.784443 0.617016 -0.030556 0.000000 0.000000 0.000000 1.000000
0.997567 -0.021109 -0.066449 -0.001462 -0.037326 0.643291 -0.764711 0.187062 0.058888 0.765330 0.640938 -0.030283 0.000000 0.000000 0.000000 1.000000
0.998103 -0.020824 -0.057935 -0.002828 -0.029338 0.666447 -0.744975 0.186465 0.054123 0.745261 0.664572 -0.029951 0.000000 0.000000 0.000000 1.000000
0.998532 -0.020564 -0.050115 -0.004082 -0.022243 0.687912 -0.725453 0.185873 0.049393 0.725503 0.686445 -0.029607 0.000000 0.000000 0.000000 1.000000
0.998806 -0.020375 -0.044394 -0.004999 -0.017037 0.706453 -0.707555 0.185358 0.045779 0.707467 0.705263 -0.029300 0.000000 0.000000 0.000000 1.000000
0.998904 -0.020302 -0.042175 -0.005355 -0.014598 0.720971 -0.692812 0.184992 0.044472 0.692668 0.719884 -0.029078 0.000000 0.000000 0.000000 1.000000
0.998904 -0.020302 -0.042175 -0.005291 -0.013912 0.731538 -0.681658 0.184743 0.044692 0.681498 0.730454 -0.028916 0.000000 0.000000 0.000000 1.000000
0.998904 -0.020302 -0.042175 -0.005115 -0.013388 0.739471 -0.673056 0.184535 0.044852 0.672883 0.738388 -0.028748 0.000000 0.000000 0.000000 1.000000
0.998904 -0.020302 -0.042175 -0.004849 -0.012980 0.745546 -0.666328 0.184379 0.044971 0.666145 0.744465 -0.028560 0.000000 0.000000 0.000000 1.000000
0.998904 -0.020302 -0.042175 -0.004518 -0.012644 0.750496 -0.660754 0.184283 0.045067 0.660563 0.749417 -0.028339 0.000000 0.000000 0.000000 1.000000
0.998904 -0.020302 -0.042175 -0.004143 -0.012334 0.755022 -0.655584 0.184254 0.045153 0.655385 0.753944 -0.028073 0.000000 0.000000 0.000000 1.000000
0.998904 -0.020302 -0.042175 -0.003749 -0.012003 0.759800 -0.650046 0.184302 0.045242 0.649840 0.758723 -0.027749 0.000000 0.000000 0.000000 1.000000
0.998904 -0.020302 -0.042175 -0.003358 -0.011605 0.765484 -0.643350 0.184435 0.045346 0.643135 0.764409 -0.027353 0.000000 0.000000 0.000000 1.000000
0.998904 -0.020302 -0.042175 -0.002994 -0.011092 0.772696 -0.634679 0.184663 0.045474 0.634451 0.771624 -0.026872 0.000000 0.000000 0.000000 1.000000
0.998904 -0.020302 -0.042175 -0.002680 -0.010417 0.782011 -0.623177 0.184992 0.045633 0.622933 0.780943 -0.026294 0.000000 0.000000 0.000000 1.000000
0.998964 -0.019734 -0.040995 -0.002377 -0.009232 0.794380 -0.607351 0.185621 0.044551 0.607101 0.793375 -0.025595 0.000000 0.000000 0.000000 1.000000
0.999120 -0.018191 -0.037792 -0.002040 -0.007467 0.809505 -0.587066 0.186667 0.041272 0.586832 0.808656 -0.024788 0.000000 0.000000 0.000000 1.000000
0.999326 -0.015918 -0.033070 -0.001687 -0.005489 0.826087 -0.563516 0.188014 0.036289 0.563318 0.825443 -0.023915 0.000000 0.000000 0.000000 1.000000
0.999540 -0.013157 -0.027336 -0.001331 -0.003617 0.842939 -0.537996 0.189550 0.030121 0.537848 0.842504 -0.023020 0.000000 0.000000 0.000000 1.000000
0.999726 -0.010153 -0.021094 -0.000988 -0.002078 0.859025 -0.511929 0.191161 0.023318 0.511832 0.858769 -0.022146 0.000000 0.000000 0.000000 1.000000
0.999864 -0.007148 -0.014851 -0.000673 -0.000987 0.873485 -0.486849 0.192734 0.016452 0.486798 0.873360 -0.021334 0.000000 0.000000 0.000000 1.000000
0.999949 -0.004386 -0.009113 -0.000401 -0.000348 0.885630 -0.464391 0.194155 0.010108 0.464371 0.885583 -0.020629 0.000000 0.000000 0.000000 1.000000
0.999988 -0.002112 -0.004388 -0.000189 -0.000068 0.894910 -0.446247 0.195311 0.004869 0.446242 0.894899 -0.020072 0.000000 0.000000 0.000000 1.000000
0.999999 -0.000569 -0.001181 -0.000050 -0.000001 0.900851 -0.434128 0.196087 0.001311 0.434128 0.900850 -0.019706 0.000000 0.000000 0.000000 1.000000
1.000000 0.000000 0.000000 0.000000 0.000000 1.000000 0.000000 0.194113 0.000000 0.000000 1.000000 -0.034003 0.000000 0.000000 0.000000 1.000000</float_array><technique_common><accessor source="#root-Matrix-animation-output-transform-array" count="110" stride="16"><param type="float4x4"/></accessor></technique_common></source><source id="root-Interpolations"><Name_array id="root-Interpolations-array" count="110">
 LINEAR LINEAR LINEAR LINEAR LINEAR LINEAR LINEAR LINEAR LINEAR LINEAR LINEAR
LINEAR LINEAR LINEAR LINEAR LINEAR LINEAR LINEAR LINEAR LINEAR LINEAR LINEAR LINEAR
LINEAR LINEAR LINEAR LINEAR LINEAR LINEAR LINEAR LINEAR LINEAR LINEAR LINEAR LINEAR
LINEAR LINEAR LINEAR LINEAR LINEAR LINEAR LINEAR LINEAR LINEAR LINEAR LINEAR LINEAR
LINEAR LINEAR LINEAR LINEAR LINEAR LINEAR LINEAR LINEAR LINEAR LINEAR LINEAR LINEAR
LINEAR LINEAR LINEAR LINEAR LINEAR LINEAR LINEAR LINEAR LINEAR LINEAR LINEAR LINEAR
LINEAR LINEAR LINEAR LINEAR LINEAR LINEAR LINEAR LINEAR LINEAR LINEAR LINEAR LINEAR
LINEAR LINEAR LINEAR LINEAR LINEAR LINEAR LINEAR LINEAR LINEAR LINEAR LINEAR LINEAR
LINEAR LINEAR LINEAR LINEAR LINEAR LINEAR LINEAR LINEAR LINEAR LINEAR LINEAR LINEAR
LINEAR LINEAR LINEAR</Name_array><technique_common><accessor source="#root-Interpolations-array" count="110"><param type="name"/></accessor></technique_common></source><sampler id="root-Matrix-animation-transform"><input semantic="INPUT" source="#root-Matrix-animation-input"/><input semantic="OUTPUT" source="#root-Matrix-animation-output-transform"/><input semantic="INTERPOLATION" source="#root-Interpolations"/></sampler><channel source="#root-Matrix-animation-transform" target="root/matrix"/></animation><animation><source id="root-visibility-animation-input"><float_array id="root-visibility-animation-input-array" count="110">

0.033333 0.066667 0.100000 0.133333 0.166667 0.200000 0.233333 0.266667 0.300000 0.333333 0.366667 0.400000 0.433333 0.466667 0.500000 0.533333
0.566667 0.600000 0.633333 0.666667 0.700000 0.733333 0.766667 0.800000 0.833333 0.866667 0.900000 0.933333 0.966667 1.000000 1.033333 1.066667
1.100000 1.133333 1.166667 1.200000 1.233333 1.266667 1.300000 1.333333 1.366667 1.400000 1.433333 1.466667 1.500000 1.533333 1.566667 1.600000
1.633333 1.666667 1.700000 1.733333 1.766667 1.800000 1.833333 1.866667 1.900000 1.933333 1.966667 2.000000 2.033333 2.066667 2.100000 2.133333
2.166667 2.200000 2.233333 2.266667 2.300000 2.333333 2.366667 2.400000 2.433333 2.466667 2.500000 2.533333 2.566667 2.600000 2.633333 2.666667
2.700000 2.733333 2.766667 2.800000 2.833333 2.866667 2.900000 2.933333 2.966667 3.000000 3.033333 3.066667 3.100000 3.133333 3.166667 3.200000
3.233333 3.266667 3.300000 3.333333 3.366667 3.400000 3.433333 3.466667 3.500000 3.533333 3.566667 3.600000 3.633333 3.666667</float_array><technique_common><accessor source="#root-visibility-animation-input-array" count="110"><param name="TIME" type="float"/></accessor></technique_common></source><source id="root-visibility-animation-output"><float_array id="root-visibility-animation-output-array" count="110">

1.000000 1.000000 1.000000 1.000000 1.000000 1.000000 1.000000 1.000000 1.000000 1.000000 1.000000 1.000000 1.000000 1.000000 1.000000 1.000000
1.000000 1.000000 1.000000 1.000000 1.000000 1.000000 1.000000 1.000000 1.000000 1.000000 1.000000 1.000000 1.000000 1.000000 1.000000 1.000000
1.000000 1.000000 1.000000 1.000000 1.000000 1.000000 1.000000 1.000000 1.000000 1.000000 1.000000 1.000000 1.000000 1.000000 1.000000 1.000000
1.000000 1.000000 1.000000 1.000000 1.000000 1.000000 1.000000 1.000000 1.000000 1.000000 1.000000 1.000000 1.000000 1.000000 1.000000 1.000000
1.000000 1.000000 1.000000 1.000000 1.000000 1.000000 1.000000 1.000000 1.000000 1.000000 1.000000 1.000000 1.000000 1.000000 1.000000 1.000000
1.000000 1.000000 1.000000 1.000000 1.000000 1.000000 1.000000 1.000000 1.000000 1.000000 1.000000 1.000000 1.000000 1.000000 1.000000 1.000000
1.000000 1.000000 1.000000 1.000000 1.000000 1.000000 1.000000 1.000000 1.000000 1.000000 1.000000 1.000000 1.000000 1.000000</float_array><technique_common><accessor source="#root-visibility-animation-output-array" count="110"><param type="float"/></accessor></technique_common></source><source id="root-visibility-animation-intan"><float_array id="root-visibility-animation-intan-array" count="110">

0.000000 0.000000 0.000000 0.000000 0.000000 0.000000 0.000000 0.000000 0.000000 0.000000 0.000000 0.000000 0.000000 0.000000 0.000000 0.000000
0.000000 0.000000 0.000000 0.000000 0.000000 0.000000 0.000000 0.000000 0.000000 0.000000 0.000000 0.000000 0.000000 0.000000 0.000000 0.000000
0.000000 0.000000 0.000000 0.000000 0.000000 0.000000 0.000000 0.000000 0.000000 0.000000 0.000000 0.000000 0.000000 0.000000 0.000000 0.000000
0.000000 0.000000 0.000000 0.000000 0.000000 0.000000 0.000000 0.000000 0.000000 0.000000 0.000000 0.000000 0.000000 0.000000 0.000000 0.000000
0.000000 0.000000 0.000000 0.000000 0.000000 0.000000 0.000000 0.000000 0.000000 0.000000 0.000000 0.000000 0.000000 0.000000 0.000000 0.000000
0.000000 0.000000 0.000000 0.000000 0.000000 0.000000 0.000000 0.000000 0.000000 0.000000 0.000000 0.000000 0.000000 0.000000 0.000000 0.000000
0.000000 0.000000 0.000000 0.000000 0.000000 0.000000 0.000000 0.000000 0.000000 0.000000 0.000000 0.000000 0.000000 0.000000</float_array><technique_common><accessor source="#root-visibility-animation-intan-array" count="110"><param type="float"/></accessor></technique_common></source><source id="root-visibility-animation-outtan"><float_array id="root-visibility-animation-outtan-array" count="110">

0.000000 0.000000 0.000000 0.000000 0.000000 0.000000 0.000000 0.000000 0.000000 0.000000 0.000000 0.000000 0.000000 0.000000 0.000000 0.000000
0.000000 0.000000 0.000000 0.000000 0.000000 0.000000 0.000000 0.000000 0.000000 0.000000 0.000000 0.000000 0.000000 0.000000 0.000000 0.000000
0.000000 0.000000 0.000000 0.000000 0.000000 0.000000 0.000000 0.000000 0.000000 0.000000 0.000000 0.000000 0.000000 0.000000 0.000000 0.000000
0.000000 0.000000 0.000000 0.000000 0.000000 0.000000 0.000000 0.000000 0.000000 0.000000 0.000000 0.000000 0.000000 0.000000 0.000000 0.000000
0.000000 0.000000 0.000000 0.000000 0.000000 0.000000 0.000000 0.000000 0.000000 0.000000 0.000000 0.000000 0.000000 0.000000 0.000000 0.000000
0.000000 0.000000 0.000000 0.000000 0.000000 0.000000 0.000000 0.000000 0.000000 0.000000 0.000000 0.000000 0.000000 0.000000 0.000000 0.000000
0.000000 0.000000 0.000000 0.000000 0.000000 0.000000 0.000000 0.000000 0.000000 0.000000 0.000000 0.000000 0.000000 0.000000</float_array><technique_common><accessor source="#root-visibility-animation-outtan-array" count="110"><param type="float"/></accessor></technique_common></source><source id="root-visibility-animation-interpolation"><Name_array id="root-visibility-animation-interpolation-array" count="110">
 BEZIER BEZIER BEZIER BEZIER BEZIER BEZIER BEZIER BEZIER BEZIER BEZIER BEZIER
BEZIER BEZIER BEZIER BEZIER BEZIER BEZIER BEZIER BEZIER BEZIER BEZIER BEZIER BEZIER
BEZIER BEZIER BEZIER BEZIER BEZIER BEZIER BEZIER BEZIER BEZIER BEZIER BEZIER BEZIER
BEZIER BEZIER BEZIER BEZIER BEZIER BEZIER BEZIER BEZIER BEZIER BEZIER BEZIER BEZIER
BEZIER BEZIER BEZIER BEZIER BEZIER BEZIER BEZIER BEZIER BEZIER BEZIER BEZIER BEZIER
BEZIER BEZIER BEZIER BEZIER BEZIER BEZIER BEZIER BEZIER BEZIER BEZIER BEZIER BEZIER
BEZIER BEZIER BEZIER BEZIER BEZIER BEZIER BEZIER BEZIER BEZIER BEZIER BEZIER BEZIER
BEZIER BEZIER BEZIER BEZIER BEZIER BEZIER BEZIER BEZIER BEZIER BEZIER BEZIER BEZIER
BEZIER BEZIER BEZIER BEZIER BEZIER BEZIER BEZIER BEZIER BEZIER BEZIER BEZIER BEZIER
BEZIER BEZIER STEP</Name_array><technique_common><accessor source="#root-visibility-animation-interpolation-array" count="110"><param type="name"/></accessor></technique_common></source><sampler id="root-visibility-animation"><input semantic="INPUT" source="#root-visibility-animation-input"/><input semantic="OUTPUT" source="#root-visibility-animation-output"/><input semantic="IN_TANGENT" source="#root-visibility-animation-intan"/><input semantic="OUT_TANGENT" source="#root-visibility-animation-outtan"/><input semantic="INTERPOLATION" source="#root-visibility-animation-interpolation"/></sampler><channel source="#root-visibility-animation" target="root/visibility"/></animation></animation>
    <animation id="spine0-anim" name="spine0"><animation><source id="spine0-Matrix-animation-input"><float_array id="spine0-Matrix-animation-input-array" count="110">

0.033333 0.066667 0.100000 0.133333 0.166667 0.200000 0.233333 0.266667 0.300000 0.333333 0.366667 0.400000 0.433333 0.466667 0.500000 0.533333
0.566667 0.600000 0.633333 0.666667 0.700000 0.733333 0.766667 0.800000 0.833333 0.866667 0.900000 0.933333 0.966667 1.000000 1.033333 1.066667
1.100000 1.133333 1.166667 1.200000 1.233333 1.266667 1.300000 1.333333 1.366667 1.400000 1.433333 1.466667 1.500000 1.533333 1.566667 1.600000
1.633333 1.666667 1.700000 1.733333 1.766667 1.800000 1.833333 1.866667 1.900000 1.933333 1.966667 2.000000 2.033333 2.066667 2.100000 2.133333
2.166667 2.200000 2.233333 2.266667 2.300000 2.333333 2.366667 2.400000 2.433333 2.466667 2.500000 2.533333 2.566667 2.600000 2.633333 2.666667
2.700000 2.733333 2.766667 2.800000 2.833333 2.866667 2.900000 2.933333 2.966667 3.000000 3.033333 3.066667 3.100000 3.133333 3.166667 3.200000
3.233333 3.266667 3.300000 3.333333 3.366667 3.400000 3.433333 3.466667 3.500000 3.533333 3.566667 3.600000 3.633333 3.666667</float_array><technique_common><accessor source="#spine0-Matrix-animation-input-array" count="110"><param name="TIME" type="float"/></accessor></technique_common></source><source id="spine0-Matrix-animation-output-transform"><float_array id="spine0-Matrix-animation-output-transform-array" count="1760">

1.000000 0.000000 0.000000 0.000000 0.000000 1.000000 -0.000000 0.066930 0.000000 0.000000 1.000000 0.057443 0.000000 0.000000 0.000000 1.000000
1.000000 0.000000 0.000000 0.000000 0.000000 0.999979 -0.006406 0.066930 0.000000 0.006406 0.999979 0.057443 0.000000 0.000000 0.000000 1.000000
1.000000 0.000000 0.000000 0.000000 0.000000 0.999709 -0.024114 0.066930 0.000000 0.024114 0.999709 0.057443 0.000000 0.000000 0.000000 1.000000
1.000000 0.000000 0.000000 0.000000 0.000000 0.998706 -0.050850 0.066930 0.000000 0.050850 0.998706 0.057443 0.000000 0.000000 0.000000 1.000000
1.000000 0.000000 0.000000 0.000000 0.000000 0.996440 -0.084309 0.066930 0.000000 0.084309 0.996440 0.057443 0.000000 0.000000 0.000000 1.000000
1.000000 0.000000 0.000000 0.000000 0.000000 0.992510 -0.122163 0.066930 0.000000 0.122163 0.992510 0.057443 0.000000 0.000000 0.000000 1.000000
1.000000 0.000000 0.000000 0.000000 0.000000 0.986779 -0.162071 0.066930 0.000000 0.162071 0.986779 0.057443 0.000000 0.000000 0.000000 1.000000
1.000000 0.000000 0.000000 0.000000 0.000000 0.979444 -0.201716 0.066930 0.000000 0.201716 0.979444 0.057443 0.000000 0.000000 0.000000 1.000000
1.000000 0.000000 0.000000 0.000000 0.000000 0.971059 -0.238838 0.066930 0.000000 0.238838 0.971059 0.057443 0.000000 0.000000 0.000000 1.000000
1.000000 0.000000 0.000000 0.000000 0.000000 0.962505 -0.271264 0.066930 0.000000 0.271264 0.962505 0.057443 0.000000 0.000000 0.000000 1.000000
1.000000 0.000000 0.000000 0.000000 0.000000 0.954904 -0.296916 0.066930 0.000000 0.296916 0.954904 0.057443 0.000000 0.000000 0.000000 1.000000
1.000000 0.000000 0.000000 0.000000 0.000000 0.949496 -0.313780 0.066930 0.000000 0.313780 0.949496 0.057443 0.000000 0.000000 0.000000 1.000000
1.000000 0.000000 0.000000 0.000000 0.000000 0.947466 -0.319856 0.066930 0.000000 0.319856 0.947466 0.057443 0.000000 0.000000 0.000000 1.000000
1.000000 0.000000 0.000000 0.000000 0.000000 0.947466 -0.319856 0.066930 0.000000 0.319856 0.947466 0.057443 0.000000 0.000000 0.000000 1.000000
1.000000 0.000000 0.000000 0.000000 0.000000 0.947466 -0.319856 0.066930 0.000000 0.319856 0.947466 0.057443 0.000000 0.000000 0.000000 1.000000
1.000000 0.000000 0.000000 0.000000 0.000000 0.947466 -0.319856 0.066930 0.000000 0.319856 0.947466 0.057443 0.000000 0.000000 0.000000 1.000000
1.000000 0.000000 0.000000 0.000000 0.000000 0.947466 -0.319856 0.066930 0.000000 0.319856 0.947466 0.057443 0.000000 0.000000 0.000000 1.000000
1.000000 0.000000 0.000000 0.000000 0.000000 0.947466 -0.319856 0.066930 0.000000 0.319856 0.947466 0.057443 0.000000 0.000000 0.000000 1.000000
1.000000 0.000000 0.000000 0.000000 0.000000 0.947466 -0.319856 0.066930 0.000000 0.319856 0.947466 0.057443 0.000000 0.000000 0.000000 1.000000
1.000000 0.000000 0.000000 0.000000 0.000000 0.945915 -0.324414 0.066930 0.000000 0.324414 0.945915 0.057443 0.000000 0.000000 0.000000 1.000000
1.000000 0.000000 0.000000 0.000000 0.000000 0.942977 -0.332857 0.066930 0.000000 0.332857 0.942977 0.057443 0.000000 0.000000 0.000000 1.000000
1.000000 0.000000 0.000000 0.000000 0.000000 0.941364 -0.337392 0.066930 0.000000 0.337392 0.941364 0.057443 0.000000 0.000000 0.000000 1.000000
1.000000 -0.000000 -0.000000 0.000000 0.000000 0.941827 -0.336097 0.066930 -0.000000 0.336097 0.941827 0.057443 0.000000 0.000000 0.000000 1.000000
1.000000 -0.000000 -0.000000 0.000000 -0.000000 0.942977 -0.332857 0.066930 0.000000 0.332857 0.942977 0.057443 0.000000 0.000000 0.000000 1.000000
1.000000 0.000000 0.000000 0.000000 0.000000 0.944456 -0.328639 0.066930 0.000000 0.328639 0.944456 0.057443 0.000000 0.000000 0.000000 1.000000
1.000000 0.000000 0.000000 0.000000 -0.000000 0.945915 -0.324414 0.066930 0.000000 0.324414 0.945915 0.057443 0.000000 0.000000 0.000000 1.000000
1.000000 0.000000 -0.000000 0.000000 0.000000 0.947025 -0.321159 0.066930 0.000000 0.321159 0.947025 0.057443 0.000000 0.000000 0.000000 1.000000
1.000000 0.000000 0.000000 0.000000 0.000000 0.947466 -0.319856 0.066930 -0.000000 0.319856 0.947466 0.057443 0.000000 0.000000 0.000000 1.000000
1.000000 0.000000 0.000000 0.000000 0.000000 0.947466 -0.319856 0.066930 0.000000 0.319856 0.947466 0.057443 0.000000 0.000000 0.000000 1.000000
1.000000 0.000000 -0.000000 0.000000 0.000000 0.947466 -0.319856 0.066930 0.000000 0.319856 0.947466 0.057443 0.000000 0.000000 0.000000 1.000000
1.000000 0.000000 -0.000000 0.000000 0.000000 0.947466 -0.319856 0.066930 0.000000 0.319856 0.947466 0.057443 0.000000 0.000000 0.000000 1.000000
1.000000 -0.000000 -0.000000 0.000000 -0.000000 0.947466 -0.319856 0.066930 0.000000 0.319856 0.947466 0.057443 0.000000 0.000000 0.000000 1.000000
1.000000 0.000000 0.000000 0.000000 -0.000000 0.947466 -0.319856 0.066930 -0.000000 0.319856 0.947466 0.057443 0.000000 0.000000 0.000000 1.000000
1.000000 0.000000 -0.000000 0.000000 0.000000 0.947466 -0.319856 0.066930 0.000000 0.319856 0.947466 0.057443 0.000000 0.000000 0.000000 1.000000
1.000000 0.000000 0.000000 0.000000 -0.000000 0.947466 -0.319856 0.066930 0.000000 0.319856 0.947466 0.057443 0.000000 0.000000 0.000000 1.000000
1.000000 0.000000 -0.000000 0.000000 0.000000 0.947466 -0.319856 0.066930 -0.000000 0.319856 0.947466 0.057443 0.000000 0.000000 0.000000 1.000000
1.000000 0.000000 0.000000 0.000000 0.000000 0.947466 -0.319856 0.066930 0.000000 0.319856 0.947466 0.057443 0.000000 0.000000 0.000000 1.000000
1.000000 0.000000 -0.000000 0.000000 0.000000 0.947466 -0.319856 0.066930 -0.000000 0.319856 0.947466 0.057443 0.000000 0.000000 0.000000 1.000000
1.000000 0.000000 0.000000 0.000000 -0.000000 0.947466 -0.319856 0.066930 0.000000 0.319856 0.947466 0.057443 0.000000 0.000000 0.000000 1.000000
1.000000 0.000000 0.000000 0.000000 0.000000 0.947466 -0.319856 0.066930 0.000000 0.319856 0.947466 0.057443 0.000000 0.000000 0.000000 1.000000
1.000000 -0.000000 -0.000000 0.000000 0.000000 0.947466 -0.319856 0.066930 0.000000 0.319856 0.947466 0.057443 0.000000 0.000000 0.000000 1.000000
1.000000 -0.000000 -0.000000 0.000000 0.000000 0.947466 -0.319856 0.066930 0.000000 0.319856 0.947466 0.057443 0.000000 0.000000 0.000000 1.000000
1.000000 0.000000 0.000000 0.000000 0.000000 0.947466 -0.319856 0.066930 0.000000 0.319856 0.947466 0.057443 0.000000 0.000000 0.000000 1.000000
1.000000 0.000000 -0.000000 0.000000 -0.000000 0.949780 -0.312919 0.066930 0.000000 0.312919 0.949780 0.057443 0.000000 0.000000 0.000000 1.000000
1.000000 0.000000 0.000000 0.000000 0.000000 0.954690 -0.297601 0.066930 0.000000 0.297601 0.954690 0.057443 0.000000 0.000000 0.000000 1.000000
1.000000 -0.000000 0.000000 0.000000 -0.000000 0.959354 -0.282205 0.066930 -0.000000 0.282205 0.959354 0.057443 0.000000 0.000000 0.000000 1.000000
1.000000 0.000000 0.000000 0.000000 0.000000 0.961392 -0.275182 0.066930 0.000000 0.275182 0.961392 0.057443 0.000000 0.000000 0.000000 1.000000
1.000000 -0.000000 -0.000000 0.000000 -0.000000 0.960432 -0.278514 0.066930 0.000000 0.278514 0.960432 0.057443 0.000000 0.000000 0.000000 1.000000
1.000000 -0.000000 -0.000000 0.000000 -0.000000 0.957983 -0.286826 0.066930 -0.000000 0.286826 0.957983 0.057443 0.000000 0.000000 0.000000 1.000000
1.000000 0.000000 0.000000 0.000000 -0.000000 0.954690 -0.297601 0.066930 0.000000 0.297601 0.954690 0.057443 0.000000 0.000000 0.000000 1.000000
1.000000 0.000000 0.000000 0.000000 0.000000 0.951277 -0.308337 0.066930 0.000000 0.308337 0.951277 0.057443 0.000000 0.000000 0.000000 1.000000
1.000000 -0.000000 -0.000000 0.000000 -0.000000 0.948569 -0.316570 0.066930 0.000000 0.316570 0.948569 0.057443 0.000000 0.000000 0.000000 1.000000
1.000000 0.000000 -0.000000 0.000000 -0.000000 0.947466 -0.319856 0.066930 0.000000 0.319856 0.947466 0.057443 0.000000 0.000000 0.000000 1.000000
1.000000 0.000000 -0.000000 0.000000 -0.000000 0.947466 -0.319856 0.066930 0.000000 0.319856 0.947466 0.057443 0.000000 0.000000 0.000000 1.000000
1.000000 0.000000 -0.000000 0.000000 -0.000000 0.947466 -0.319856 0.066930 0.000000 0.319856 0.947466 0.057443 0.000000 0.000000 0.000000 1.000000
1.000000 0.000000 -0.000000 0.000000 -0.000000 0.947466 -0.319856 0.066930 0.000000 0.319856 0.947466 0.057443 0.000000 0.000000 0.000000 1.000000
1.000000 0.000000 -0.000000 0.000000 -0.000000 0.947466 -0.319856 0.066930 0.000000 0.319856 0.947466 0.057443 0.000000 0.000000 0.000000 1.000000
1.000000 0.000000 -0.000000 0.000000 -0.000000 0.947466 -0.319856 0.066930 0.000000 0.319856 0.947466 0.057443 0.000000 0.000000 0.000000 1.000000
1.000000 -0.000000 0.000000 0.000000 -0.000000 0.949780 -0.312919 0.066930 0.000000 0.312919 0.949780 0.057443 0.000000 0.000000 0.000000 1.000000
1.000000 0.000000 -0.000000 0.000000 -0.000000 0.954690 -0.297601 0.066930 -0.000000 0.297601 0.954690 0.057443 0.000000 0.000000 0.000000 1.000000
1.000000 0.000000 0.000000 0.000000 -0.000000 0.959354 -0.282205 0.066930 -0.000000 0.282205 0.959354 0.057443 0.000000 0.000000 0.000000 1.000000
1.000000 -0.000000 0.000000 0.000000 0.000000 0.961392 -0.275182 0.066930 0.000000 0.275182 0.961392 0.057443 0.000000 0.000000 0.000000 1.000000
1.000000 -0.000000 -0.000000 0.000000 0.000000 0.960675 -0.277674 0.066930 0.000000 0.277674 0.960675 0.057443 0.000000 0.000000 0.000000 1.000000
1.000000 -0.000000 -0.000000 0.000000 0.000000 0.958798 -0.284090 0.066930 0.000000 0.284090 0.958798 0.057443 0.000000 0.000000 0.000000 1.000000
1.000000 -0.000000 -0.000000 0.000000 0.000000 0.956161 -0.292843 0.066930 -0.000000 0.292843 0.956161 0.057443 0.000000 0.000000 0.000000 1.000000
1.000000 0.000000 0.000000 0.000000 -0.000000 0.953197 -0.302351 0.066930 0.000000 0.302351 0.953197 0.057443 0.000000 0.000000 0.000000 1.000000
1.000000 0.000000 -0.000000 0.000000 -0.000000 0.950393 -0.311052 0.066930 0.000000 0.311052 0.950393 0.057443 0.000000 0.000000 0.000000 1.000000
1.000000 0.000000 0.000000 0.000000 -0.000000 0.948292 -0.317399 0.066930 0.000000 0.317399 0.948292 0.057443 0.000000 0.000000 0.000000 1.000000
1.000000 0.000000 0.000000 0.000000 -0.000000 0.947466 -0.319856 0.066930 0.000000 0.319856 0.947466 0.057443 0.000000 0.000000 0.000000 1.000000
1.000000 0.000000 0.000000 0.000000 -0.000000 0.947466 -0.319856 0.066930 0.000000 0.319856 0.947466 0.057443 0.000000 0.000000 0.000000 1.000000
1.000000 0.000000 0.000000 0.000000 -0.000000 0.947466 -0.319856 0.066930 0.000000 0.319856 0.947466 0.057443 0.000000 0.000000 0.000000 1.000000
1.000000 0.000000 0.000000 0.000000 -0.000000 0.947466 -0.319856 0.066930 0.000000 0.319856 0.947466 0.057443 0.000000 0.000000 0.000000 1.000000
1.000000 0.000000 -0.000000 0.000000 0.000000 0.947466 -0.319856 0.066930 0.000000 0.319856 0.947466 0.057443 0.000000 0.000000 0.000000 1.000000
1.000000 0.000000 -0.000000 0.000000 -0.000000 0.947466 -0.319856 0.066930 -0.000000 0.319856 0.947466 0.057443 0.000000 0.000000 0.000000 1.000000
1.000000 0.000000 0.000000 0.000000 0.000000 0.947466 -0.319856 0.066930 -0.000000 0.319856 0.947466 0.057443 0.000000 0.000000 0.000000 1.000000
1.000000 0.000000 -0.000000 0.000000 0.000000 0.947466 -0.319856 0.066930 0.000000 0.319856 0.947466 0.057443 0.000000 0.000000 0.000000 1.000000
1.000000 0.000000 0.000000 0.000000 0.000000 0.947466 -0.319856 0.066930 0.000000 0.319856 0.947466 0.057443 0.000000 0.000000 0.000000 1.000000
1.000000 0.000000 0.000000 0.000000 0.000000 0.947466 -0.319856 0.066930 -0.000000 0.319856 0.947466 0.057443 0.000000 0.000000 0.000000 1.000000
1.000000 -0.000000 0.000000 0.000000 0.000000 0.947466 -0.319856 0.066930 0.000000 0.319856 0.947466 0.057443 0.000000 0.000000 0.000000 1.000000
1.000000 -0.000000 -0.000000 0.000000 0.000000 0.947466 -0.319856 0.066930 0.000000 0.319856 0.947466 0.057443 0.000000 0.000000 0.000000 1.000000
1.000000 0.000000 0.000000 0.000000 -0.000000 0.947466 -0.319856 0.066930 0.000000 0.319856 0.947466 0.057443 0.000000 0.000000 0.000000 1.000000
1.000000 0.000000 0.000000 0.000000 0.000000 0.946836 -0.321717 0.066930 0.000000 0.321717 0.946836 0.057443 0.000000 0.000000 0.000000 1.000000
