<?xml version="1.0" encoding="utf-8"?>
<COLLADA xmlns="http://www.collada.org/2005/11/COLLADASchema" version="1.4.1">
  <asset><contributor><author></author><authoring_tool>FBX COLLADA exporter</authoring_tool><comments></comments></contributor><created>2013-05-27T10:47:15Z</created><keywords></keywords><modified>2013-05-27T10:47:15Z</modified><revision></revision><subject></subject><title></title><unit meter="0.010000" name="centimeter"></unit><up_axis>Y_UP</up_axis></asset>
  <library_animations>
    <animation id="root-anim" name="root"><animation><source id="root-Matrix-animation-input"><float_array id="root-Matrix-animation-input-array" count="44">

0.033333 0.066667 0.100000 0.133333 0.166667 0.200000 0.233333 0.266667 0.300000 0.333333 0.366667 0.400000 0.433333 0.466667 0.500000 0.533333
0.566667 0.600000 0.633333 0.666667 0.700000 0.733333 0.766667 0.800000 0.833333 0.866667 0.900000 0.933333 0.966667 1.000000 1.033333 1.066667
1.100000 1.133333 1.166667 1.200000 1.233333 1.266667 1.300000 1.333333 1.366667 1.400000 1.433333 1.466667</float_array><technique_common><accessor source="#root-Matrix-animation-input-array" count="44"><param name="TIME" type="float"/></accessor></technique_common></source><source id="root-Matrix-animation-output-transform"><float_array id="root-Matrix-animation-output-transform-array" count="704">

1.000000 0.000000 0.000000 0.000000 0.000000 0.868923 -0.494947 0.187449 0.000000 0.494947 0.868923 -0.034251 0.000000 0.000000 0.000000 1.000000
1.000000 0.000000 0.000000 0.000000 0.000000 0.868923 -0.494947 0.187217 0.000000 0.494947 0.868923 -0.034275 0.000000 0.000000 0.000000 1.000000
1.000000 0.000000 0.000000 0.000000 0.000000 0.868923 -0.494947 0.186960 0.000000 0.494947 0.868923 -0.034302 0.000000 0.000000 0.000000 1.000000
1.000000 0.000000 0.000000 0.000000 0.000000 0.868923 -0.494947 0.186685 0.000000 0.494947 0.868923 -0.034330 0.000000 0.000000 0.000000 1.000000
1.000000 0.000000 0.000000 0.000000 0.000000 0.868923 -0.494947 0.186399 0.000000 0.494947 0.868923 -0.034360 0.000000 0.000000 0.000000 1.000000
1.000000 0.000000 0.000000 0.000000 0.000000 0.868923 -0.494947 0.186111 0.000000 0.494947 0.868923 -0.034390 0.000000 0.000000 0.000000 1.000000
1.000000 0.000000 0.000000 0.000000 0.000000 0.868923 -0.494947 0.185828 0.000000 0.494947 0.868923 -0.034420 0.000000 0.000000 0.000000 1.000000
1.000000 0.000000 0.000000 0.000000 0.000000 0.868923 -0.494947 0.185558 0.000000 0.494947 0.868923 -0.034448 0.000000 0.000000 0.000000 1.000000
1.000000 0.000000 0.000000 0.000000 0.000000 0.868923 -0.494947 0.185308 0.000000 0.494947 0.868923 -0.034474 0.000000 0.000000 0.000000 1.000000
1.000000 0.000000 0.000000 0.000000 0.000000 0.868923 -0.494947 0.185086 0.000000 0.494947 0.868923 -0.034497 0.000000 0.000000 0.000000 1.000000
1.000000 0.000000 0.000000 0.000000 0.000000 0.868923 -0.494947 0.184901 0.000000 0.494947 0.868923 -0.034517 0.000000 0.000000 0.000000 1.000000
1.000000 0.000000 0.000000 0.000000 0.000000 0.868923 -0.494947 0.184759 0.000000 0.494947 0.868923 -0.034532 0.000000 0.000000 0.000000 1.000000
1.000000 0.000000 0.000000 0.000000 0.000000 0.868923 -0.494947 0.184668 0.000000 0.494947 0.868923 -0.034541 0.000000 0.000000 0.000000 1.000000
1.000000 0.000000 0.000000 0.000000 0.000000 0.868923 -0.494947 0.184636 0.000000 0.494947 0.868923 -0.034544 0.000000 0.000000 0.000000 1.000000
1.000000 0.000000 0.000000 0.000000 0.000000 0.868923 -0.494947 0.184673 0.000000 0.494947 0.868923 -0.034545 0.000000 0.000000 0.000000 1.000000
1.000000 0.000000 0.000000 0.000000 0.000000 0.868923 -0.494947 0.184780 0.000000 0.494947 0.868923 -0.034546 0.000000 0.000000 0.000000 1.000000
1.000000 0.000000 0.000000 0.000000 0.000000 0.868923 -0.494947 0.184948 0.000000 0.494947 0.868923 -0.034548 0.000000 0.000000 0.000000 1.000000
1.000000 0.000000 0.000000 0.000000 0.000000 0.868923 -0.494947 0.185169 0.000000 0.494947 0.868923 -0.034551 0.000000 0.000000 0.000000 1.000000
1.000000 0.000000 0.000000 0.000000 0.000000 0.868923 -0.494947 0.185434 0.000000 0.494947 0.868923 -0.034555 0.000000 0.000000 0.000000 1.000000
1.000000 0.000000 0.000000 0.000000 0.000000 0.868923 -0.494947 0.185737 0.000000 0.494947 0.868923 -0.034559 0.000000 0.000000 0.000000 1.000000
1.000000 0.000000 0.000000 0.000000 0.000000 0.868923 -0.494947 0.186068 0.000000 0.494947 0.868923 -0.034563 0.000000 0.000000 0.000000 1.000000
1.000000 0.000000 0.000000 0.000000 0.000000 0.868923 -0.494947 0.186419 0.000000 0.494947 0.868923 -0.034568 0.000000 0.000000 0.000000 1.000000
1.000000 0.000000 0.000000 0.000000 0.000000 0.868923 -0.494947 0.186783 0.000000 0.494947 0.868923 -0.034573 0.000000 0.000000 0.000000 1.000000
1.000000 0.000000 0.000000 0.000000 0.000000 0.868923 -0.494947 0.187151 0.000000 0.494947 0.868923 -0.034578 0.000000 0.000000 0.000000 1.000000
1.000000 0.000000 0.000000 0.000000 0.000000 0.868923 -0.494947 0.187514 0.000000 0.494947 0.868923 -0.034583 0.000000 0.000000 0.000000 1.000000
1.000000 0.000000 0.000000 0.000000 0.000000 0.868923 -0.494947 0.187866 0.000000 0.494947 0.868923 -0.034587 0.000000 0.000000 0.000000 1.000000
1.000000 0.000000 0.000000 0.000000 0.000000 0.868923 -0.494947 0.188197 0.000000 0.494947 0.868923 -0.034592 0.000000 0.000000 0.000000 1.000000
1.000000 0.000000 0.000000 0.000000 0.000000 0.868923 -0.494947 0.188499 0.000000 0.494947 0.868923 -0.034596 0.000000 0.000000 0.000000 1.000000
1.000000 0.000000 0.000000 0.000000 0.000000 0.868923 -0.494947 0.188765 0.000000 0.494947 0.868923 -0.034599 0.000000 0.000000 0.000000 1.000000
1.000000 0.000000 0.000000 0.000000 0.000000 0.868923 -0.494947 0.188986 0.000000 0.494947 0.868923 -0.034602 0.000000 0.000000 0.000000 1.000000
1.000000 0.000000 0.000000 0.000000 0.000000 0.868923 -0.494947 0.189154 0.000000 0.494947 0.868923 -0.034605 0.000000 0.000000 0.000000 1.000000
1.000000 0.000000 0.000000 0.000000 0.000000 0.868923 -0.494947 0.189260 0.000000 0.494947 0.868923 -0.034606 0.000000 0.000000 0.000000 1.000000
1.000000 0.000000 0.000000 0.000000 0.000000 0.868923 -0.494947 0.189298 0.000000 0.494947 0.868923 -0.034606 0.000000 0.000000 0.000000 1.000000
1.000000 0.000000 0.000000 0.000000 0.000000 0.868923 -0.494947 0.189269 0.000000 0.494947 0.868923 -0.034601 0.000000 0.000000 0.000000 1.000000
1.000000 0.000000 0.000000 0.000000 0.000000 0.868923 -0.494947 0.189187 0.000000 0.494947 0.868923 -0.034585 0.000000 0.000000 0.000000 1.000000
1.000000 0.000000 0.000000 0.000000 0.000000 0.868923 -0.494947 0.189060 0.000000 0.494947 0.868923 -0.034561 0.000000 0.000000 0.000000 1.000000
1.000000 0.000000 0.000000 0.000000 0.000000 0.868923 -0.494947 0.188898 0.000000 0.494947 0.868923 -0.034529 0.000000 0.000000 0.000000 1.000000
1.000000 0.000000 0.000000 0.000000 0.000000 0.868923 -0.494947 0.188708 0.000000 0.494947 0.868923 -0.034493 0.000000 0.000000 0.000000 1.000000
1.000000 0.000000 0.000000 0.000000 0.000000 0.868923 -0.494947 0.188498 0.000000 0.494947 0.868923 -0.034452 0.000000 0.000000 0.000000 1.000000
1.000000 0.000000 0.000000 0.000000 0.000000 0.868923 -0.494947 0.188277 0.000000 0.494947 0.868923 -0.034410 0.000000 0.000000 0.000000 1.000000
1.000000 0.000000 0.000000 0.000000 0.000000 0.868923 -0.494947 0.188053 0.000000 0.494947 0.868923 -0.034367 0.000000 0.000000 0.000000 1.000000
1.000000 0.000000 0.000000 0.000000 0.000000 0.868923 -0.494947 0.187835 0.000000 0.494947 0.868923 -0.034325 0.000000 0.000000 0.000000 1.000000
1.000000 0.000000 0.000000 0.000000 0.000000 0.868923 -0.494947 0.187631 0.000000 0.494947 0.868923 -0.034286 0.000000 0.000000 0.000000 1.000000
1.000000 0.000000 0.000000 0.000000 0.000000 1.000000 0.000000 0.194113 0.000000 0.000000 1.000000 -0.034003 0.000000 0.000000 0.000000 1.000000</float_array><technique_common><accessor source="#root-Matrix-animation-output-transform-array" count="44" stride="16"><param type="float4x4"/></accessor></technique_common></source><source id="root-Interpolations"><Name_array id="root-Interpolations-array" count="44">
 LINEAR LINEAR LINEAR LINEAR LINEAR LINEAR LINEAR LINEAR LINEAR LINEAR LINEAR
LINEAR LINEAR LINEAR LINEAR LINEAR LINEAR LINEAR LINEAR LINEAR LINEAR LINEAR LINEAR
LINEAR LINEAR LINEAR LINEAR LINEAR LINEAR LINEAR LINEAR LINEAR LINEAR LINEAR LINEAR
LINEAR LINEAR LINEAR LINEAR LINEAR LINEAR LINEAR LINEAR LINEAR</Name_array><technique_common><accessor source="#root-Interpolations-array" count="44"><param type="name"/></accessor></technique_common></source><sampler id="root-Matrix-animation-transform"><input semantic="INPUT" source="#root-Matrix-animation-input"/><input semantic="OUTPUT" source="#root-Matrix-animation-output-transform"/><input semantic="INTERPOLATION" source="#root-Interpolations"/></sampler><channel source="#root-Matrix-animation-transform" target="root/matrix"/></animation><animation><source id="root-visibility-animation-input"><float_array id="root-visibility-animation-input-array" count="44">

0.033333 0.066667 0.100000 0.133333 0.166667 0.200000 0.233333 0.266667 0.300000 0.333333 0.366667 0.400000 0.433333 0.466667 0.500000 0.533333
0.566667 0.600000 0.633333 0.666667 0.700000 0.733333 0.766667 0.800000 0.833333 0.866667 0.900000 0.933333 0.966667 1.000000 1.033333 1.066667
1.100000 1.133333 1.166667 1.200000 1.233333 1.266667 1.300000 1.333333 1.366667 1.400000 1.433333 1.466667</float_array><technique_common><accessor source="#root-visibility-animation-input-array" count="44"><param name="TIME" type="float"/></accessor></technique_common></source><source id="root-visibility-animation-output"><float_array id="root-visibility-animation-output-array" count="44">

1.000000 1.000000 1.000000 1.000000 1.000000 1.000000 1.000000 1.000000 1.000000 1.000000 1.000000 1.000000 1.000000 1.000000 1.000000 1.000000
1.000000 1.000000 1.000000 1.000000 1.000000 1.000000 1.000000 1.000000 1.000000 1.000000 1.000000 1.000000 1.000000 1.000000 1.000000 1.000000
1.000000 1.000000 1.000000 1.000000 1.000000 1.000000 1.000000 1.000000 1.000000 1.000000 1.000000 1.000000</float_array><technique_common><accessor source="#root-visibility-animation-output-array" count="44"><param type="float"/></accessor></technique_common></source><source id="root-visibility-animation-intan"><float_array id="root-visibility-animation-intan-array" count="44">

0.000000 0.000000 0.000000 0.000000 0.000000 0.000000 0.000000 0.000000 0.000000 0.000000 0.000000 0.000000 0.000000 0.000000 0.000000 0.000000
0.000000 0.000000 0.000000 0.000000 0.000000 0.000000 0.000000 0.000000 0.000000 0.000000 0.000000 0.000000 0.000000 0.000000 0.000000 0.000000
0.000000 0.000000 0.000000 0.000000 0.000000 0.000000 0.000000 0.000000 0.000000 0.000000 0.000000 0.000000</float_array><technique_common><accessor source="#root-visibility-animation-intan-array" count="44"><param type="float"/></accessor></technique_common></source><source id="root-visibility-animation-outtan"><float_array id="root-visibility-animation-outtan-array" count="44">

0.000000 0.000000 0.000000 0.000000 0.000000 0.000000 0.000000 0.000000 0.000000 0.000000 0.000000 0.000000 0.000000 0.000000 0.000000 0.000000
0.000000 0.000000 0.000000 0.000000 0.000000 0.000000 0.000000 0.000000 0.000000 0.000000 0.000000 0.000000 0.000000 0.000000 0.000000 0.000000
0.000000 0.000000 0.000000 0.000000 0.000000 0.000000 0.000000 0.000000 0.000000 0.000000 0.000000 0.000000</float_array><technique_common><accessor source="#root-visibility-animation-outtan-array" count="44"><param type="float"/></accessor></technique_common></source><source id="root-visibility-animation-interpolation"><Name_array id="root-visibility-animation-interpolation-array" count="44">
 BEZIER BEZIER BEZIER BEZIER BEZIER BEZIER BEZIER BEZIER BEZIER BEZIER BEZIER
BEZIER BEZIER BEZIER BEZIER BEZIER BEZIER BEZIER BEZIER BEZIER BEZIER BEZIER BEZIER
BEZIER BEZIER BEZIER BEZIER BEZIER BEZIER BEZIER BEZIER BEZIER BEZIER BEZIER BEZIER
BEZIER BEZIER BEZIER BEZIER BEZIER BEZIER BEZIER BEZIER STEP</Name_array><technique_common><accessor source="#root-visibility-animation-interpolation-array" count="44"><param type="name"/></accessor></technique_common></source><sampler id="root-visibility-animation"><input semantic="INPUT" source="#root-visibility-animation-input"/><input semantic="OUTPUT" source="#root-visibility-animation-output"/><input semantic="IN_TANGENT" source="#root-visibility-animation-intan"/><input semantic="OUT_TANGENT" source="#root-visibility-animation-outtan"/><input semantic="INTERPOLATION" source="#root-visibility-animation-interpolation"/></sampler><channel source="#root-visibility-animation" target="root/visibility"/></animation></animation>
    <animation id="spine0-anim" name="spine0"><animation><source id="spine0-Matrix-animation-input"><float_array id="spine0-Matrix-animation-input-array" count="44">

0.033333 0.066667 0.100000 0.133333 0.166667 0.200000 0.233333 0.266667 0.300000 0.333333 0.366667 0.400000 0.433333 0.466667 0.500000 0.533333
0.566667 0.600000 0.633333 0.666667 0.700000 0.733333 0.766667 0.800000 0.833333 0.866667 0.900000 0.933333 0.966667 1.000000 1.033333 1.066667
1.100000 1.133333 1.166667 1.200000 1.233333 1.266667 1.300000 1.333333 1.366667 1.400000 1.433333 1.466667</float_array><technique_common><accessor source="#spine0-Matrix-animation-input-array" count="44"><param name="TIME" type="float"/></accessor></technique_common></source><source id="spine0-Matrix-animation-output-transform"><float_array id="spine0-Matrix-animation-output-transform-array" count="704">

1.000000 0.000000 0.000000 0.000000 0.000000 0.947551 -0.319603 0.066930 0.000000 0.319603 0.947551 0.057443 0.000000 0.000000 0.000000 1.000000
1.000000 0.000000 0.000000 0.000000 0.000000 0.947601 -0.319455 0.066930 0.000000 0.319455 0.947601 0.057443 0.000000 0.000000 0.000000 1.000000
1.000000 0.000000 0.000000 0.000000 0.000000 0.947746 -0.319027 0.066930 0.000000 0.319027 0.947746 0.057443 0.000000 0.000000 0.000000 1.000000
1.000000 0.000000 0.000000 0.000000 0.000000 0.947975 -0.318345 0.066930 0.000000 0.318345 0.947975 0.057443 0.000000 0.000000 0.000000 1.000000
1.000000 0.000000 0.000000 0.000000 0.000000 0.948281 -0.317433 0.066930 0.000000 0.317433 0.948281 0.057443 0.000000 0.000000 0.000000 1.000000
1.000000 0.000000 0.000000 0.000000 0.000000 0.948653 -0.316318 0.066930 0.000000 0.316318 0.948653 0.057443 0.000000 0.000000 0.000000 1.000000
1.000000 0.000000 0.000000 0.000000 0.000000 0.949084 -0.315023 0.066930 0.000000 0.315023 0.949084 0.057443 0.000000 0.000000 0.000000 1.000000
1.000000 0.000000 0.000000 0.000000 0.000000 0.949563 -0.313576 0.066930 0.000000 0.313576 0.949563 0.057443 0.000000 0.000000 0.000000 1.000000
1.000000 0.000000 0.000000 0.000000 0.000000 0.950082 -0.312000 0.066930 0.000000 0.312000 0.950082 0.057443 0.000000 0.000000 0.000000 1.000000
1.000000 0.000000 0.000000 0.000000 0.000000 0.950632 -0.310322 0.066930 0.000000 0.310322 0.950632 0.057443 0.000000 0.000000 0.000000 1.000000
1.000000 0.000000 0.000000 0.000000 0.000000 0.951203 -0.308566 0.066930 0.000000 0.308566 0.951203 0.057443 0.000000 0.000000 0.000000 1.000000
1.000000 0.000000 0.000000 0.000000 0.000000 0.951788 -0.306757 0.066930 0.000000 0.306757 0.951788 0.057443 0.000000 0.000000 0.000000 1.000000
1.000000 0.000000 0.000000 0.000000 0.000000 0.952377 -0.304923 0.066930 0.000000 0.304923 0.952377 0.057443 0.000000 0.000000 0.000000 1.000000
1.000000 0.000000 0.000000 0.000000 0.000000 0.952963 -0.303087 0.066930 0.000000 0.303087 0.952963 0.057443 0.000000 0.000000 0.000000 1.000000
1.000000 0.000000 0.000000 0.000000 0.000000 0.953537 -0.301275 0.066930 0.000000 0.301275 0.953537 0.057443 0.000000 0.000000 0.000000 1.000000
1.000000 0.000000 0.000000 0.000000 0.000000 0.954092 -0.299513 0.066930 0.000000 0.299513 0.954092 0.057443 0.000000 0.000000 0.000000 1.000000
1.000000 0.000000 0.000000 0.000000 0.000000 0.954620 -0.297828 0.066930 0.000000 0.297828 0.954620 0.057443 0.000000 0.000000 0.000000 1.000000
1.000000 0.000000 0.000000 0.000000 0.000000 0.955112 -0.296244 0.066930 0.000000 0.296244 0.955112 0.057443 0.000000 0.000000 0.000000 1.000000
1.000000 0.000000 0.000000 0.000000 0.000000 0.955563 -0.294787 0.066930 0.000000 0.294787 0.955563 0.057443 0.000000 0.000000 0.000000 1.000000
1.000000 0.000000 0.000000 0.000000 0.000000 0.955964 -0.293484 0.066930 0.000000 0.293484 0.955964 0.057443 0.000000 0.000000 0.000000 1.000000
1.000000 0.000000 0.000000 0.000000 0.000000 0.956309 -0.292359 0.066930 0.000000 0.292359 0.956309 0.057443 0.000000 0.000000 0.000000 1.000000
1.000000 0.000000 0.000000 0.000000 0.000000 0.956589 -0.291440 0.066930 0.000000 0.291440 0.956589 0.057443 0.000000 0.000000 0.000000 1.000000
1.000000 0.000000 0.000000 0.000000 0.000000 0.956799 -0.290751 0.066930 0.000000 0.290751 0.956799 0.057443 0.000000 0.000000 0.000000 1.000000
1.000000 0.000000 0.000000 0.000000 0.000000 0.956930 -0.290319 0.066930 0.000000 0.290319 0.956930 0.057443 0.000000 0.000000 0.000000 1.000000
1.000000 0.000000 0.000000 0.000000 0.000000 0.956975 -0.290169 0.066930 0.000000 0.290169 0.956975 0.057443 0.000000 0.000000 0.000000 1.000000
1.000000 0.000000 0.000000 0.000000 0.000000 0.956903 -0.290406 0.066930 0.000000 0.290406 0.956903 0.057443 0.000000 0.000000 0.000000 1.000000
1.000000 0.000000 0.000000 0.000000 0.000000 0.956698 -0.291083 0.066930 0.000000 0.291083 0.956698 0.057443 0.000000 0.000000 0.000000 1.000000
1.000000 0.000000 0.000000 0.000000 0.000000 0.956373 -0.292148 0.066930 0.000000 0.292148 0.956373 0.057443 0.000000 0.000000 0.000000 1.000000
1.000000 0.000000 0.000000 0.000000 0.000000 0.955944 -0.293548 0.066930 0.000000 0.293548 0.955944 0.057443 0.000000 0.000000 0.000000 1.000000
1.000000 0.000000 0.000000 0.000000 0.000000 0.955426 -0.295232 0.066930 0.000000 0.295232 0.955426 0.057443 0.000000 0.000000 0.000000 1.000000
1.000000 0.000000 0.000000 0.000000 0.000000 0.954832 -0.297147 0.066930 0.000000 0.297147 0.954832 0.057443 0.000000 0.000000 0.000000 1.000000
1.000000 0.000000 0.000000 0.000000 0.000000 0.954177 -0.299242 0.066930 0.000000 0.299242 0.954177 0.057443 0.000000 0.000000 0.000000 1.000000
1.000000 0.000000 0.000000 0.000000 0.000000 0.953478 -0.301464 0.066930 0.000000 0.301464 0.953478 0.057443 0.000000 0.000000 0.000000 1.000000
1.000000 0.000000 0.000000 0.000000 0.000000 0.952748 -0.303762 0.066930 0.000000 0.303762 0.952748 0.057443 0.000000 0.000000 0.000000 1.000000
1.000000 0.000000 0.000000 0.000000 0.000000 0.952005 -0.306083 0.066930 0.000000 0.306083 0.952005 0.057443 0.000000 0.000000 0.000000 1.000000
1.000000 0.000000 0.000000 0.000000 0.000000 0.951264 -0.308377 0.066930 0.000000 0.308377 0.951264 0.057443 0.000000 0.000000 0.000000 1.000000
1.000000 0.000000 0.000000 0.000000 0.000000 0.950543 -0.310593 0.066930 0.000000 0.310593 0.950543 0.057443 0.000000 0.000000 0.000000 1.000000
1.000000 0.000000 0.000000 0.000000 0.000000 0.949859 -0.312678 0.066930 0.000000 0.312678 0.949859 0.057443 0.000000 0.000000 0.000000 1.000000
1.000000 0.000000 0.000000 0.000000 0.000000 0.949230 -0.314582 0.066930 0.000000 0.314582 0.949230 0.057443 0.000000 0.000000 0.000000 1.000000
1.000000 0.000000 0.000000 0.000000 0.000000 0.948675 -0.316254 0.066930 0.000000 0.316254 0.948675 0.057443 0.000000 0.000000 0.000000 1.000000
1.000000 0.000000 0.000000 0.000000 0.000000 0.948210 -0.317643 0.066930 0.000000 0.317643 0.948210 0.057443 0.000000 0.000000 0.000000 1.000000
1.000000 0.000000 0.000000 0.000000 0.000000 0.947856 -0.318698 0.066930 0.000000 0.318698 0.947856 0.057443 0.000000 0.000000 0.000000 1.000000
1.000000 0.000000 0.000000 0.000000 0.000000 0.947631 -0.319368 0.066930 0.000000 0.319368 0.947631 0.057443 0.000000 0.000000 0.000000 1.000000
1.000000 0.000000 0.000000 0.000000 0.000000 1.000000 0.000000 0.066930 0.000000 0.000000 1.000000 0.057443 0.000000 0.000000 0.000000 1.000000</float_array><technique_common><accessor source="#spine0-Matrix-animation-output-transform-array" count="44" stride="16"><param type="float4x4"/></accessor></technique_common></source><source id="spine0-Interpolations"><Name_array id="spine0-Interpolations-array" count="44">
 LINEAR LINEAR LINEAR LINEAR LINEAR LINEAR LINEAR LINEAR LINEAR LINEAR LINEAR
LINEAR LINEAR LINEAR LINEAR LINEAR LINEAR LINEAR LINEAR LINEAR LINEAR LINEAR LINEAR
LINEAR LINEAR LINEAR LINEAR LINEAR LINEAR LINEAR LINEAR LINEAR LINEAR LINEAR LINEAR
LINEAR LINEAR LINEAR LINEAR LINEAR LINEAR LINEAR LINEAR LINEAR</Name_array><technique_common><accessor source="#spine0-Interpolations-array" count="44"><param type="name"/></accessor></technique_common></source><sampler id="spine0-Matrix-animation-transform"><input semantic="INPUT" source="#spine0-Matrix-animation-input"/><input semantic="OUTPUT" source="#spine0-Matrix-animation-output-transform"/><input semantic="INTERPOLATION" source="#spine0-Interpolations"/></sampler><channel source="#spine0-Matrix-animation-transform" target="spine0/matrix"/></animation><animation><source id="spine0-visibility-animation-input"><float_array id="spine0-visibility-animation-input-array" count="44">

0.033333 0.066667 0.100000 0.133333 0.166667 0.200000 0.233333 0.266667 0.300000 0.333333 0.366667 0.400000 0.433333 0.466667 0.500000 0.533333
0.566667 0.600000 0.633333 0.666667 0.700000 0.733333 0.766667 0.800000 0.833333 0.866667 0.900000 0.933333 0.966667 1.000000 1.033333 1.066667
1.100000 1.133333 1.166667 1.200000 1.233333 1.266667 1.300000 1.333333 1.366667 1.400000 1.433333 1.466667</float_array><technique_common><accessor source="#spine0-visibility-animation-input-array" count="44"><param name="TIME" type="float"/></accessor></technique_common></source><source id="spine0-visibility-animation-output"><float_array id="spine0-visibility-animation-output-array" count="44">

1.000000 1.000000 1.000000 1.000000 1.000000 1.000000 1.000000 1.000000 1.000000 1.000000 1.000000 1.000000 1.000000 1.000000 1.000000 1.000000
1.000000 1.000000 1.000000 1.000000 1.000000 1.000000 1.000000 1.000000 1.000000 1.000000 1.000000 1.000000 1.000000 1.000000 1.000000 1.000000
1.000000 1.000000 1.000000 1.000000 1.000000 1.000000 1.000000 1.000000 1.000000 1.000000 1.000000 1.000000</float_array><technique_common><accessor source="#spine0-visibility-animation-output-array" count="44"><param type="float"/></accessor></technique_common></source><source id="spine0-visibility-animation-intan"><float_array id="spine0-visibility-animation-intan-array" count="44">

0.000000 0.000000 0.000000 0.000000 0.000000 0.000000 0.000000 0.000000 0.000000 0.000000 0.000000 0.000000 0.000000 0.000000 0.000000 0.000000
0.000000 0.000000 0.000000 0.000000 0.000000 0.000000 0.000000 0.000000 0.000000 0.000000 0.000000 0.000000 0.000000 0.000000 0.000000 0.000000
0.000000 0.000000 0.000000 0.000000 0.000000 0.000000 0.000000 0.000000 0.000000 0.000000 0.000000 0.000000</float_array><technique_common><accessor source="#spine0-visibility-animation-intan-array" count="44"><param type="float"/></accessor></technique_common></source><source id="spine0-visibility-animation-outtan"><float_array id="spine0-visibility-animation-outtan-array" count="44">

0.000000 0.000000 0.000000 0.000000 0.000000 0.000000 0.000000 0.000000 0.000000 0.000000 0.000000 0.000000 0.000000 0.000000 0.000000 0.000000
0.000000 0.000000 0.000000 0.000000 0.000000 0.000000 0.000000 0.000000 0.000000 0.000000 0.000000 0.000000 0.000000 0.000000 0.000000 0.000000
0.000000 0.000000 0.000000 0.000000 0.000000 0.000000 0.000000 0.000000 0.000000 0.000000 0.000000 0.000000</float_array><technique_common><accessor source="#spine0-visibility-animation-outtan-array" count="44"><param type="float"/></accessor></technique_common></source><source id="spine0-visibility-animation-interpolation"><Name_array id="spine0-visibility-animation-interpolation-array" count="44">
 BEZIER BEZIER BEZIER BEZIER BEZIER BEZIER BEZIER BEZIER BEZIER BEZIER BEZIER
BEZIER BEZIER BEZIER BEZIER BEZIER BEZIER BEZIER BEZIER BEZIER BEZIER BEZIER BEZIER
BEZIER BEZIER BEZIER BEZIER BEZIER BEZIER BEZIER BEZIER BEZIER BEZIER BEZIER BEZIER
BEZIER BEZIER BEZIER BEZIER BEZIER BEZIER BEZIER BEZIER STEP</Name_array><technique_common><accessor source="#spine0-visibility-animation-interpolation-array" count="44"><param type="name"/></accessor></technique_common></source><sampler id="spine0-visibility-animation"><input semantic="INPUT" source="#spine0-visibility-animation-input"/><input semantic="OUTPUT" source="#spine0-visibility-animation-output"/><input semantic="IN_TANGENT" source="#spine0-visibility-animation-intan"/><input semantic="OUT_TANGENT" source="#spine0-visibility-animation-outtan"/><input semantic="INTERPOLATION" source="#spine0-visibility-animation-interpolation"/></sampler><channel source="#spine0-visibility-animation" target="spine0/visibility"/></animation></animation>
    <animation id="spine1-anim" name="spine1"><animation><source id="spine1-Matrix-animation-input"><float_array id="spine1-Matrix-animation-input-array" count="44">

0.033333 0.066667 0.100000 0.133333 0.166667 0.200000 0.233333 0.266667 0.300000 0.333333 0.366667 0.400000 0.433333 0.466667 0.500000 0.533333
0.566667 0.600000 0.633333 0.666667 0.700000 0.733333 0.766667 0.800000 0.833333 0.866667 0.900000 0.933333 0.966667 1.000000 1.033333 1.066667
1.100000 1.133333 1.166667 1.200000 1.233333 1.266667 1.300000 1.333333 1.366667 1.400000 1.433333 1.466667</float_array><technique_common><accessor source="#spine1-Matrix-animation-input-array" count="44"><param name="TIME" type="float"/></accessor></technique_common></source><source id="spine1-Matrix-animation-output-transform"><float_array id="spine1-Matrix-animation-output-transform-array" count="704">

1.000000 0.000000 0.000000 0.000000 0.000000 0.988423 0.151722 0.014644 0.000000 -0.151722 0.988423 0.038067 0.000000 0.000000 0.000000 1.000000
1.000000 0.000000 0.000000 0.000000 0.000000 0.988423 0.151722 0.014644 0.000000 -0.151722 0.988423 0.038067 0.000000 0.000000 0.000000 1.000000
1.000000 0.000000 0.000000 0.000000 0.000000 0.988423 0.151722 0.014644 0.000000 -0.151722 0.988423 0.038067 0.000000 0.000000 0.000000 1.000000
1.000000 0.000000 0.000000 0.000000 0.000000 0.988423 0.151722 0.014644 0.000000 -0.151722 0.988423 0.038067 0.000000 0.000000 0.000000 1.000000
1.000000 0.000000 0.000000 0.000000 0.000000 0.988423 0.151722 0.014644 0.000000 -0.151722 0.988423 0.038067 0.000000 0.000000 0.000000 1.000000
1.000000 0.000000 0.000000 0.000000 0.000000 0.988423 0.151722 0.014644 0.000000 -0.151722 0.988423 0.038067 0.000000 0.000000 0.000000 1.000000
1.000000 0.000000 0.000000 0.000000 0.000000 0.988423 0.151722 0.014644 0.000000 -0.151722 0.988423 0.038067 0.000000 0.000000 0.000000 1.000000
1.000000 0.000000 0.000000 0.000000 0.000000 0.988423 0.151722 0.014644 0.000000 -0.151722 0.988423 0.038067 0.000000 0.000000 0.000000 1.000000
1.000000 0.000000 0.000000 0.000000 0.000000 0.988423 0.151722 0.014644 0.000000 -0.151722 0.988423 0.038067 0.000000 0.000000 0.000000 1.000000
1.000000 0.000000 0.000000 0.000000 0.000000 0.988423 0.151722 0.014644 0.000000 -0.151722 0.988423 0.038067 0.000000 0.000000 0.000000 1.000000
1.000000 0.000000 0.000000 0.000000 0.000000 0.988423 0.151722 0.014644 0.000000 -0.151722 0.988423 0.038067 0.000000 0.000000 0.000000 1.000000
1.000000 0.000000 0.000000 0.000000 0.000000 0.988423 0.151722 0.014644 0.000000 -0.151722 0.988423 0.038067 0.000000 0.000000 0.000000 1.000000
1.000000 0.000000 0.000000 0.000000 0.000000 0.988423 0.151722 0.014644 0.000000 -0.151722 0.988423 0.038067 0.000000 0.000000 0.000000 1.000000
1.000000 0.000000 0.000000 0.000000 0.000000 0.988423 0.151722 0.014644 0.000000 -0.151722 0.988423 0.038067 0.000000 0.000000 0.000000 1.000000
1.000000 0.000000 0.000000 0.000000 0.000000 0.988423 0.151722 0.014644 0.000000 -0.151722 0.988423 0.038067 0.000000 0.000000 0.000000 1.000000
1.000000 0.000000 0.000000 0.000000 0.000000 0.988423 0.151722 0.014644 0.000000 -0.151722 0.988423 0.038067 0.000000 0.000000 0.000000 1.000000
1.000000 0.000000 0.000000 0.000000 0.000000 0.988423 0.151722 0.014644 0.000000 -0.151722 0.988423 0.038067 0.000000 0.000000 0.000000 1.000000
1.000000 0.000000 0.000000 0.000000 0.000000 0.988423 0.151722 0.014644 0.000000 -0.151722 0.988423 0.038067 0.000000 0.000000 0.000000 1.000000
1.000000 0.000000 0.000000 0.000000 0.000000 0.988423 0.151722 0.014644 0.000000 -0.151722 0.988423 0.038067 0.000000 0.000000 0.000000 1.000000
1.000000 0.000000 0.000000 0.000000 0.000000 0.988423 0.151722 0.014644 0.000000 -0.151722 0.988423 0.038067 0.000000 0.000000 0.000000 1.000000
1.000000 0.000000 0.000000 0.000000 0.000000 0.988423 0.151722 0.014644 0.000000 -0.151722 0.988423 0.038067 0.000000 0.000000 0.000000 1.000000
1.000000 0.000000 0.000000 0.000000 0.000000 0.988423 0.151722 0.014644 0.000000 -0.151722 0.988423 0.038067 0.000000 0.000000 0.000000 1.000000
1.000000 0.000000 0.000000 0.000000 0.000000 0.988423 0.151722 0.014644 0.000000 -0.151722 0.988423 0.038067 0.000000 0.000000 0.000000 1.000000
1.000000 0.000000 0.000000 0.000000 0.000000 0.988423 0.151722 0.014644 0.000000 -0.151722 0.988423 0.038067 0.000000 0.000000 0.000000 1.000000
1.000000 0.000000 0.000000 0.000000 0.000000 0.988423 0.151722 0.014644 0.000000 -0.151722 0.988423 0.038067 0.000000 0.000000 0.000000 1.000000
1.000000 0.000000 0.000000 0.000000 0.000000 0.988423 0.151722 0.014644 0.000000 -0.151722 0.988423 0.038067 0.000000 0.000000 0.000000 1.000000
1.000000 0.000000 0.000000 0.000000 0.000000 0.988423 0.151722 0.014644 0.000000 -0.151722 0.988423 0.038067 0.000000 0.000000 0.000000 1.000000
1.000000 0.000000 0.000000 0.000000 0.000000 0.988423 0.151722 0.014644 0.000000 -0.151722 0.988423 0.038067 0.000000 0.000000 0.000000 1.000000
1.000000 0.000000 0.000000 0.000000 0.000000 0.988423 0.151722 0.014644 0.000000 -0.151722 0.988423 0.038067 0.000000 0.000000 0.000000 1.000000
1.000000 0.000000 0.000000 0.000000 0.000000 0.988423 0.151722 0.014644 0.000000 -0.151722 0.988423 0.038067 0.000000 0.000000 0.000000 1.000000
1.000000 0.000000 0.000000 0.000000 0.000000 0.988423 0.151722 0.014644 0.000000 -0.151722 0.988423 0.038067 0.000000 0.000000 0.000000 1.000000
1.000000 0.000000 0.000000 0.000000 0.000000 0.988423 0.151722 0.014644 0.000000 -0.151722 0.988423 0.038067 0.000000 0.000000 0.000000 1.000000
1.000000 0.000000 0.000000 0.000000 0.000000 0.988423 0.151722 0.014644 0.000000 -0.151722 0.988423 0.038067 0.000000 0.000000 0.000000 1.000000
1.000000 0.000000 0.000000 0.000000 0.000000 0.988423 0.151722 0.014644 0.000000 -0.151722 0.988423 0.038067 0.000000 0.000000 0.000000 1.000000
1.000000 0.000000 0.000000 0.000000 0.000000 0.988423 0.151722 0.014644 0.000000 -0.151722 0.988423 0.038067 0.000000 0.000000 0.000000 1.000000
1.000000 0.000000 0.000000 0.000000 0.000000 0.988423 0.151722 0.014644 0.000000 -0.151722 0.988423 0.038067 0.000000 0.000000 0.000000 1.000000
1.000000 0.000000 0.000000 0.000000 0.000000 0.988423 0.151722 0.014644 0.000000 -0.151722 0.988423 0.038067 0.000000 0.000000 0.000000 1.000000
1.000000 0.000000 0.000000 0.000000 0.000000 0.988423 0.151722 0.014644 0.000000 -0.151722 0.988423 0.038067 0.000000 0.000000 0.000000 1.000000
1.000000 0.000000 0.000000 0.000000 0.000000 0.988423 0.151722 0.014644 0.000000 -0.151722 0.988423 0.038067 0.000000 0.000000 0.000000 1.000000
1.000000 0.000000 0.000000 0.000000 0.000000 0.988423 0.151722 0.014644 0.000000 -0.151722 0.988423 0.038067 0.000000 0.000000 0.000000 1.000000
1.000000 0.000000 0.000000 0.000000 0.000000 0.988423 0.151722 0.014644 0.000000 -0.151722 0.988423 0.038067 0.000000 0.000000 0.000000 1.000000
1.000000 0.000000 0.000000 0.000000 0.000000 0.988423 0.151722 0.014644 0.000000 -0.151722 0.988423 0.038067 0.000000 0.000000 0.000000 1.000000
1.000000 0.000000 0.000000 0.000000 0.000000 0.988423 0.151722 0.014644 0.000000 -0.151722 0.988423 0.038067 0.000000 0.000000 0.000000 1.000000
1.000000 0.000000 0.000000 0.000000 0.000000 1.000000 0.000000 0.014644 0.000000 0.000000 1.000000 0.038067 0.000000 0.000000 0.000000 1.000000</float_array><technique_common><accessor source="#spine1-Matrix-animation-output-transform-array" count="44" stride="16"><param type="float4x4"/></accessor></technique_common></source><source id="spine1-Interpolations"><Name_array id="spine1-Interpolations-array" count="44">
 LINEAR LINEAR LINEAR LINEAR LINEAR LINEAR LINEAR LINEAR LINEAR LINEAR LINEAR
LINEAR LINEAR LINEAR LINEAR LINEAR LINEAR LINEAR LINEAR LINEAR LINEAR LINEAR LINEAR
LINEAR LINEAR LINEAR LINEAR LINEAR LINEAR LINEAR LINEAR LINEAR LINEAR LINEAR LINEAR
LINEAR LINEAR LINEAR LINEAR LINEAR LINEAR LINEAR LINEAR LINEAR</Name_array><technique_common><accessor source="#spine1-Interpolations-array" count="44"><param type="name"/></accessor></technique_common></source><sampler id="spine1-Matrix-animation-transform"><input semantic="INPUT" source="#spine1-Matrix-animation-input"/><input semantic="OUTPUT" source="#spine1-Matrix-animation-output-transform"/><input semantic="INTERPOLATION" source="#spine1-Interpolations"/></sampler><channel source="#spine1-Matrix-animation-transform" target="spine1/matrix"/></animation><animation><source id="spine1-visibility-animation-input"><float_array id="spine1-visibility-animation-input-array" count="44">

0.033333 0.066667 0.100000 0.133333 0.166667 0.200000 0.233333 0.266667 0.300000 0.333333 0.366667 0.400000 0.433333 0.466667 0.500000 0.533333
0.566667 0.600000 0.633333 0.666667 0.700000 0.733333 0.766667 0.800000 0.833333 0.866667 0.900000 0.933333 0.966667 1.000000 1.033333 1.066667
1.100000 1.133333 1.166667 1.200000 1.233333 1.266667 1.300000 1.333333 1.366667 1.400000 1.433333 1.466667</float_array><technique_common><accessor source="#spine1-visibility-animation-input-array" count="44"><param name="TIME" type="float"/></accessor></technique_common></source><source id="spine1-visibility-animation-output"><float_array id="spine1-visibility-animation-output-array" count="44">

1.000000 1.000000 1.000000 1.000000 1.000000 1.000000 1.000000 1.000000 1.000000 1.000000 1.000000 1.000000 1.000000 1.000000 1.000000 1.000000
1.000000 1.000000 1.000000 1.000000 1.000000 1.000000 1.000000 1.000000 1.000000 1.000000 1.000000 1.000000 1.000000 1.000000 1.000000 1.000000
1.000000 1.000000 1.000000 1.000000 1.000000 1.000000 1.000000 1.000000 1.000000 1.000000 1.000000 1.000000</float_array><technique_common><accessor source="#spine1-visibility-animation-output-array" count="44"><param type="float"/></accessor></technique_common></source><source id="spine1-visibility-animation-intan"><float_array id="spine1-visibility-animation-intan-array" count="44">

0.000000 0.000000 0.000000 0.000000 0.000000 0.000000 0.000000 0.000000 0.000000 0.000000 0.000000 0.000000 0.000000 0.000000 0.000000 0.000000
0.000000 0.000000 0.000000 0.000000 0.000000 0.000000 0.000000 0.000000 0.000000 0.000000 0.000000 0.000000 0.000000 0.000000 0.000000 0.000000
0.000000 0.000000 0.000000 0.000000 0.000000 0.000000 0.000000 0.000000 0.000000 0.000000 0.000000 0.000000</float_array><technique_common><accessor source="#spine1-visibility-animation-intan-array" count="44"><param type="float"/></accessor></technique_common></source><source id="spine1-visibility-animation-outtan"><float_array id="spine1-visibility-animation-outtan-array" count="44">

0.000000 0.000000 0.000000 0.000000 0.000000 0.000000 0.000000 0.000000 0.000000 0.000000 0.000000 0.000000 0.000000 0.000000 0.000000 0.000000
0.000000 0.000000 0.000000 0.000000 0.000000 0.000000 0.000000 0.000000 0.000000 0.000000 0.000000 0.000000 0.000000 0.000000 0.000000 0.000000
0.000000 0.000000 0.000000 0.000000 0.000000 0.000000 0.000000 0.000000 0.000000 0.000000 0.000000 0.000000</float_array><technique_common><accessor source="#spine1-visibility-animation-outtan-array" count="44"><param type="float"/></accessor></technique_common></source><source id="spine1-visibility-animation-interpolation"><Name_array id="spine1-visibility-animation-interpolation-array" count="44">
 BEZIER BEZIER BEZIER BEZIER BEZIER BEZIER BEZIER BEZIER BEZIER BEZIER BEZIER
BEZIER BEZIER BEZIER BEZIER BEZIER BEZIER BEZIER BEZIER BEZIER BEZIER BEZIER BEZIER
BEZIER BEZIER BEZIER BEZIER BEZIER BEZIER BEZIER BEZIER BEZIER BEZIER BEZIER BEZIER
BEZIER BEZIER BEZIER BEZIER BEZIER BEZIER BEZIER BEZIER STEP</Name_array><technique_common><accessor source="#spine1-visibility-animation-interpolation-array" count="44"><param type="name"/></accessor></technique_common></source><sampler id="spine1-visibility-animation"><input semantic="INPUT" source="#spine1-visibility-animation-input"/><input semantic="OUTPUT" source="#spine1-visibility-animation-output"/><input semantic="IN_TANGENT" source="#spine1-visibility-animation-intan"/><input semantic="OUT_TANGENT" source="#spine1-visibility-animation-outtan"/><input semantic="INTERPOLATION" source="#spine1-visibility-animation-interpolation"/></sampler><channel source="#spine1-visibility-animation" target="spine1/visibility"/></animation></animation>
    <animation id="Blend-anim" name="Blend"><animation><source id="Blend-Matrix-animation-input"><float_array id="Blend-Matrix-animation-input-array" count="44">

0.033333 0.066667 0.100000 0.133333 0.166667 0.200000 0.233333 0.266667 0.300000 0.333333 0.366667 0.400000 0.433333 0.466667 0.500000 0.533333
0.566667 0.600000 0.633333 0.666667 0.700000 0.733333 0.766667 0.800000 0.833333 0.866667 0.900000 0.933333 0.966667 1.000000 1.033333 1.066667
1.100000 1.133333 1.166667 1.200000 1.233333 1.266667 1.300000 1.333333 1.366667 1.400000 1.433333 1.466667</float_array><technique_common><accessor source="#Blend-Matrix-animation-input-array" count="44"><param name="TIME" type="float"/></accessor></technique_common></source><source id="Blend-Matrix-animation-output-transform"><float_array id="Blend-Matrix-animation-output-transform-array" count="704">

1.000000 0.000000 0.000000 0.000000 0.000000 0.996682 -0.081400 0.000315 0.000000 0.081400 0.996682 0.033705 0.000000 0.000000 0.000000 1.000000
1.000000 0.000000 0.000000 0.000000 0.000000 0.996845 -0.079368 0.000315 0.000000 0.079368 0.996845 0.033705 0.000000 0.000000 0.000000 1.000000
1.000000 0.000000 0.000000 0.000000 0.000000 0.997006 -0.077321 0.000315 0.000000 0.077321 0.997006 0.033705 0.000000 0.000000 0.000000 1.000000
1.000000 0.000000 0.000000 0.000000 0.000000 0.997152 -0.075418 0.000315 0.000000 0.075418 0.997152 0.033705 0.000000 0.000000 0.000000 1.000000
1.000000 0.000000 0.000000 0.000000 0.000000 0.997272 -0.073817 0.000315 0.000000 0.073817 0.997272 0.033705 0.000000 0.000000 0.000000 1.000000
1.000000 0.000000 0.000000 0.000000 0.000000 0.997355 -0.072677 0.000315 0.000000 0.072677 0.997355 0.033705 0.000000 0.000000 0.000000 1.000000
1.000000 0.000000 0.000000 0.000000 0.000000 0.997393 -0.072156 0.000315 0.000000 0.072156 0.997393 0.033705 0.000000 0.000000 0.000000 1.000000
1.000000 0.000000 0.000000 0.000000 0.000000 0.997375 -0.072413 0.000315 0.000000 0.072413 0.997375 0.033705 0.000000 0.000000 0.000000 1.000000
1.000000 0.000000 0.000000 0.000000 0.000000 0.997287 -0.073605 0.000315 0.000000 0.073605 0.997287 0.033705 0.000000 0.000000 0.000000 1.000000
1.000000 0.000000 0.000000 0.000000 0.000000 0.997118 -0.075869 0.000315 0.000000 0.075869 0.997118 0.033705 0.000000 0.000000 0.000000 1.000000
1.000000 0.000000 0.000000 0.000000 0.000000 0.996863 -0.079149 0.000315 0.000000 0.079149 0.996863 0.033705 0.000000 0.000000 0.000000 1.000000
1.000000 0.000000 0.000000 0.000000 0.000000 0.996523 -0.083312 0.000315 0.000000 0.083312 0.996523 0.033705 0.000000 0.000000 0.000000 1.000000
1.000000 0.000000 0.000000 0.000000 0.000000 0.996100 -0.088229 0.000315 0.000000 0.088229 0.996100 0.033705 0.000000 0.000000 0.000000 1.000000
1.000000 0.000000 0.000000 0.000000 0.000000 0.995594 -0.093766 0.000315 0.000000 0.093766 0.995594 0.033705 0.000000 0.000000 0.000000 1.000000
