<?xml version="1.0" encoding="utf-8"?>
<COLLADA xmlns="http://www.collada.org/2005/11/COLLADASchema" version="1.4.1">
  <asset><contributor><author></author><authoring_tool>FBX COLLADA exporter</authoring_tool><comments></comments></contributor><created>2013-05-27T10:47:13Z</created><keywords></keywords><modified>2013-05-27T10:47:13Z</modified><revision></revision><subject></subject><title></title><unit meter="0.010000" name="centimeter"></unit><up_axis>Y_UP</up_axis></asset>
  <library_animations>
    <animation id="root-anim" name="root"><animation><source id="root-Matrix-animation-input"><float_array id="root-Matrix-animation-input-array" count="63">

0.033333 0.066667 0.100000 0.133333 0.166667 0.200000 0.233333 0.266667 0.300000 0.333333 0.366667 0.400000 0.433333 0.466667 0.500000 0.533333
0.566667 0.600000 0.633333 0.666667 0.700000 0.733333 0.766667 0.800000 0.833333 0.866667 0.900000 0.933333 0.966667 1.000000 1.033333 1.066667
1.100000 1.133333 1.166667 1.200000 1.233333 1.266667 1.300000 1.333333 1.366667 1.400000 1.433333 1.466667 1.500000 1.533333 1.566667 1.600000
1.633333 1.666667 1.700000 1.733333 1.766667 1.800000 1.833333 1.866667 1.900000 1.933333 1.966667 2.000000 2.033333 2.066667 2.100000</float_array><technique_common><accessor source="#root-Matrix-animation-input-array" count="63"><param name="TIME" type="float"/></accessor></technique_common></source><source id="root-Matrix-animation-output-transform"><float_array id="root-Matrix-animation-output-transform-array" count="1008">

1.000000 0.000000 0.000000 0.000000 0.000000 0.868923 -0.494947 0.187449 0.000000 0.494947 0.868923 -0.034251 0.000000 0.000000 0.000000 1.000000
0.999924 0.006386 0.010504 0.000000 -0.000308 0.867214 -0.497935 0.185374 -0.012289 0.497894 0.867151 -0.033550 0.000000 0.000000 0.000000 1.000000
0.999032 0.022851 0.037587 0.000000 -0.000711 0.862755 -0.505622 0.179845 -0.043982 0.505106 0.861936 -0.032035 0.000000 0.000000 0.000000 1.000000
0.996187 0.045321 0.074547 0.000000 -0.000352 0.856558 -0.516050 0.171904 -0.087242 0.514056 0.853308 -0.030591 0.000000 0.000000 0.000000 1.000000
0.990957 0.069705 0.114655 0.000000 0.001232 0.849715 -0.527241 0.162594 -0.134175 0.522615 0.841945 -0.030101 0.000000 0.000000 0.000000 1.000000
0.984211 0.091949 0.151243 0.000000 0.003772 0.843387 -0.537293 0.152956 -0.176960 0.529380 0.829724 -0.031449 0.000000 0.000000 0.000000 1.000000
0.978106 0.108110 0.177825 0.000000 0.006281 0.838754 -0.544475 0.144034 -0.208015 0.533671 0.819711 -0.035517 0.000000 0.000000 0.000000 1.000000
0.975473 0.114348 0.188086 0.000000 0.007400 0.836959 -0.547216 0.136868 -0.219993 0.535186 0.815585 -0.043190 0.000000 0.000000 0.000000 1.000000
0.978602 0.106891 0.175820 -0.001995 0.002103 0.849238 -0.528006 0.151100 -0.205752 0.517078 0.830841 -0.065588 0.000000 0.000000 0.000000 1.000000
0.985878 0.086997 0.143097 -0.007159 -0.008395 0.879077 -0.476606 0.196902 -0.167257 0.468674 0.867392 -0.108404 0.000000 0.000000 0.000000 1.000000
0.993662 0.058394 0.096050 -0.014258 -0.014871 0.915258 -0.402595 0.261093 -0.111419 0.398615 0.910325 -0.164355 0.000000 0.000000 0.000000 1.000000
0.998846 0.024948 0.041036 -0.022059 -0.010603 0.947951 -0.318239 0.330510 -0.046840 0.317437 0.947122 -0.226177 0.000000 0.000000 0.000000 1.000000
0.999840 -0.009297 -0.015291 -0.029328 0.005376 0.971049 -0.238820 0.391982 0.017069 0.238699 0.970943 -0.286598 0.000000 0.000000 0.000000 1.000000
0.996996 -0.040234 -0.066178 -0.034833 0.027682 0.983152 -0.180683 0.432342 0.072333 0.178308 0.981312 -0.338347 0.000000 0.000000 0.000000 1.000000
0.992421 -0.063837 -0.105003 -0.037340 0.046595 0.986154 -0.159150 0.438422 0.113709 0.153051 0.981655 -0.374155 0.000000 0.000000 0.000000 1.000000
0.988420 -0.078830 -0.129664 -0.037825 0.055943 0.983589 -0.171530 0.411505 0.141058 0.162290 0.976609 -0.400047 0.000000 0.000000 0.000000 1.000000
0.985452 -0.088289 -0.145222 -0.038120 0.057782 0.977626 -0.202261 0.366908 0.159831 0.190927 0.968505 -0.426478 0.000000 0.000000 0.000000 1.000000
0.983207 -0.094803 -0.155937 -0.038271 0.054262 0.967701 -0.246192 0.312500 0.174240 0.233596 0.956595 -0.452830 0.000000 0.000000 0.000000 1.000000
0.980946 -0.100926 -0.166009 -0.038327 0.047614 0.953309 -0.298221 0.256173 0.188356 0.284634 0.939950 -0.478471 0.000000 0.000000 0.000000 1.000000
0.977661 -0.109191 -0.179602 -0.038335 0.039491 0.934683 -0.353281 0.205796 0.206446 0.338296 0.918115 -0.502783 0.000000 0.000000 0.000000 1.000000
0.971125 -0.123935 -0.203854 -0.038335 0.019347 0.892575 -0.450485 0.154200 0.237786 0.433533 0.869199 -0.526363 0.000000 0.000000 0.000000 1.000000
0.965518 -0.135242 -0.222452 -0.038335 -0.006403 0.841885 -0.539620 0.124991 0.260258 0.522437 0.811989 -0.538225 0.000000 0.000000 0.000000 1.000000
0.963846 -0.138422 -0.227683 -0.038335 -0.019618 0.815294 -0.578715 0.129828 0.265736 0.562259 0.783103 -0.537780 0.000000 0.000000 0.000000 1.000000
0.962355 -0.141195 -0.232244 -0.038335 -0.029900 0.794295 -0.606796 0.140471 0.270147 0.590897 0.760172 -0.536802 0.000000 0.000000 0.000000 1.000000
0.961075 -0.143528 -0.236081 -0.038335 -0.036646 0.780708 -0.623820 0.151114 0.273846 0.608189 0.745060 -0.535823 0.000000 0.000000 0.000000 1.000000
0.960039 -0.145387 -0.239140 -0.038335 -0.039300 0.775979 -0.629533 0.155952 0.277094 0.613775 0.739256 -0.535378 0.000000 0.000000 0.000000 1.000000
0.959275 -0.146741 -0.241367 -0.038335 -0.038136 0.779377 -0.625393 0.154886 0.279887 0.609129 0.742041 -0.535674 0.000000 0.000000 0.000000 1.000000
0.958812 -0.147556 -0.242708 -0.038335 -0.034674 0.787284 -0.615615 0.152344 0.281918 0.598674 0.749741 -0.536380 0.000000 0.000000 0.000000 1.000000
0.958674 -0.147798 -0.243106 -0.038335 -0.030331 0.796515 -0.603858 0.149310 0.282886 0.586277 0.759115 -0.537223 0.000000 0.000000 0.000000 1.000000
0.958882 -0.147433 -0.242506 -0.038335 -0.026574 0.804082 -0.593924 0.146769 0.282559 0.575947 0.767102 -0.537929 0.000000 0.000000 0.000000 1.000000
0.959453 -0.146427 -0.240850 -0.038335 -0.024858 0.807194 -0.589763 0.145703 0.280770 0.571837 0.770825 -0.538225 0.000000 0.000000 0.000000 1.000000
0.961360 -0.143011 -0.235232 -0.038335 -0.024278 0.807107 -0.589906 0.147075 0.274221 0.572824 0.772448 -0.536558 0.000000 0.000000 0.000000 1.000000
0.965163 -0.135922 -0.223572 -0.038335 -0.023074 0.806932 -0.590193 0.150526 0.260628 0.574792 0.775685 -0.532287 0.000000 0.000000 0.000000 1.000000
0.970199 -0.125876 -0.207048 -0.038335 -0.021369 0.806702 -0.590572 0.155056 0.241365 0.577397 0.779971 -0.526513 0.000000 0.000000 0.000000 1.000000
0.975801 -0.113591 -0.186841 -0.038335 -0.019283 0.806445 -0.590995 0.159667 0.217809 0.580296 0.784739 -0.520334 0.000000 0.000000 0.000000 1.000000
0.981372 -0.099802 -0.164159 -0.038335 -0.016942 0.806190 -0.591414 0.163360 0.191367 0.583179 0.789481 -0.514849 0.000000 0.000000 0.000000 1.000000
0.987841 -0.080763 -0.132843 -0.038335 -0.013710 0.805893 -0.591902 0.160656 0.154861 0.586526 0.794987 -0.508772 0.000000 0.000000 0.000000 1.000000
0.994196 -0.055887 -0.091925 -0.038335 -0.009487 0.805602 -0.592381 0.150525 0.107162 0.589815 0.800397 -0.500340 0.000000 0.000000 0.000000 1.000000
0.998243 -0.030785 -0.050636 -0.038335 -0.005226 0.805417 -0.592686 0.138640 0.059029 0.591909 0.803841 -0.489933 0.000000 0.000000 0.000000 1.000000
0.999768 -0.011180 -0.018389 -0.038335 -0.001898 0.805347 -0.592801 0.130676 0.021437 0.592698 0.805139 -0.477933 0.000000 0.000000 0.000000 1.000000
0.999985 -0.002801 -0.004607 -0.038335 -0.000475 0.805337 -0.592817 0.132310 0.005370 0.592811 0.805324 -0.464722 0.000000 0.000000 0.000000 1.000000
0.999992 -0.002075 -0.003413 -0.038005 -0.000348 0.805932 -0.592008 0.150181 0.003980 0.592005 0.805925 -0.436446 0.000000 0.000000 0.000000 1.000000
0.999995 -0.001598 -0.002629 -0.037089 -0.000260 0.807581 -0.589757 0.182879 0.003066 0.589754 0.807577 -0.385550 0.000000 0.000000 0.000000 1.000000
0.999997 -0.001308 -0.002152 -0.035695 -0.000202 0.810077 -0.586323 0.223998 0.002510 0.586321 0.810075 -0.321864 0.000000 0.000000 0.000000 1.000000
0.999998 -0.001143 -0.001879 -0.033933 -0.000165 0.813212 -0.581967 0.267131 0.002193 0.581966 0.813210 -0.255218 0.000000 0.000000 0.000000 1.000000
0.999998 -0.001039 -0.001709 -0.031913 -0.000137 0.816778 -0.576952 0.305872 0.001995 0.576951 0.816776 -0.195442 0.000000 0.000000 0.000000 1.000000
0.999998 -0.000935 -0.001538 -0.029744 -0.000112 0.820573 -0.571541 0.333816 0.001797 0.571540 0.820572 -0.152366 0.000000 0.000000 0.000000 1.000000
0.999999 -0.000769 -0.001265 -0.027534 -0.000082 0.824402 -0.566004 0.344556 0.001478 0.566004 0.824401 -0.135821 0.000000 0.000000 0.000000 1.000000
0.999999 -0.000577 -0.000949 -0.024810 -0.000052 0.829070 -0.559145 0.331681 0.001110 0.559145 0.829069 -0.133188 0.000000 0.000000 0.000000 1.000000
1.000000 -0.000431 -0.000709 -0.021374 -0.000030 0.834877 -0.550437 0.299571 0.000830 0.550436 0.834877 -0.126054 0.000000 0.000000 0.000000 1.000000
1.000000 -0.000323 -0.000531 -0.017748 -0.000016 0.840906 -0.541182 0.257999 0.000622 0.541181 0.840906 -0.115566 0.000000 0.000000 0.000000 1.000000
1.000000 -0.000244 -0.000401 -0.014455 -0.000007 0.846292 -0.532719 0.216737 0.000469 0.532719 0.846292 -0.102868 0.000000 0.000000 0.000000 1.000000
1.000000 -0.000185 -0.000305 -0.012018 -0.000003 0.850225 -0.526420 0.185560 0.000357 0.526420 0.850225 -0.089109 0.000000 0.000000 0.000000 1.000000
1.000000 -0.000139 -0.000228 -0.010195 -0.000001 0.853135 -0.521689 0.163583 0.000267 0.521689 0.853135 -0.075367 0.000000 0.000000 0.000000 1.000000
1.000000 -0.000100 -0.000165 -0.008418 0.000001 0.855946 -0.517066 0.147207 0.000193 0.517066 0.855946 -0.063638 0.000000 0.000000 0.000000 1.000000
1.000000 -0.000070 -0.000115 -0.006724 0.000001 0.858604 -0.512640 0.142139 0.000134 0.512640 0.858604 -0.056443 0.000000 0.000000 0.000000 1.000000
1.000000 -0.000046 -0.000076 -0.005144 0.000001 0.861060 -0.508503 0.146476 0.000089 0.508503 0.861060 -0.052209 0.000000 0.000000 0.000000 1.000000
1.000000 -0.000029 -0.000047 -0.003714 0.000001 0.863267 -0.504748 0.153658 0.000055 0.504748 0.863267 -0.047871 0.000000 0.000000 0.000000 1.000000
1.000000 -0.000016 -0.000026 -0.002468 0.000001 0.865177 -0.501467 0.162407 0.000031 0.501467 0.865177 -0.043703 0.000000 0.000000 0.000000 1.000000
1.000000 -0.000008 -0.000013 -0.001439 0.000000 0.866744 -0.498753 0.171442 0.000015 0.498753 0.866744 -0.039981 0.000000 0.000000 0.000000 1.000000
1.000000 -0.000003 -0.000005 -0.000663 0.000000 0.867922 -0.496700 0.179480 0.000005 0.496700 0.867922 -0.036981 0.000000 0.000000 0.000000 1.000000
1.000000 -0.000001 -0.000001 -0.000171 0.000000 0.868665 -0.495401 0.185243 0.000001 0.495401 0.868665 -0.034979 0.000000 0.000000 0.000000 1.000000
1.000000 0.000000 0.000000 0.000000 0.000000 1.000000 0.000000 0.194113 0.000000 0.000000 1.000000 -0.034003 0.000000 0.000000 0.000000 1.000000</float_array><technique_common><accessor source="#root-Matrix-animation-output-transform-array" count="63" stride="16"><param type="float4x4"/></accessor></technique_common></source><source id="root-Interpolations"><Name_array id="root-Interpolations-array" count="63">
 LINEAR LINEAR LINEAR LINEAR LINEAR LINEAR LINEAR LINEAR LINEAR LINEAR LINEAR
LINEAR LINEAR LINEAR LINEAR LINEAR LINEAR LINEAR LINEAR LINEAR LINEAR LINEAR LINEAR
LINEAR LINEAR LINEAR LINEAR LINEAR LINEAR LINEAR LINEAR LINEAR LINEAR LINEAR LINEAR
LINEAR LINEAR LINEAR LINEAR LINEAR LINEAR LINEAR LINEAR LINEAR LINEAR LINEAR LINEAR
LINEAR LINEAR LINEAR LINEAR LINEAR LINEAR LINEAR LINEAR LINEAR LINEAR LINEAR LINEAR
LINEAR LINEAR LINEAR LINEAR</Name_array><technique_common><accessor source="#root-Interpolations-array" count="63"><param type="name"/></accessor></technique_common></source><sampler id="root-Matrix-animation-transform"><input semantic="INPUT" source="#root-Matrix-animation-input"/><input semantic="OUTPUT" source="#root-Matrix-animation-output-transform"/><input semantic="INTERPOLATION" source="#root-Interpolations"/></sampler><channel source="#root-Matrix-animation-transform" target="root/matrix"/></animation><animation><source id="root-visibility-animation-input"><float_array id="root-visibility-animation-input-array" count="63">

0.033333 0.066667 0.100000 0.133333 0.166667 0.200000 0.233333 0.266667 0.300000 0.333333 0.366667 0.400000 0.433333 0.466667 0.500000 0.533333
0.566667 0.600000 0.633333 0.666667 0.700000 0.733333 0.766667 0.800000 0.833333 0.866667 0.900000 0.933333 0.966667 1.000000 1.033333 1.066667
1.100000 1.133333 1.166667 1.200000 1.233333 1.266667 1.300000 1.333333 1.366667 1.400000 1.433333 1.466667 1.500000 1.533333 1.566667 1.600000
1.633333 1.666667 1.700000 1.733333 1.766667 1.800000 1.833333 1.866667 1.900000 1.933333 1.966667 2.000000 2.033333 2.066667 2.100000</float_array><technique_common><accessor source="#root-visibility-animation-input-array" count="63"><param name="TIME" type="float"/></accessor></technique_common></source><source id="root-visibility-animation-output"><float_array id="root-visibility-animation-output-array" count="63">

1.000000 1.000000 1.000000 1.000000 1.000000 1.000000 1.000000 1.000000 1.000000 1.000000 1.000000 1.000000 1.000000 1.000000 1.000000 1.000000
1.000000 1.000000 1.000000 1.000000 1.000000 1.000000 1.000000 1.000000 1.000000 1.000000 1.000000 1.000000 1.000000 1.000000 1.000000 1.000000
1.000000 1.000000 1.000000 1.000000 1.000000 1.000000 1.000000 1.000000 1.000000 1.000000 1.000000 1.000000 1.000000 1.000000 1.000000 1.000000
1.000000 1.000000 1.000000 1.000000 1.000000 1.000000 1.000000 1.000000 1.000000 1.000000 1.000000 1.000000 1.000000 1.000000 1.000000</float_array><technique_common><accessor source="#root-visibility-animation-output-array" count="63"><param type="float"/></accessor></technique_common></source><source id="root-visibility-animation-intan"><float_array id="root-visibility-animation-intan-array" count="63">

0.000000 0.000000 0.000000 0.000000 0.000000 0.000000 0.000000 0.000000 0.000000 0.000000 0.000000 0.000000 0.000000 0.000000 0.000000 0.000000
0.000000 0.000000 0.000000 0.000000 0.000000 0.000000 0.000000 0.000000 0.000000 0.000000 0.000000 0.000000 0.000000 0.000000 0.000000 0.000000
0.000000 0.000000 0.000000 0.000000 0.000000 0.000000 0.000000 0.000000 0.000000 0.000000 0.000000 0.000000 0.000000 0.000000 0.000000 0.000000
0.000000 0.000000 0.000000 0.000000 0.000000 0.000000 0.000000 0.000000 0.000000 0.000000 0.000000 0.000000 0.000000 0.000000 0.000000</float_array><technique_common><accessor source="#root-visibility-animation-intan-array" count="63"><param type="float"/></accessor></technique_common></source><source id="root-visibility-animation-outtan"><float_array id="root-visibility-animation-outtan-array" count="63">

0.000000 0.000000 0.000000 0.000000 0.000000 0.000000 0.000000 0.000000 0.000000 0.000000 0.000000 0.000000 0.000000 0.000000 0.000000 0.000000
0.000000 0.000000 0.000000 0.000000 0.000000 0.000000 0.000000 0.000000 0.000000 0.000000 0.000000 0.000000 0.000000 0.000000 0.000000 0.000000
0.000000 0.000000 0.000000 0.000000 0.000000 0.000000 0.000000 0.000000 0.000000 0.000000 0.000000 0.000000 0.000000 0.000000 0.000000 0.000000
0.000000 0.000000 0.000000 0.000000 0.000000 0.000000 0.000000 0.000000 0.000000 0.000000 0.000000 0.000000 0.000000 0.000000 0.000000</float_array><technique_common><accessor source="#root-visibility-animation-outtan-array" count="63"><param type="float"/></accessor></technique_common></source><source id="root-visibility-animation-interpolation"><Name_array id="root-visibility-animation-interpolation-array" count="63">
 BEZIER BEZIER BEZIER BEZIER BEZIER BEZIER BEZIER BEZIER BEZIER BEZIER BEZIER
BEZIER BEZIER BEZIER BEZIER BEZIER BEZIER BEZIER BEZIER BEZIER BEZIER BEZIER BEZIER
BEZIER BEZIER BEZIER BEZIER BEZIER BEZIER BEZIER BEZIER BEZIER BEZIER BEZIER BEZIER
BEZIER BEZIER BEZIER BEZIER BEZIER BEZIER BEZIER BEZIER BEZIER BEZIER BEZIER BEZIER
BEZIER BEZIER BEZIER BEZIER BEZIER BEZIER BEZIER BEZIER BEZIER BEZIER BEZIER BEZIER
BEZIER BEZIER BEZIER STEP</Name_array><technique_common><accessor source="#root-visibility-animation-interpolation-array" count="63"><param type="name"/></accessor></technique_common></source><sampler id="root-visibility-animation"><input semantic="INPUT" source="#root-visibility-animation-input"/><input semantic="OUTPUT" source="#root-visibility-animation-output"/><input semantic="IN_TANGENT" source="#root-visibility-animation-intan"/><input semantic="OUT_TANGENT" source="#root-visibility-animation-outtan"/><input semantic="INTERPOLATION" source="#root-visibility-animation-interpolation"/></sampler><channel source="#root-visibility-animation" target="root/visibility"/></animation></animation>
    <animation id="spine0-anim" name="spine0"><animation><source id="spine0-Matrix-animation-input"><float_array id="spine0-Matrix-animation-input-array" count="63">

0.033333 0.066667 0.100000 0.133333 0.166667 0.200000 0.233333 0.266667 0.300000 0.333333 0.366667 0.400000 0.433333 0.466667 0.500000 0.533333
0.566667 0.600000 0.633333 0.666667 0.700000 0.733333 0.766667 0.800000 0.833333 0.866667 0.900000 0.933333 0.966667 1.000000 1.033333 1.066667
1.100000 1.133333 1.166667 1.200000 1.233333 1.266667 1.300000 1.333333 1.366667 1.400000 1.433333 1.466667 1.500000 1.533333 1.566667 1.600000
1.633333 1.666667 1.700000 1.733333 1.766667 1.800000 1.833333 1.866667 1.900000 1.933333 1.966667 2.000000 2.033333 2.066667 2.100000</float_array><technique_common><accessor source="#spine0-Matrix-animation-input-array" count="63"><param name="TIME" type="float"/></accessor></technique_common></source><source id="spine0-Matrix-animation-output-transform"><float_array id="spine0-Matrix-animation-output-transform-array" count="1008">

1.000000 0.000000 0.000000 0.000000 0.000000 0.947551 -0.319603 0.066930 0.000000 0.319603 0.947551 0.057443 0.000000 0.000000 0.000000 1.000000
1.000000 0.000000 -0.000000 0.000000 0.000000 0.947551 -0.319603 0.066930 -0.000000 0.319603 0.947551 0.057443 0.000000 0.000000 0.000000 1.000000
1.000000 -0.000000 0.000000 0.000000 0.000000 0.947551 -0.319603 0.066930 0.000000 0.319603 0.947551 0.057443 0.000000 0.000000 0.000000 1.000000
1.000000 -0.000000 0.000000 0.000000 0.000000 0.947551 -0.319603 0.066930 0.000000 0.319603 0.947551 0.057443 0.000000 0.000000 0.000000 1.000000
1.000000 -0.000000 0.000000 0.000000 -0.000000 0.947551 -0.319603 0.066930 0.000000 0.319603 0.947551 0.057443 0.000000 0.000000 0.000000 1.000000
1.000000 0.000000 0.000000 0.000000 -0.000000 0.947551 -0.319603 0.066930 0.000000 0.319603 0.947551 0.057443 0.000000 0.000000 0.000000 1.000000
1.000000 0.000000 -0.000000 0.000000 0.000000 0.947551 -0.319603 0.066930 -0.000000 0.319603 0.947551 0.057443 0.000000 0.000000 0.000000 1.000000
1.000000 -0.000000 0.000000 0.000000 0.000000 0.947551 -0.319603 0.066930 0.000000 0.319603 0.947551 0.057443 0.000000 0.000000 0.000000 1.000000
1.000000 0.000000 0.000000 0.000000 0.000000 0.947551 -0.319603 0.066930 -0.000000 0.319603 0.947551 0.057443 0.000000 0.000000 0.000000 1.000000
1.000000 -0.000000 -0.000000 0.000000 -0.000000 0.947551 -0.319603 0.066930 0.000000 0.319603 0.947551 0.057443 0.000000 0.000000 0.000000 1.000000
1.000000 0.000000 0.000000 0.000000 0.000000 0.947551 -0.319603 0.066930 -0.000000 0.319603 0.947551 0.057443 0.000000 0.000000 0.000000 1.000000
1.000000 -0.000000 -0.000000 0.000000 -0.000000 0.947551 -0.319603 0.066930 0.000000 0.319603 0.947551 0.057443 0.000000 0.000000 0.000000 1.000000
1.000000 0.000000 -0.000000 0.000000 0.000000 0.947551 -0.319603 0.066930 -0.000000 0.319603 0.947551 0.057443 0.000000 0.000000 0.000000 1.000000
1.000000 0.000000 -0.000000 0.000000 -0.000000 0.947551 -0.319603 0.066930 0.000000 0.319603 0.947551 0.057443 0.000000 0.000000 0.000000 1.000000
1.000000 0.000000 0.000000 0.000000 -0.000000 0.947551 -0.319603 0.066930 -0.000000 0.319603 0.947551 0.057443 0.000000 0.000000 0.000000 1.000000
1.000000 0.000000 0.000000 0.000000 -0.000000 0.947551 -0.319603 0.066930 0.000000 0.319603 0.947551 0.057443 0.000000 0.000000 0.000000 1.000000
1.000000 0.000000 -0.000000 0.000000 -0.000000 0.947551 -0.319603 0.066930 0.000000 0.319603 0.947551 0.057443 0.000000 0.000000 0.000000 1.000000
1.000000 0.000000 -0.000000 0.000000 0.000000 0.947551 -0.319603 0.066930 0.000000 0.319603 0.947551 0.057443 0.000000 0.000000 0.000000 1.000000
1.000000 0.000000 0.000000 0.000000 0.000000 0.947551 -0.319603 0.066930 0.000000 0.319603 0.947551 0.057443 0.000000 0.000000 0.000000 1.000000
1.000000 0.000000 0.000000 0.000000 -0.000000 0.947551 -0.319603 0.066930 0.000000 0.319603 0.947551 0.057443 0.000000 0.000000 0.000000 1.000000
1.000000 0.000000 0.000000 0.000000 0.000000 0.947551 -0.319603 0.066930 0.000000 0.319603 0.947551 0.057443 0.000000 0.000000 0.000000 1.000000
1.000000 -0.000000 -0.000000 0.000000 -0.000000 0.947551 -0.319603 0.066930 0.000000 0.319603 0.947551 0.057443 0.000000 0.000000 0.000000 1.000000
1.000000 0.000000 0.000000 0.000000 0.000000 0.947551 -0.319603 0.066930 -0.000000 0.319603 0.947551 0.057443 0.000000 0.000000 0.000000 1.000000
1.000000 -0.000000 0.000000 0.000000 -0.000000 0.947551 -0.319603 0.066930 0.000000 0.319603 0.947551 0.057443 0.000000 0.000000 0.000000 1.000000
1.000000 0.000000 0.000000 0.000000 -0.000000 0.947551 -0.319603 0.066930 -0.000000 0.319603 0.947551 0.057443 0.000000 0.000000 0.000000 1.000000
1.000000 -0.000000 0.000000 0.000000 -0.000000 0.947551 -0.319603 0.066930 -0.000000 0.319603 0.947551 0.057443 0.000000 0.000000 0.000000 1.000000
1.000000 0.000000 0.000000 0.000000 0.000000 0.947551 -0.319603 0.066930 -0.000000 0.319603 0.947551 0.057443 0.000000 0.000000 0.000000 1.000000
1.000000 0.000000 -0.000000 0.000000 -0.000000 0.947551 -0.319603 0.066930 0.000000 0.319603 0.947551 0.057443 0.000000 0.000000 0.000000 1.000000
1.000000 -0.000000 -0.000000 0.000000 0.000000 0.947551 -0.319603 0.066930 0.000000 0.319603 0.947551 0.057443 0.000000 0.000000 0.000000 1.000000
1.000000 0.000000 -0.000000 0.000000 0.000000 0.947551 -0.319603 0.066930 0.000000 0.319603 0.947551 0.057443 0.000000 0.000000 0.000000 1.000000
1.000000 0.000000 0.000000 0.000000 0.000000 0.947551 -0.319603 0.066930 -0.000000 0.319603 0.947551 0.057443 0.000000 0.000000 0.000000 1.000000
1.000000 -0.000000 -0.000000 0.000000 0.000000 0.947551 -0.319603 0.066930 0.000000 0.319603 0.947551 0.057443 0.000000 0.000000 0.000000 1.000000
1.000000 0.000000 0.000000 0.000000 0.000000 0.947551 -0.319603 0.066930 -0.000000 0.319603 0.947551 0.057443 0.000000 0.000000 0.000000 1.000000
1.000000 0.000000 -0.000000 0.000000 0.000000 0.947551 -0.319603 0.066930 0.000000 0.319603 0.947551 0.057443 0.000000 0.000000 0.000000 1.000000
1.000000 0.000000 0.000000 0.000000 0.000000 0.947551 -0.319603 0.066930 -0.000000 0.319603 0.947551 0.057443 0.000000 0.000000 0.000000 1.000000
1.000000 -0.000000 0.000000 0.000000 0.000000 0.947551 -0.319603 0.066930 0.000000 0.319603 0.947551 0.057443 0.000000 0.000000 0.000000 1.000000
1.000000 0.000000 0.000000 0.000000 -0.000000 0.947551 -0.319603 0.066930 -0.000000 0.319603 0.947551 0.057443 0.000000 0.000000 0.000000 1.000000
1.000000 -0.000000 -0.000000 0.000000 0.000000 0.947551 -0.319603 0.066930 0.000000 0.319603 0.947551 0.057443 0.000000 0.000000 0.000000 1.000000
1.000000 0.000000 0.000000 0.000000 0.000000 0.947551 -0.319603 0.066930 0.000000 0.319603 0.947551 0.057443 0.000000 0.000000 0.000000 1.000000
1.000000 -0.000000 -0.000000 0.000000 0.000000 0.947551 -0.319603 0.066930 0.000000 0.319603 0.947551 0.057443 0.000000 0.000000 0.000000 1.000000
1.000000 0.000000 -0.000000 0.000000 -0.000000 0.947551 -0.319603 0.066930 -0.000000 0.319603 0.947551 0.057443 0.000000 0.000000 0.000000 1.000000
1.000000 0.000000 -0.000000 0.000000 0.000000 0.947551 -0.319603 0.066930 0.000000 0.319603 0.947551 0.057443 0.000000 0.000000 0.000000 1.000000
1.000000 0.000000 0.000000 0.000000 -0.000000 0.947551 -0.319603 0.066930 0.000000 0.319603 0.947551 0.057443 0.000000 0.000000 0.000000 1.000000
1.000000 0.000000 0.000000 0.000000 -0.000000 0.947551 -0.319603 0.066930 -0.000000 0.319603 0.947551 0.057443 0.000000 0.000000 0.000000 1.000000
1.000000 -0.000000 0.000000 0.000000 0.000000 0.947551 -0.319603 0.066930 0.000000 0.319603 0.947551 0.057443 0.000000 0.000000 0.000000 1.000000
1.000000 -0.000000 -0.000000 0.000000 0.000000 0.947551 -0.319603 0.066930 -0.000000 0.319603 0.947551 0.057443 0.000000 0.000000 0.000000 1.000000
1.000000 0.000000 0.000000 0.000000 -0.000000 0.947551 -0.319603 0.066930 0.000000 0.319603 0.947551 0.057443 0.000000 0.000000 0.000000 1.000000
1.000000 0.000000 -0.000000 0.000000 -0.000000 0.947551 -0.319603 0.066930 -0.000000 0.319603 0.947551 0.057443 0.000000 0.000000 0.000000 1.000000
1.000000 -0.000000 0.000000 0.000000 0.000000 0.947551 -0.319603 0.066930 0.000000 0.319603 0.947551 0.057443 0.000000 0.000000 0.000000 1.000000
1.000000 0.000000 -0.000000 0.000000 0.000000 0.947551 -0.319603 0.066930 -0.000000 0.319603 0.947551 0.057443 0.000000 0.000000 0.000000 1.000000
1.000000 -0.000000 -0.000000 0.000000 0.000000 0.947551 -0.319603 0.066930 0.000000 0.319603 0.947551 0.057443 0.000000 0.000000 0.000000 1.000000
1.000000 0.000000 0.000000 0.000000 0.000000 0.947551 -0.319603 0.066930 0.000000 0.319603 0.947551 0.057443 0.000000 0.000000 0.000000 1.000000
1.000000 0.000000 0.000000 0.000000 0.000000 0.947551 -0.319603 0.066930 0.000000 0.319603 0.947551 0.057443 0.000000 0.000000 0.000000 1.000000
1.000000 0.000000 0.000000 0.000000 0.000000 0.947551 -0.319603 0.066930 0.000000 0.319603 0.947551 0.057443 0.000000 0.000000 0.000000 1.000000
1.000000 0.000000 -0.000000 0.000000 0.000000 0.947551 -0.319603 0.066930 0.000000 0.319603 0.947551 0.057443 0.000000 0.000000 0.000000 1.000000
1.000000 0.000000 0.000000 0.000000 0.000000 0.947551 -0.319603 0.066930 0.000000 0.319603 0.947551 0.057443 0.000000 0.000000 0.000000 1.000000
1.000000 0.000000 0.000000 0.000000 -0.000000 0.947551 -0.319603 0.066930 -0.000000 0.319603 0.947551 0.057443 0.000000 0.000000 0.000000 1.000000
1.000000 0.000000 0.000000 0.000000 0.000000 0.947551 -0.319603 0.066930 0.000000 0.319603 0.947551 0.057443 0.000000 0.000000 0.000000 1.000000
1.000000 -0.000000 -0.000000 0.000000 -0.000000 0.947551 -0.319603 0.066930 -0.000000 0.319603 0.947551 0.057443 0.000000 0.000000 0.000000 1.000000
1.000000 0.000000 0.000000 0.000000 0.000000 0.947551 -0.319603 0.066930 -0.000000 0.319603 0.947551 0.057443 0.000000 0.000000 0.000000 1.000000
1.000000 0.000000 -0.000000 0.000000 0.000000 0.947551 -0.319603 0.066930 0.000000 0.319603 0.947551 0.057443 0.000000 0.000000 0.000000 1.000000
1.000000 -0.000000 -0.000000 0.000000 0.000000 0.947551 -0.319603 0.066930 0.000000 0.319603 0.947551 0.057443 0.000000 0.000000 0.000000 1.000000
1.000000 0.000000 0.000000 0.000000 0.000000 1.000000 0.000000 0.066930 0.000000 0.000000 1.000000 0.057443 0.000000 0.000000 0.000000 1.000000</float_array><technique_common><accessor source="#spine0-Matrix-animation-output-transform-array" count="63" stride="16"><param type="float4x4"/></accessor></technique_common></source><source id="spine0-Interpolations"><Name_array id="spine0-Interpolations-array" count="63">
 LINEAR LINEAR LINEAR LINEAR LINEAR LINEAR LINEAR LINEAR LINEAR LINEAR LINEAR
LINEAR LINEAR LINEAR LINEAR LINEAR LINEAR LINEAR LINEAR LINEAR LINEAR LINEAR LINEAR
LINEAR LINEAR LINEAR LINEAR LINEAR LINEAR LINEAR LINEAR LINEAR LINEAR LINEAR LINEAR
LINEAR LINEAR LINEAR LINEAR LINEAR LINEAR LINEAR LINEAR LINEAR LINEAR LINEAR LINEAR
LINEAR LINEAR LINEAR LINEAR LINEAR LINEAR LINEAR LINEAR LINEAR LINEAR LINEAR LINEAR
LINEAR LINEAR LINEAR LINEAR</Name_array><technique_common><accessor source="#spine0-Interpolations-array" count="63"><param type="name"/></accessor></technique_common></source><sampler id="spine0-Matrix-animation-transform"><input semantic="INPUT" source="#spine0-Matrix-animation-input"/><input semantic="OUTPUT" source="#spine0-Matrix-animation-output-transform"/><input semantic="INTERPOLATION" source="#spine0-Interpolations"/></sampler><channel source="#spine0-Matrix-animation-transform" target="spine0/matrix"/></animation><animation><source id="spine0-visibility-animation-input"><float_array id="spine0-visibility-animation-input-array" count="63">

0.033333 0.066667 0.100000 0.133333 0.166667 0.200000 0.233333 0.266667 0.300000 0.333333 0.366667 0.400000 0.433333 0.466667 0.500000 0.533333
0.566667 0.600000 0.633333 0.666667 0.700000 0.733333 0.766667 0.800000 0.833333 0.866667 0.900000 0.933333 0.966667 1.000000 1.033333 1.066667
1.100000 1.133333 1.166667 1.200000 1.233333 1.266667 1.300000 1.333333 1.366667 1.400000 1.433333 1.466667 1.500000 1.533333 1.566667 1.600000
1.633333 1.666667 1.700000 1.733333 1.766667 1.800000 1.833333 1.866667 1.900000 1.933333 1.966667 2.000000 2.033333 2.066667 2.100000</float_array><technique_common><accessor source="#spine0-visibility-animation-input-array" count="63"><param name="TIME" type="float"/></accessor></technique_common></source><source id="spine0-visibility-animation-output"><float_array id="spine0-visibility-animation-output-array" count="63">

1.000000 1.000000 1.000000 1.000000 1.000000 1.000000 1.000000 1.000000 1.000000 1.000000 1.000000 1.000000 1.000000 1.000000 1.000000 1.000000
1.000000 1.000000 1.000000 1.000000 1.000000 1.000000 1.000000 1.000000 1.000000 1.000000 1.000000 1.000000 1.000000 1.000000 1.000000 1.000000
1.000000 1.000000 1.000000 1.000000 1.000000 1.000000 1.000000 1.000000 1.000000 1.000000 1.000000 1.000000 1.000000 1.000000 1.000000 1.000000
1.000000 1.000000 1.000000 1.000000 1.000000 1.000000 1.000000 1.000000 1.000000 1.000000 1.000000 1.000000 1.000000 1.000000 1.000000</float_array><technique_common><accessor source="#spine0-visibility-animation-output-array" count="63"><param type="float"/></accessor></technique_common></source><source id="spine0-visibility-animation-intan"><float_array id="spine0-visibility-animation-intan-array" count="63">

0.000000 0.000000 0.000000 0.000000 0.000000 0.000000 0.000000 0.000000 0.000000 0.000000 0.000000 0.000000 0.000000 0.000000 0.000000 0.000000
0.000000 0.000000 0.000000 0.000000 0.000000 0.000000 0.000000 0.000000 0.000000 0.000000 0.000000 0.000000 0.000000 0.000000 0.000000 0.000000
0.000000 0.000000 0.000000 0.000000 0.000000 0.000000 0.000000 0.000000 0.000000 0.000000 0.000000 0.000000 0.000000 0.000000 0.000000 0.000000
0.000000 0.000000 0.000000 0.000000 0.000000 0.000000 0.000000 0.000000 0.000000 0.000000 0.000000 0.000000 0.000000 0.000000 0.000000</float_array><technique_common><accessor source="#spine0-visibility-animation-intan-array" count="63"><param type="float"/></accessor></technique_common></source><source id="spine0-visibility-animation-outtan"><float_array id="spine0-visibility-animation-outtan-array" count="63">

0.000000 0.000000 0.000000 0.000000 0.000000 0.000000 0.000000 0.000000 0.000000 0.000000 0.000000 0.000000 0.000000 0.000000 0.000000 0.000000
0.000000 0.000000 0.000000 0.000000 0.000000 0.000000 0.000000 0.000000 0.000000 0.000000 0.000000 0.000000 0.000000 0.000000 0.000000 0.000000
0.000000 0.000000 0.000000 0.000000 0.000000 0.000000 0.000000 0.000000 0.000000 0.000000 0.000000 0.000000 0.000000 0.000000 0.000000 0.000000
0.000000 0.000000 0.000000 0.000000 0.000000 0.000000 0.000000 0.000000 0.000000 0.000000 0.000000 0.000000 0.000000 0.000000 0.000000</float_array><technique_common><accessor source="#spine0-visibility-animation-outtan-array" count="63"><param type="float"/></accessor></technique_common></source><source id="spine0-visibility-animation-interpolation"><Name_array id="spine0-visibility-animation-interpolation-array" count="63">
 BEZIER BEZIER BEZIER BEZIER BEZIER BEZIER BEZIER BEZIER BEZIER BEZIER BEZIER
BEZIER BEZIER BEZIER BEZIER BEZIER BEZIER BEZIER BEZIER BEZIER BEZIER BEZIER BEZIER
BEZIER BEZIER BEZIER BEZIER BEZIER BEZIER BEZIER BEZIER BEZIER BEZIER BEZIER BEZIER
BEZIER BEZIER BEZIER BEZIER BEZIER BEZIER BEZIER BEZIER BEZIER BEZIER BEZIER BEZIER
BEZIER BEZIER BEZIER BEZIER BEZIER BEZIER BEZIER BEZIER BEZIER BEZIER BEZIER BEZIER
BEZIER BEZIER BEZIER STEP</Name_array><technique_common><accessor source="#spine0-visibility-animation-interpolation-array" count="63"><param type="name"/></accessor></technique_common></source><sampler id="spine0-visibility-animation"><input semantic="INPUT" source="#spine0-visibility-animation-input"/><input semantic="OUTPUT" source="#spine0-visibility-animation-output"/><input semantic="IN_TANGENT" source="#spine0-visibility-animation-intan"/><input semantic="OUT_TANGENT" source="#spine0-visibility-animation-outtan"/><input semantic="INTERPOLATION" source="#spine0-visibility-animation-interpolation"/></sampler><channel source="#spine0-visibility-animation" target="spine0/visibility"/></animation></animation>
    <animation id="spine1-anim" name="spine1"><animation><source id="spine1-Matrix-animation-input"><float_array id="spine1-Matrix-animation-input-array" count="63">

0.033333 0.066667 0.100000 0.133333 0.166667 0.200000 0.233333 0.266667 0.300000 0.333333 0.366667 0.400000 0.433333 0.466667 0.500000 0.533333
0.566667 0.600000 0.633333 0.666667 0.700000 0.733333 0.766667 0.800000 0.833333 0.866667 0.900000 0.933333 0.966667 1.000000 1.033333 1.066667
1.100000 1.133333 1.166667 1.200000 1.233333 1.266667 1.300000 1.333333 1.366667 1.400000 1.433333 1.466667 1.500000 1.533333 1.566667 1.600000
1.633333 1.666667 1.700000 1.733333 1.766667 1.800000 1.833333 1.866667 1.900000 1.933333 1.966667 2.000000 2.033333 2.066667 2.100000</float_array><technique_common><accessor source="#spine1-Matrix-animation-input-array" count="63"><param name="TIME" type="float"/></accessor></technique_common></source><source id="spine1-Matrix-animation-output-transform"><float_array id="spine1-Matrix-animation-output-transform-array" count="1008">

1.000000 0.000000 0.000000 0.000000 0.000000 0.988423 0.151722 0.014644 0.000000 -0.151722 0.988423 0.038067 0.000000 0.000000 0.000000 1.000000
1.000000 -0.000000 0.000000 -0.000000 -0.000000 0.988423 0.151722 0.014644 -0.000000 -0.151722 0.988423 0.038067 0.000000 0.000000 0.000000 1.000000
1.000000 -0.000000 -0.000000 -0.000000 0.000000 0.988423 0.151722 0.014644 0.000000 -0.151722 0.988423 0.038067 0.000000 0.000000 0.000000 1.000000
1.000000 0.000000 0.000000 -0.000000 0.000000 0.988423 0.151722 0.014644 0.000000 -0.151722 0.988423 0.038067 0.000000 0.000000 0.000000 1.000000
1.000000 0.000000 -0.000000 0.000000 -0.000000 0.988423 0.151722 0.014644 -0.000000 -0.151722 0.988423 0.038067 0.000000 0.000000 0.000000 1.000000
1.000000 0.000000 -0.000000 0.000000 0.000000 0.988423 0.151722 0.014644 0.000000 -0.151722 0.988423 0.038067 0.000000 0.000000 0.000000 1.000000
1.000000 0.000000 0.000000 -0.000000 0.000000 0.988423 0.151722 0.014644 0.000000 -0.151722 0.988423 0.038067 0.000000 0.000000 0.000000 1.000000
1.000000 0.000000 0.000000 0.000000 0.000000 0.988423 0.151722 0.014644 -0.000000 -0.151722 0.988423 0.038067 0.000000 0.000000 0.000000 1.000000
1.000000 -0.000000 -0.000000 0.000000 -0.000000 0.988423 0.151722 0.014644 0.000000 -0.151722 0.988423 0.038067 0.000000 0.000000 0.000000 1.000000
1.000000 0.000000 -0.000000 0.000000 -0.000000 0.988423 0.151722 0.014644 0.000000 -0.151722 0.988423 0.038067 0.000000 0.000000 0.000000 1.000000
1.000000 0.000000 -0.000000 0.000000 0.000000 0.988423 0.151722 0.014644 -0.000000 -0.151722 0.988423 0.038067 0.000000 0.000000 0.000000 1.000000
1.000000 -0.000000 -0.000000 -0.000000 -0.000000 0.988423 0.151722 0.014644 0.000000 -0.151722 0.988423 0.038067 0.000000 0.000000 0.000000 1.000000
1.000000 -0.000000 0.000000 0.000000 -0.000000 0.988423 0.151722 0.014644 0.000000 -0.151722 0.988423 0.038067 0.000000 0.000000 0.000000 1.000000
1.000000 0.000000 0.000000 0.000000 -0.000000 0.988423 0.151722 0.014644 0.000000 -0.151722 0.988423 0.038067 0.000000 0.000000 0.000000 1.000000
1.000000 0.000000 0.000000 0.000000 -0.000000 0.988423 0.151722 0.014644 -0.000000 -0.151722 0.988423 0.038067 0.000000 0.000000 0.000000 1.000000
1.000000 0.000000 0.000000 0.000000 0.000000 0.988423 0.151722 0.014644 0.000000 -0.151722 0.988423 0.038067 0.000000 0.000000 0.000000 1.000000
1.000000 0.000000 0.000000 0.000000 0.000000 0.988423 0.151722 0.014644 0.000000 -0.151722 0.988423 0.038067 0.000000 0.000000 0.000000 1.000000
1.000000 -0.000000 0.000000 0.000000 -0.000000 0.988423 0.151722 0.014644 0.000000 -0.151722 0.988423 0.038067 0.000000 0.000000 0.000000 1.000000
1.000000 0.000000 0.000000 0.000000 0.000000 0.988423 0.151722 0.014644 -0.000000 -0.151722 0.988423 0.038067 0.000000 0.000000 0.000000 1.000000
1.000000 0.000000 -0.000000 0.000000 0.000000 0.988423 0.151722 0.014644 0.000000 -0.151722 0.988423 0.038067 0.000000 0.000000 0.000000 1.000000
1.000000 0.000000 0.000000 0.000000 -0.000000 0.988423 0.151722 0.014644 0.000000 -0.151722 0.988423 0.038067 0.000000 0.000000 0.000000 1.000000
1.000000 -0.000000 -0.000000 0.000000 0.000000 0.988423 0.151722 0.014644 0.000000 -0.151722 0.988423 0.038067 0.000000 0.000000 0.000000 1.000000
1.000000 0.000000 -0.000000 0.000000 0.000000 0.988423 0.151722 0.014644 0.000000 -0.151722 0.988423 0.038067 0.000000 0.000000 0.000000 1.000000
1.000000 -0.000000 -0.000000 0.000000 0.000000 0.988423 0.151722 0.014644 -0.000000 -0.151722 0.988423 0.038067 0.000000 0.000000 0.000000 1.000000
1.000000 0.000000 0.000000 0.000000 0.000000 0.988423 0.151722 0.014644 0.000000 -0.151722 0.988423 0.038067 0.000000 0.000000 0.000000 1.000000
1.000000 0.000000 0.000000 0.000000 0.000000 0.988423 0.151722 0.014644 0.000000 -0.151722 0.988423 0.038067 0.000000 0.000000 0.000000 1.000000
1.000000 0.000000 0.000000 0.000000 0.000000 0.988423 0.151722 0.014644 -0.000000 -0.151722 0.988423 0.038067 0.000000 0.000000 0.000000 1.000000
1.000000 0.000000 0.000000 0.000000 0.000000 0.988423 0.151722 0.014644 0.000000 -0.151722 0.988423 0.038067 0.000000 0.000000 0.000000 1.000000
1.000000 0.000000 0.000000 -0.000000 -0.000000 0.988423 0.151722 0.014644 0.000000 -0.151722 0.988423 0.038067 0.000000 0.000000 0.000000 1.000000
1.000000 0.000000 -0.000000 0.000000 0.000000 0.988423 0.151722 0.014644 -0.000000 -0.151722 0.988423 0.038067 0.000000 0.000000 0.000000 1.000000
1.000000 0.000000 0.000000 0.000000 -0.000000 0.988423 0.151722 0.014644 -0.000000 -0.151722 0.988423 0.038067 0.000000 0.000000 0.000000 1.000000
1.000000 -0.000000 -0.000000 0.000000 0.000000 0.988423 0.151722 0.014644 0.000000 -0.151722 0.988423 0.038067 0.000000 0.000000 0.000000 1.000000
1.000000 -0.000000 -0.000000 -0.000000 0.000000 0.988423 0.151722 0.014644 -0.000000 -0.151722 0.988423 0.038067 0.000000 0.000000 0.000000 1.000000
1.000000 0.000000 0.000000 0.000000 0.000000 0.988423 0.151722 0.014644 0.000000 -0.151722 0.988423 0.038067 0.000000 0.000000 0.000000 1.000000
1.000000 -0.000000 0.000000 0.000000 0.000000 0.988423 0.151722 0.014644 0.000000 -0.151722 0.988423 0.038067 0.000000 0.000000 0.000000 1.000000
1.000000 -0.000000 0.000000 0.000000 0.000000 0.988423 0.151722 0.014644 0.000000 -0.151722 0.988423 0.038067 0.000000 0.000000 0.000000 1.000000
1.000000 0.000000 0.000000 0.000000 0.000000 0.988423 0.151722 0.014644 0.000000 -0.151722 0.988423 0.038067 0.000000 0.000000 0.000000 1.000000
1.000000 0.000000 0.000000 0.000000 0.000000 0.988423 0.151722 0.014644 0.000000 -0.151722 0.988423 0.038067 0.000000 0.000000 0.000000 1.000000
1.000000 0.000000 -0.000000 0.000000 0.000000 0.988423 0.151722 0.014644 -0.000000 -0.151722 0.988423 0.038067 0.000000 0.000000 0.000000 1.000000
1.000000 -0.000000 0.000000 0.000000 -0.000000 0.988423 0.151722 0.014644 0.000000 -0.151722 0.988423 0.038067 0.000000 0.000000 0.000000 1.000000
1.000000 -0.000000 -0.000000 0.000000 0.000000 0.988423 0.151722 0.014644 -0.000000 -0.151722 0.988423 0.038067 0.000000 0.000000 0.000000 1.000000
