<?xml version="1.0" encoding="utf-8"?>
<COLLADA xmlns="http://www.collada.org/2005/11/COLLADASchema" version="1.4.1">
  <asset><contributor><author></author><authoring_tool>FBX COLLADA exporter</authoring_tool><comments></comments></contributor><created>2013-05-27T10:47:16Z</created><keywords></keywords><modified>2013-05-27T10:47:16Z</modified><revision></revision><subject></subject><title></title><unit meter="0.010000" name="centimeter"></unit><up_axis>Y_UP</up_axis></asset>
  <library_animations>
    <animation id="root-anim" name="root"><animation><source id="root-Matrix-animation-input"><float_array id="root-Matrix-animation-input-array" count="17">

0.033333 0.066667 0.100000 0.133333 0.166667 0.200000 0.233333 0.266667 0.300000 0.333333 0.366667 0.400000 0.433333 0.466667 0.500000 0.533333
0.566667</float_array><technique_common><accessor source="#root-Matrix-animation-input-array" count="17"><param name="TIME" type="float"/></accessor></technique_common></source><source id="root-Matrix-animation-output-transform"><float_array id="root-Matrix-animation-output-transform-array" count="272">

1.000000 0.000000 0.000000 0.000000 0.000000 0.969072 -0.246777 0.182700 0.000000 0.246777 0.969072 -0.031363 0.000000 0.000000 0.000000 1.000000
0.999945 0.008932 -0.005430 0.000000 -0.009996 0.969028 -0.246750 0.184561 0.003058 0.246791 0.969064 -0.031890 0.000000 0.000000 0.000000 1.000000
0.999781 0.017863 -0.010860 0.000000 -0.019990 0.968894 -0.246668 0.186651 0.006116 0.246832 0.969039 -0.032039 0.000000 0.000000 0.000000 1.000000
0.999552 0.025574 -0.015548 0.000000 -0.028620 0.968706 -0.246554 0.187643 0.008756 0.246889 0.969004 -0.032038 0.000000 0.000000 0.000000 1.000000
0.999284 0.032338 -0.019660 0.000000 -0.036190 0.968487 -0.246421 0.185681 0.011072 0.246956 0.968963 -0.031088 0.000000 0.000000 0.000000 1.000000
0.999017 0.037884 -0.023032 0.000000 -0.042396 0.968269 -0.246288 0.181981 0.012971 0.247023 0.968923 -0.029416 0.000000 0.000000 0.000000 1.000000
0.998894 0.040183 -0.024430 0.000000 -0.044969 0.968168 -0.246227 0.179821 0.013758 0.247053 0.968904 -0.028792 0.000000 0.000000 0.000000 1.000000
0.999107 0.036108 -0.021952 0.000000 -0.040409 0.968342 -0.246333 0.180539 0.012363 0.247000 0.968937 -0.029807 0.000000 0.000000 0.000000 1.000000
0.999510 0.026737 -0.016255 0.000000 -0.029921 0.968672 -0.246534 0.182121 0.009154 0.246899 0.968998 -0.031011 0.000000 0.000000 0.000000 1.000000
0.999871 0.013719 -0.008341 0.000000 -0.015353 0.968967 -0.246713 0.184189 0.004697 0.246809 0.969053 -0.031664 0.000000 0.000000 0.000000 1.000000
0.999999 -0.001020 0.000620 -0.000000 0.001142 0.969072 -0.246777 0.186529 -0.000349 0.246777 0.969072 -0.031965 0.000000 0.000000 0.000000 1.000000
0.999888 -0.012789 0.007775 -0.000000 0.014312 0.968981 -0.246721 0.187643 -0.004379 0.246805 0.969055 -0.032038 0.000000 0.000000 0.000000 1.000000
0.999690 -0.021291 0.012944 -0.000000 0.023827 0.968819 -0.246623 0.185546 -0.007290 0.246855 0.969025 -0.031006 0.000000 0.000000 0.000000 1.000000
0.999507 -0.026822 0.016306 -0.000000 0.030016 0.968670 -0.246532 0.181596 -0.009183 0.246900 0.968997 -0.029182 0.000000 0.000000 0.000000 1.000000
0.999552 -0.025574 0.015548 -0.000000 0.028620 0.968706 -0.246554 0.179301 -0.008756 0.246889 0.969004 -0.028477 0.000000 0.000000 0.000000 1.000000
0.999856 -0.014509 0.008821 -0.000000 0.016237 0.968955 -0.246705 0.180456 -0.004968 0.246813 0.969050 -0.029757 0.000000 0.000000 0.000000 1.000000
1.000000 0.000000 0.000000 -0.000000 0.000000 1.000000 0.000000 0.194113 0.000000 0.000000 1.000000 -0.034003 0.000000 0.000000 0.000000 1.000000</float_array><technique_common><accessor source="#root-Matrix-animation-output-transform-array" count="17" stride="16"><param type="float4x4"/></accessor></technique_common></source><source id="root-Interpolations"><Name_array id="root-Interpolations-array" count="17">
 LINEAR LINEAR LINEAR LINEAR LINEAR LINEAR LINEAR LINEAR LINEAR LINEAR LINEAR
LINEAR LINEAR LINEAR LINEAR LINEAR LINEAR</Name_array><technique_common><accessor source="#root-Interpolations-array" count="17"><param type="name"/></accessor></technique_common></source><sampler id="root-Matrix-animation-transform"><input semantic="INPUT" source="#root-Matrix-animation-input"/><input semantic="OUTPUT" source="#root-Matrix-animation-output-transform"/><input semantic="INTERPOLATION" source="#root-Interpolations"/></sampler><channel source="#root-Matrix-animation-transform" target="root/matrix"/></animation><animation><source id="root-visibility-animation-input"><float_array id="root-visibility-animation-input-array" count="17">

0.033333 0.066667 0.100000 0.133333 0.166667 0.200000 0.233333 0.266667 0.300000 0.333333 0.366667 0.400000 0.433333 0.466667 0.500000 0.533333
0.566667</float_array><technique_common><accessor source="#root-visibility-animation-input-array" count="17"><param name="TIME" type="float"/></accessor></technique_common></source><source id="root-visibility-animation-output"><float_array id="root-visibility-animation-output-array" count="17">

1.000000 1.000000 1.000000 1.000000 1.000000 1.000000 1.000000 1.000000 1.000000 1.000000 1.000000 1.000000 1.000000 1.000000 1.000000 1.000000
1.000000</float_array><technique_common><accessor source="#root-visibility-animation-output-array" count="17"><param type="float"/></accessor></technique_common></source><source id="root-visibility-animation-intan"><float_array id="root-visibility-animation-intan-array" count="17">

0.000000 0.000000 0.000000 0.000000 0.000000 0.000000 0.000000 0.000000 0.000000 0.000000 0.000000 0.000000 0.000000 0.000000 0.000000 0.000000
0.000000</float_array><technique_common><accessor source="#root-visibility-animation-intan-array" count="17"><param type="float"/></accessor></technique_common></source><source id="root-visibility-animation-outtan"><float_array id="root-visibility-animation-outtan-array" count="17">

0.000000 0.000000 0.000000 0.000000 0.000000 0.000000 0.000000 0.000000 0.000000 0.000000 0.000000 0.000000 0.000000 0.000000 0.000000 0.000000
0.000000</float_array><technique_common><accessor source="#root-visibility-animation-outtan-array" count="17"><param type="float"/></accessor></technique_common></source><source id="root-visibility-animation-interpolation"><Name_array id="root-visibility-animation-interpolation-array" count="17">
 BEZIER BEZIER BEZIER BEZIER BEZIER BEZIER BEZIER BEZIER BEZIER BEZIER BEZIER
BEZIER BEZIER BEZIER BEZIER BEZIER STEP</Name_array><technique_common><accessor source="#root-visibility-animation-interpolation-array" count="17"><param type="name"/></accessor></technique_common></source><sampler id="root-visibility-animation"><input semantic="INPUT" source="#root-visibility-animation-input"/><input semantic="OUTPUT" source="#root-visibility-animation-output"/><input semantic="IN_TANGENT" source="#root-visibility-animation-intan"/><input semantic="OUT_TANGENT" source="#root-visibility-animation-outtan"/><input semantic="INTERPOLATION" source="#root-visibility-animation-interpolation"/></sampler><channel source="#root-visibility-animation" target="root/visibility"/></animation></animation>
    <animation id="spine0-anim" name="spine0"><animation><source id="spine0-Matrix-animation-input"><float_array id="spine0-Matrix-animation-input-array" count="17">

0.033333 0.066667 0.100000 0.133333 0.166667 0.200000 0.233333 0.266667 0.300000 0.333333 0.366667 0.400000 0.433333 0.466667 0.500000 0.533333
0.566667</float_array><technique_common><accessor source="#spine0-Matrix-animation-input-array" count="17"><param name="TIME" type="float"/></accessor></technique_common></source><source id="spine0-Matrix-animation-output-transform"><float_array id="spine0-Matrix-animation-output-transform-array" count="272">

1.000000 0.000000 0.000000 0.000000 0.000000 1.000000 -0.000000 0.066930 0.000000 0.000000 1.000000 0.057443 0.000000 0.000000 0.000000 1.000000
0.999468 0.024192 -0.021872 0.000000 -0.024192 0.999707 0.000265 0.066930 0.021872 0.000265 0.999761 0.057443 0.000000 0.000000 0.000000 1.000000
0.993491 0.084498 -0.076397 0.000000 -0.084498 0.996418 0.003238 0.066930 0.076397 0.003238 0.997072 0.057443 0.000000 0.000000 0.000000 1.000000
0.975861 0.161996 -0.146465 0.000000 -0.161996 0.986718 0.012008 0.066930 0.146465 0.012008 0.989143 0.057443 0.000000 0.000000 0.000000 1.000000
0.947277 0.237675 -0.214888 0.000000 -0.237675 0.970991 0.026228 0.066930 0.214888 0.026228 0.976286 0.057443 0.000000 0.000000 0.000000 1.000000
0.918030 0.294121 -0.265922 0.000000 -0.294121 0.954898 0.040778 0.066930 0.265922 0.040778 0.963132 0.057443 0.000000 0.000000 0.000000 1.000000
0.904611 0.316171 -0.285858 0.000000 -0.316171 0.947515 0.047453 0.066930 0.285858 0.047453 0.957096 0.057443 0.000000 0.000000 0.000000 1.000000
0.915673 0.298136 -0.269552 0.000000 -0.298136 0.953601 0.041950 0.066930 0.269552 0.041950 0.962072 0.057443 0.000000 0.000000 0.000000 1.000000
0.941685 0.249604 -0.225673 0.000000 -0.249604 0.967913 0.029010 0.066930 0.225673 0.029010 0.973771 0.057443 0.000000 0.000000 0.000000 1.000000
0.970470 0.178930 -0.161776 0.000000 -0.178930 0.983752 0.014690 0.066930 0.161776 0.014690 0.986718 0.057443 0.000000 0.000000 0.000000 1.000000
0.991628 0.095782 -0.086599 0.000000 -0.095782 0.995394 0.004165 0.066930 0.086599 0.004165 0.996235 0.057443 0.000000 0.000000 0.000000 1.000000
0.999882 0.011387 -0.010295 0.000000 -0.011387 0.999935 0.000059 0.066930 0.010295 0.000059 0.999947 0.057443 0.000000 0.000000 0.000000 1.000000
0.996456 -0.062398 0.056415 0.000000 0.062398 0.998050 0.001763 0.066930 -0.056415 0.001763 0.998406 0.057443 0.000000 0.000000 0.000000 1.000000
0.988067 -0.114253 0.103299 0.000000 0.114253 0.993434 0.005937 0.066930 -0.103299 0.005937 0.994633 0.057443 0.000000 0.000000 0.000000 1.000000
0.983600 -0.133788 0.120961 0.000000 0.133788 0.990976 0.008158 0.066930 -0.120961 0.008158 0.992624 0.057443 0.000000 0.000000 0.000000 1.000000
0.995891 -0.067173 0.060733 0.000000 0.067173 0.997739 0.002044 0.066930 -0.060733 0.002044 0.998152 0.057443 0.000000 0.000000 0.000000 1.000000
1.000000 0.000000 0.000000 0.000000 0.000000 1.000000 0.000000 0.066930 0.000000 0.000000 1.000000 0.057443 0.000000 0.000000 0.000000 1.000000</float_array><technique_common><accessor source="#spine0-Matrix-animation-output-transform-array" count="17" stride="16"><param type="float4x4"/></accessor></technique_common></source><source id="spine0-Interpolations"><Name_array id="spine0-Interpolations-array" count="17">
 LINEAR LINEAR LINEAR LINEAR LINEAR LINEAR LINEAR LINEAR LINEAR LINEAR LINEAR
LINEAR LINEAR LINEAR LINEAR LINEAR LINEAR</Name_array><technique_common><accessor source="#spine0-Interpolations-array" count="17"><param type="name"/></accessor></technique_common></source><sampler id="spine0-Matrix-animation-transform"><input semantic="INPUT" source="#spine0-Matrix-animation-input"/><input semantic="OUTPUT" source="#spine0-Matrix-animation-output-transform"/><input semantic="INTERPOLATION" source="#spine0-Interpolations"/></sampler><channel source="#spine0-Matrix-animation-transform" target="spine0/matrix"/></animation><animation><source id="spine0-visibility-animation-input"><float_array id="spine0-visibility-animation-input-array" count="17">

0.033333 0.066667 0.100000 0.133333 0.166667 0.200000 0.233333 0.266667 0.300000 0.333333 0.366667 0.400000 0.433333 0.466667 0.500000 0.533333
0.566667</float_array><technique_common><accessor source="#spine0-visibility-animation-input-array" count="17"><param name="TIME" type="float"/></accessor></technique_common></source><source id="spine0-visibility-animation-output"><float_array id="spine0-visibility-animation-output-array" count="17">

1.000000 1.000000 1.000000 1.000000 1.000000 1.000000 1.000000 1.000000 1.000000 1.000000 1.000000 1.000000 1.000000 1.000000 1.000000 1.000000
1.000000</float_array><technique_common><accessor source="#spine0-visibility-animation-output-array" count="17"><param type="float"/></accessor></technique_common></source><source id="spine0-visibility-animation-intan"><float_array id="spine0-visibility-animation-intan-array" count="17">

0.000000 0.000000 0.000000 0.000000 0.000000 0.000000 0.000000 0.000000 0.000000 0.000000 0.000000 0.000000 0.000000 0.000000 0.000000 0.000000
0.000000</float_array><technique_common><accessor source="#spine0-visibility-animation-intan-array" count="17"><param type="float"/></accessor></technique_common></source><source id="spine0-visibility-animation-outtan"><float_array id="spine0-visibility-animation-outtan-array" count="17">

0.000000 0.000000 0.000000 0.000000 0.000000 0.000000 0.000000 0.000000 0.000000 0.000000 0.000000 0.000000 0.000000 0.000000 0.000000 0.000000
0.000000</float_array><technique_common><accessor source="#spine0-visibility-animation-outtan-array" count="17"><param type="float"/></accessor></technique_common></source><source id="spine0-visibility-animation-interpolation"><Name_array id="spine0-visibility-animation-interpolation-array" count="17">
 BEZIER BEZIER BEZIER BEZIER BEZIER BEZIER BEZIER BEZIER BEZIER BEZIER BEZIER
BEZIER BEZIER BEZIER BEZIER BEZIER STEP</Name_array><technique_common><accessor source="#spine0-visibility-animation-interpolation-array" count="17"><param type="name"/></accessor></technique_common></source><sampler id="spine0-visibility-animation"><input semantic="INPUT" source="#spine0-visibility-animation-input"/><input semantic="OUTPUT" source="#spine0-visibility-animation-output"/><input semantic="IN_TANGENT" source="#spine0-visibility-animation-intan"/><input semantic="OUT_TANGENT" source="#spine0-visibility-animation-outtan"/><input semantic="INTERPOLATION" source="#spine0-visibility-animation-interpolation"/></sampler><channel source="#spine0-visibility-animation" target="spine0/visibility"/></animation></animation>
    <animation id="spine1-anim" name="spine1"><animation><source id="spine1-Matrix-animation-input"><float_array id="spine1-Matrix-animation-input-array" count="17">

0.033333 0.066667 0.100000 0.133333 0.166667 0.200000 0.233333 0.266667 0.300000 0.333333 0.366667 0.400000 0.433333 0.466667 0.500000 0.533333
0.566667</float_array><technique_common><accessor source="#spine1-Matrix-animation-input-array" count="17"><param name="TIME" type="float"/></accessor></technique_common></source><source id="spine1-Matrix-animation-output-transform"><float_array id="spine1-Matrix-animation-output-transform-array" count="272">

1.000000 0.000000 0.000000 0.000000 0.000000 1.000000 -0.000000 0.014644 0.000000 0.000000 1.000000 0.038067 0.000000 0.000000 0.000000 1.000000
1.000000 -0.000000 0.000000 0.000000 0.000000 1.000000 0.000000 0.014644 0.000000 -0.000000 1.000000 0.038067 0.000000 0.000000 0.000000 1.000000
1.000000 0.000000 -0.000000 0.000000 -0.000000 1.000000 -0.000000 0.014644 -0.000000 0.000000 1.000000 0.038067 0.000000 0.000000 0.000000 1.000000
1.000000 0.000000 -0.000000 -0.000000 -0.000000 1.000000 -0.000000 0.014644 -0.000000 0.000000 1.000000 0.038067 0.000000 0.000000 0.000000 1.000000
1.000000 0.000000 0.000000 0.000000 0.000000 1.000000 0.000000 0.014644 0.000000 0.000000 1.000000 0.038067 0.000000 0.000000 0.000000 1.000000
1.000000 0.000000 0.000000 -0.000000 -0.000000 1.000000 0.000000 0.014644 -0.000000 -0.000000 1.000000 0.038067 0.000000 0.000000 0.000000 1.000000
1.000000 -0.000000 0.000000 0.000000 0.000000 1.000000 0.000000 0.014644 -0.000000 -0.000000 1.000000 0.038067 0.000000 0.000000 0.000000 1.000000
1.000000 0.000000 -0.000000 -0.000000 0.000000 1.000000 0.000000 0.014644 -0.000000 0.000000 1.000000 0.038067 0.000000 0.000000 0.000000 1.000000
1.000000 -0.000000 0.000000 -0.000000 -0.000000 1.000000 -0.000000 0.014644 -0.000000 0.000000 1.000000 0.038067 0.000000 0.000000 0.000000 1.000000
1.000000 -0.000000 0.000000 0.000000 -0.000000 1.000000 0.000000 0.014644 0.000000 -0.000000 1.000000 0.038067 0.000000 0.000000 0.000000 1.000000
1.000000 0.000000 0.000000 -0.000000 0.000000 1.000000 0.000000 0.014644 0.000000 -0.000000 1.000000 0.038067 0.000000 0.000000 0.000000 1.000000
1.000000 0.000000 0.000000 -0.000000 -0.000000 1.000000 -0.000000 0.014644 -0.000000 0.000000 1.000000 0.038067 0.000000 0.000000 0.000000 1.000000
1.000000 0.000000 -0.000000 0.000000 -0.000000 1.000000 0.000000 0.014644 0.000000 -0.000000 1.000000 0.038067 0.000000 0.000000 0.000000 1.000000
1.000000 0.000000 0.000000 0.000000 -0.000000 1.000000 0.000000 0.014644 0.000000 -0.000000 1.000000 0.038067 0.000000 0.000000 0.000000 1.000000
1.000000 0.000000 0.000000 0.000000 -0.000000 1.000000 0.000000 0.014644 0.000000 -0.000000 1.000000 0.038067 0.000000 0.000000 0.000000 1.000000
1.000000 -0.000000 0.000000 -0.000000 -0.000000 1.000000 -0.000000 0.014644 -0.000000 0.000000 1.000000 0.038067 0.000000 0.000000 0.000000 1.000000
1.000000 0.000000 0.000000 0.000000 0.000000 1.000000 -0.000000 0.014644 0.000000 0.000000 1.000000 0.038067 0.000000 0.000000 0.000000 1.000000</float_array><technique_common><accessor source="#spine1-Matrix-animation-output-transform-array" count="17" stride="16"><param type="float4x4"/></accessor></technique_common></source><source id="spine1-Interpolations"><Name_array id="spine1-Interpolations-array" count="17">
 LINEAR LINEAR LINEAR LINEAR LINEAR LINEAR LINEAR LINEAR LINEAR LINEAR LINEAR
LINEAR LINEAR LINEAR LINEAR LINEAR LINEAR</Name_array><technique_common><accessor source="#spine1-Interpolations-array" count="17"><param type="name"/></accessor></technique_common></source><sampler id="spine1-Matrix-animation-transform"><input semantic="INPUT" source="#spine1-Matrix-animation-input"/><input semantic="OUTPUT" source="#spine1-Matrix-animation-output-transform"/><input semantic="INTERPOLATION" source="#spine1-Interpolations"/></sampler><channel source="#spine1-Matrix-animation-transform" target="spine1/matrix"/></animation><animation><source id="spine1-visibility-animation-input"><float_array id="spine1-visibility-animation-input-array" count="17">

0.033333 0.066667 0.100000 0.133333 0.166667 0.200000 0.233333 0.266667 0.300000 0.333333 0.366667 0.400000 0.433333 0.466667 0.500000 0.533333
0.566667</float_array><technique_common><accessor source="#spine1-visibility-animation-input-array" count="17"><param name="TIME" type="float"/></accessor></technique_common></source><source id="spine1-visibility-animation-output"><float_array id="spine1-visibility-animation-output-array" count="17">

1.000000 1.000000 1.000000 1.000000 1.000000 1.000000 1.000000 1.000000 1.000000 1.000000 1.000000 1.000000 1.000000 1.000000 1.000000 1.000000
1.000000</float_array><technique_common><accessor source="#spine1-visibility-animation-output-array" count="17"><param type="float"/></accessor></technique_common></source><source id="spine1-visibility-animation-intan"><float_array id="spine1-visibility-animation-intan-array" count="17">

0.000000 0.000000 0.000000 0.000000 0.000000 0.000000 0.000000 0.000000 0.000000 0.000000 0.000000 0.000000 0.000000 0.000000 0.000000 0.000000
0.000000</float_array><technique_common><accessor source="#spine1-visibility-animation-intan-array" count="17"><param type="float"/></accessor></technique_common></source><source id="spine1-visibility-animation-outtan"><float_array id="spine1-visibility-animation-outtan-array" count="17">

0.000000 0.000000 0.000000 0.000000 0.000000 0.000000 0.000000 0.000000 0.000000 0.000000 0.000000 0.000000 0.000000 0.000000 0.000000 0.000000
0.000000</float_array><technique_common><accessor source="#spine1-visibility-animation-outtan-array" count="17"><param type="float"/></accessor></technique_common></source><source id="spine1-visibility-animation-interpolation"><Name_array id="spine1-visibility-animation-interpolation-array" count="17">
 BEZIER BEZIER BEZIER BEZIER BEZIER BEZIER BEZIER BEZIER BEZIER BEZIER BEZIER
BEZIER BEZIER BEZIER BEZIER BEZIER STEP</Name_array><technique_common><accessor source="#spine1-visibility-animation-interpolation-array" count="17"><param type="name"/></accessor></technique_common></source><sampler id="spine1-visibility-animation"><input semantic="INPUT" source="#spine1-visibility-animation-input"/><input semantic="OUTPUT" source="#spine1-visibility-animation-output"/><input semantic="IN_TANGENT" source="#spine1-visibility-animation-intan"/><input semantic="OUT_TANGENT" source="#spine1-visibility-animation-outtan"/><input semantic="INTERPOLATION" source="#spine1-visibility-animation-interpolation"/></sampler><channel source="#spine1-visibility-animation" target="spine1/visibility"/></animation></animation>
    <animation id="Blend-anim" name="Blend"><animation><source id="Blend-Matrix-animation-input"><float_array id="Blend-Matrix-animation-input-array" count="17">

0.033333 0.066667 0.100000 0.133333 0.166667 0.200000 0.233333 0.266667 0.300000 0.333333 0.366667 0.400000 0.433333 0.466667 0.500000 0.533333
0.566667</float_array><technique_common><accessor source="#Blend-Matrix-animation-input-array" count="17"><param name="TIME" type="float"/></accessor></technique_common></source><source id="Blend-Matrix-animation-output-transform"><float_array id="Blend-Matrix-animation-output-transform-array" count="272">

1.000000 0.000000 0.000000 0.000000 0.000000 0.881361 -0.472444 0.000315 0.000000 0.472444 0.881361 0.033705 0.000000 0.000000 0.000000 1.000000
0.999114 -0.013777 0.039763 0.000000 0.029549 0.902454 -0.429772 0.000315 -0.029963 0.430566 0.902061 0.033705 0.000000 0.000000 0.000000 1.000000
0.991311 -0.048086 0.122432 0.000000 0.091712 0.919897 -0.381286 0.000315 -0.094290 0.389201 0.916314 0.033705 0.000000 0.000000 0.000000 1.000000
0.970055 -0.098027 0.222226 0.000000 0.172622 0.921892 -0.346867 0.000315 -0.170866 0.374841 0.911207 0.033705 0.000000 0.000000 0.000000 1.000000
0.935662 -0.136652 0.325366 0.000000 0.258165 0.893644 -0.367084 0.000315 -0.240598 0.427465 0.871428 0.033705 0.000000 0.000000 0.000000 1.000000
0.900130 -0.141791 0.411899 0.000000 0.325736 0.846902 -0.420301 0.000315 -0.289243 0.512496 0.808509 0.033705 0.000000 0.000000 0.000000 1.000000
0.883922 -0.134893 0.447756 0.000000 0.352736 0.820951 -0.449018 0.000315 -0.307017 0.554837 0.773238 0.033705 0.000000 0.000000 0.000000 1.000000
0.898843 -0.124016 0.420359 0.000000 0.320708 0.839828 -0.437990 0.000315 -0.298712 0.528497 0.794646 0.033705 0.000000 0.000000 0.000000 1.000000
0.932204 -0.101746 0.347337 0.000000 0.252636 0.870124 -0.423154 0.000315 -0.259172 0.482216 0.836838 0.033705 0.000000 0.000000 0.000000 1.000000
0.967506 -0.079155 0.240138 0.000000 0.173886 0.897788 -0.404648 0.000315 -0.183563 0.433257 0.882379 0.033705 0.000000 0.000000 0.000000 1.000000
0.992054 -0.044592 0.117646 -0.000000 0.085989 0.922911 -0.375288 0.000315 -0.091842 0.382422 0.919412 0.033705 0.000000 0.000000 0.000000 1.000000
0.999996 0.002213 0.001849 0.000000 -0.001402 0.933406 -0.358820 0.000315 -0.002520 0.358816 0.933405 0.033705 0.000000 0.000000 0.000000 1.000000
0.994245 0.042520 -0.098331 -0.000000 -0.078574 0.913345 -0.399534 0.000315 0.072822 0.404961 0.911429 0.033705 0.000000 0.000000 0.000000 1.000000
0.983095 0.055309 -0.174544 0.000000 -0.132805 0.871647 -0.471799 0.000315 0.126046 0.487004 0.864257 0.033705 0.000000 0.000000 0.000000 1.000000
0.978069 0.052034 -0.201679 0.000000 -0.150168 0.847150 -0.509693 0.000315 0.144331 0.528800 0.836384 0.033705 0.000000 0.000000 0.000000 1.000000
0.994307 0.029173 -0.102481 0.000000 -0.077143 0.860544 -0.503501 0.000315 0.073501 0.508540 0.857895 0.033705 0.000000 0.000000 0.000000 1.000000
1.000000 0.000000 0.000000 0.000000 0.000000 1.000000 -0.000000 0.000315 0.000000 0.000000 1.000000 0.033705 0.000000 0.000000 0.000000 1.000000</float_array><technique_common><accessor source="#Blend-Matrix-animation-output-transform-array" count="17" stride="16"><param type="float4x4"/></accessor></technique_common></source><source id="Blend-Interpolations"><Name_array id="Blend-Interpolations-array" count="17">
 LINEAR LINEAR LINEAR LINEAR LINEAR LINEAR LINEAR LINEAR LINEAR LINEAR LINEAR
LINEAR LINEAR LINEAR LINEAR LINEAR LINEAR</Name_array><technique_common><accessor source="#Blend-Interpolations-array" count="17"><param type="name"/></accessor></technique_common></source><sampler id="Blend-Matrix-animation-transform"><input semantic="INPUT" source="#Blend-Matrix-animation-input"/><input semantic="OUTPUT" source="#Blend-Matrix-animation-output-transform"/><input semantic="INTERPOLATION" source="#Blend-Interpolations"/></sampler><channel source="#Blend-Matrix-animation-transform" target="Blend/matrix"/></animation><animation><source id="Blend-visibility-animation-input"><float_array id="Blend-visibility-animation-input-array" count="17">

0.033333 0.066667 0.100000 0.133333 0.166667 0.200000 0.233333 0.266667 0.300000 0.333333 0.366667 0.400000 0.433333 0.466667 0.500000 0.533333
0.566667</float_array><technique_common><accessor source="#Blend-visibility-animation-input-array" count="17"><param name="TIME" type="float"/></accessor></technique_common></source><source id="Blend-visibility-animation-output"><float_array id="Blend-visibility-animation-output-array" count="17">

1.000000 1.000000 1.000000 1.000000 1.000000 1.000000 1.000000 1.000000 1.000000 1.000000 1.000000 1.000000 1.000000 1.000000 1.000000 1.000000
1.000000</float_array><technique_common><accessor source="#Blend-visibility-animation-output-array" count="17"><param type="float"/></accessor></technique_common></source><source id="Blend-visibility-animation-intan"><float_array id="Blend-visibility-animation-intan-array" count="17">

0.000000 0.000000 0.000000 0.000000 0.000000 0.000000 0.000000 0.000000 0.000000 0.000000 0.000000 0.000000 0.000000 0.000000 0.000000 0.000000
0.000000</float_array><technique_common><accessor source="#Blend-visibility-animation-intan-array" count="17"><param type="float"/></accessor></technique_common></source><source id="Blend-visibility-animation-outtan"><float_array id="Blend-visibility-animation-outtan-array" count="17">

0.000000 0.000000 0.000000 0.000000 0.000000 0.000000 0.000000 0.000000 0.000000 0.000000 0.000000 0.000000 0.000000 0.000000 0.000000 0.000000
0.000000</float_array><technique_common><accessor source="#Blend-visibility-animation-outtan-array" count="17"><param type="float"/></accessor></technique_common></source><source id="Blend-visibility-animation-interpolation"><Name_array id="Blend-visibility-animation-interpolation-array" count="17">
 BEZIER BEZIER BEZIER BEZIER BEZIER BEZIER BEZIER BEZIER BEZIER BEZIER BEZIER
BEZIER BEZIER BEZIER BEZIER BEZIER STEP</Name_array><technique_common><accessor source="#Blend-visibility-animation-interpolation-array" count="17"><param type="name"/></accessor></technique_common></source><sampler id="Blend-visibility-animation"><input semantic="INPUT" source="#Blend-visibility-animation-input"/><input semantic="OUTPUT" source="#Blend-visibility-animation-output"/><input semantic="IN_TANGENT" source="#Blend-visibility-animation-intan"/><input semantic="OUT_TANGENT" source="#Blend-visibility-animation-outtan"/><input semantic="INTERPOLATION" source="#Blend-visibility-animation-interpolation"/></sampler><channel source="#Blend-visibility-animation" target="Blend/visibility"/></animation></animation>
    <animation id="neck0-anim" name="neck0"><animation><source id="neck0-Matrix-animation-input"><float_array id="neck0-Matrix-animation-input-array" count="17">

0.033333 0.066667 0.100000 0.133333 0.166667 0.200000 0.233333 0.266667 0.300000 0.333333 0.366667 0.400000 0.433333 0.466667 0.500000 0.533333
0.566667</float_array><technique_common><accessor source="#neck0-Matrix-animation-input-array" count="17"><param name="TIME" type="float"/></accessor></technique_common></source><source id="neck0-Matrix-animation-output-transform"><float_array id="neck0-Matrix-animation-output-transform-array" count="272">

1.000000 0.000000 0.000000 0.000000 0.000000 0.996121 0.087997 0.042008 0.000000 -0.087997 0.996121 0.006016 0.000000 0.000000 0.000000 1.000000
0.999990 0.004455 0.000000 0.000000 -0.004450 0.998704 0.050696 0.042008 0.000226 -0.050695 0.998714 0.006016 0.000000 0.000000 0.000000 1.000000
0.999919 0.012728 -0.000000 0.000000 -0.012728 0.999871 0.009767 0.042008 0.000124 -0.009766 0.999952 0.006016 0.000000 0.000000 0.000000 1.000000
0.999852 0.017183 -0.000000 0.000000 -0.017182 0.999807 -0.009494 0.042008 -0.000163 0.009492 0.999955 0.006016 0.000000 0.000000 0.000000 1.000000
0.998934 0.046168 0.000000 0.000000 -0.046150 0.998536 0.028214 0.042008 0.001303 -0.028184 0.999602 0.006016 0.000000 0.000000 0.000000 1.000000
0.994999 0.099881 -0.000000 0.000000 -0.099399 0.990200 0.098102 0.042008 0.009798 -0.097611 0.995176 0.006016 0.000000 0.000000 0.000000 1.000000
0.991685 0.128691 -0.000000 0.000000 -0.127503 0.982532 0.135553 0.042008 0.017444 -0.134426 0.990770 0.006016 0.000000 0.000000 0.000000 1.000000
0.996349 0.085375 0.000000 0.000000 -0.084773 0.989321 0.118560 0.042008 0.010122 -0.118127 0.992947 0.006016 0.000000 0.000000 0.000000 1.000000
0.999579 0.029002 0.000000 -0.000000 -0.028889 0.995702 0.087997 0.042008 0.002552 -0.087960 0.996121 0.006016 0.000000 0.000000 0.000000 1.000000
0.999933 0.011533 -0.000000 0.000000 -0.011517 0.998520 0.053154 0.042008 0.000613 -0.053151 0.998586 0.006016 0.000000 0.000000 0.000000 1.000000
0.999988 0.004823 -0.000000 0.000000 -0.004822 0.999847 0.016799 0.042008 0.000081 -0.016799 0.999859 0.006016 0.000000 0.000000 0.000000 1.000000
1.000000 0.000000 0.000000 0.000000 0.000000 1.000000 0.000000 0.042008 -0.000000 -0.000000 1.000000 0.006016 0.000000 0.000000 0.000000 1.000000
0.999981 -0.006153 -0.000000 0.000000 0.006149 0.999299 0.036934 0.042008 -0.000227 -0.036933 0.999318 0.006016 0.000000 0.000000 0.000000 1.000000
0.999946 -0.010417 0.000000 0.000000 0.010359 0.994381 0.105349 0.042008 -0.001097 -0.105343 0.994435 0.006016 0.000000 0.000000 0.000000 1.000000
0.999928 -0.012012 0.000000 0.000000 0.011891 0.989795 0.142002 0.042008 -0.001706 -0.141991 0.989866 0.006016 0.000000 0.000000 0.000000 1.000000
0.999982 -0.006007 -0.000000 0.000000 0.005962 0.992538 0.121794 0.042008 -0.000732 -0.121791 0.992555 0.006016 0.000000 0.000000 0.000000 1.000000
1.000000 0.000000 0.000000 0.000000 0.000000 1.000000 0.000000 0.042008 0.000000 0.000000 1.000000 0.006016 0.000000 0.000000 0.000000 1.000000</float_array><technique_common><accessor source="#neck0-Matrix-animation-output-transform-array" count="17" stride="16"><param type="float4x4"/></accessor></technique_common></source><source id="neck0-Interpolations"><Name_array id="neck0-Interpolations-array" count="17">
 LINEAR LINEAR LINEAR LINEAR LINEAR LINEAR LINEAR LINEAR LINEAR LINEAR LINEAR
LINEAR LINEAR LINEAR LINEAR LINEAR LINEAR</Name_array><technique_common><accessor source="#neck0-Interpolations-array" count="17"><param type="name"/></accessor></technique_common></source><sampler id="neck0-Matrix-animation-transform"><input semantic="INPUT" source="#neck0-Matrix-animation-input"/><input semantic="OUTPUT" source="#neck0-Matrix-animation-output-transform"/><input semantic="INTERPOLATION" source="#neck0-Interpolations"/></sampler><channel source="#neck0-Matrix-animation-transform" target="neck0/matrix"/></animation><animation><source id="neck0-visibility-animation-input"><float_array id="neck0-visibility-animation-input-array" count="17">

0.033333 0.066667 0.100000 0.133333 0.166667 0.200000 0.233333 0.266667 0.300000 0.333333 0.366667 0.400000 0.433333 0.466667 0.500000 0.533333
0.566667</float_array><technique_common><accessor source="#neck0-visibility-animation-input-array" count="17"><param name="TIME" type="float"/></accessor></technique_common></source><source id="neck0-visibility-animation-output"><float_array id="neck0-visibility-animation-output-array" count="17">

1.000000 1.000000 1.000000 1.000000 1.000000 1.000000 1.000000 1.000000 1.000000 1.000000 1.000000 1.000000 1.000000 1.000000 1.000000 1.000000
1.000000</float_array><technique_common><accessor source="#neck0-visibility-animation-output-array" count="17"><param type="float"/></accessor></technique_common></source><source id="neck0-visibility-animation-intan"><float_array id="neck0-visibility-animation-intan-array" count="17">

0.000000 0.000000 0.000000 0.000000 0.000000 0.000000 0.000000 0.000000 0.000000 0.000000 0.000000 0.000000 0.000000 0.000000 0.000000 0.000000
0.000000</float_array><technique_common><accessor source="#neck0-visibility-animation-intan-array" count="17"><param type="float"/></accessor></technique_common></source><source id="neck0-visibility-animation-outtan"><float_array id="neck0-visibility-animation-outtan-array" count="17">

0.000000 0.000000 0.000000 0.000000 0.000000 0.000000 0.000000 0.000000 0.000000 0.000000 0.000000 0.000000 0.000000 0.000000 0.000000 0.000000
0.000000</float_array><technique_common><accessor source="#neck0-visibility-animation-outtan-array" count="17"><param type="float"/></accessor></technique_common></source><source id="neck0-visibility-animation-interpolation"><Name_array id="neck0-visibility-animation-interpolation-array" count="17">
 BEZIER BEZIER BEZIER BEZIER BEZIER BEZIER BEZIER BEZIER BEZIER BEZIER BEZIER
BEZIER BEZIER BEZIER BEZIER BEZIER STEP</Name_array><technique_common><accessor source="#neck0-visibility-animation-interpolation-array" count="17"><param type="name"/></accessor></technique_common></source><sampler id="neck0-visibility-animation"><input semantic="INPUT" source="#neck0-visibility-animation-input"/><input semantic="OUTPUT" source="#neck0-visibility-animation-output"/><input semantic="IN_TANGENT" source="#neck0-visibility-animation-intan"/><input semantic="OUT_TANGENT" source="#neck0-visibility-animation-outtan"/><input semantic="INTERPOLATION" source="#neck0-visibility-animation-interpolation"/></sampler><channel source="#neck0-visibility-animation" target="neck0/visibility"/></animation></animation>
    <animation id="neck1-anim" name="neck1"><animation><source id="neck1-Matrix-animation-input"><float_array id="neck1-Matrix-animation-input-array" count="17">

0.033333 0.066667 0.100000 0.133333 0.166667 0.200000 0.233333 0.266667 0.300000 0.333333 0.366667 0.400000 0.433333 0.466667 0.500000 0.533333
0.566667</float_array><technique_common><accessor source="#neck1-Matrix-animation-input-array" count="17"><param name="TIME" type="float"/></accessor></technique_common></source><source id="neck1-Matrix-animation-output-transform"><float_array id="neck1-Matrix-animation-output-transform-array" count="272">

1.000000 0.000000 0.000000 0.000000 0.000000 0.996121 0.087997 0.044040 0.000000 -0.087997 0.996121 -0.006780 0.000000 0.000000 0.000000 1.000000
0.999990 0.004455 0.000000 -0.000000 -0.004450 0.998704 0.050696 0.044040 0.000226 -0.050695 0.998714 -0.006780 0.000000 0.000000 0.000000 1.000000
0.999919 0.012728 -0.000000 0.000000 -0.012728 0.999871 0.009767 0.044040 0.000124 -0.009766 0.999952 -0.006780 0.000000 0.000000 0.000000 1.000000
0.999852 0.017183 -0.000000 0.000000 -0.017182 0.999807 -0.009494 0.044040 -0.000163 0.009492 0.999955 -0.006780 0.000000 0.000000 0.000000 1.000000
0.999919 0.012728 -0.000000 -0.000000 -0.012723 0.999521 0.028214 0.044040 0.000359 -0.028212 0.999602 -0.006780 0.000000 0.000000 0.000000 1.000000
0.999990 0.004455 0.000000 0.000000 -0.004433 0.995167 0.098102 0.044040 0.000437 -0.098101 0.995176 -0.006780 0.000000 0.000000 0.000000 1.000000
1.000000 0.000000 0.000000 0.000000 0.000000 0.990770 0.135553 0.044040 0.000000 -0.135553 0.990770 -0.006780 0.000000 0.000000 0.000000 1.000000
0.999895 0.014502 -0.000000 0.000000 -0.014400 0.992842 0.118560 0.044040 0.001719 -0.118548 0.992947 -0.006780 0.000000 0.000000 0.000000 1.000000
0.999579 0.029002 0.000000 0.000000 -0.028889 0.995702 0.087997 0.044040 0.002552 -0.087960 0.996121 -0.006780 0.000000 0.000000 0.000000 1.000000
0.999735 0.023002 0.000000 0.000000 -0.022970 0.998322 0.053154 0.044040 0.001223 -0.053140 0.998586 -0.006780 0.000000 0.000000 0.000000 1.000000
0.999944 0.010558 -0.000000 0.000000 -0.010556 0.999803 0.016799 0.044040 0.000177 -0.016798 0.999859 -0.006780 0.000000 0.000000 0.000000 1.000000
1.000000 0.000000 0.000000 -0.000000 0.000000 1.000000 0.000000 0.044040 0.000000 0.000000 1.000000 -0.006780 0.000000 0.000000 0.000000 1.000000
0.999981 -0.006153 -0.000000 0.000000 0.006149 0.999299 0.036934 0.044040 -0.000227 -0.036933 0.999318 -0.006780 0.000000 0.000000 0.000000 1.000000
0.999946 -0.010417 0.000000 0.000000 0.010359 0.994381 0.105349 0.044040 -0.001097 -0.105343 0.994435 -0.006780 0.000000 0.000000 0.000000 1.000000
0.999928 -0.012012 0.000000 -0.000000 0.011891 0.989795 0.142002 0.044040 -0.001706 -0.141991 0.989866 -0.006780 0.000000 0.000000 0.000000 1.000000
0.999982 -0.006007 -0.000000 0.000000 0.005962 0.992538 0.121794 0.044040 -0.000732 -0.121791 0.992555 -0.006780 0.000000 0.000000 0.000000 1.000000
1.000000 0.000000 0.000000 0.000000 0.000000 1.000000 0.000000 0.044040 0.000000 0.000000 1.000000 -0.006780 0.000000 0.000000 0.000000 1.000000</float_array><technique_common><accessor source="#neck1-Matrix-animation-output-transform-array" count="17" stride="16"><param type="float4x4"/></accessor></technique_common></source><source id="neck1-Interpolations"><Name_array id="neck1-Interpolations-array" count="17">
 LINEAR LINEAR LINEAR LINEAR LINEAR LINEAR LINEAR LINEAR LINEAR LINEAR LINEAR
LINEAR LINEAR LINEAR LINEAR LINEAR LINEAR</Name_array><technique_common><accessor source="#neck1-Interpolations-array" count="17"><param type="name"/></accessor></technique_common></source><sampler id="neck1-Matrix-animation-transform"><input semantic="INPUT" source="#neck1-Matrix-animation-input"/><input semantic="OUTPUT" source="#neck1-Matrix-animation-output-transform"/><input semantic="INTERPOLATION" source="#neck1-Interpolations"/></sampler><channel source="#neck1-Matrix-animation-transform" target="neck1/matrix"/></animation><animation><source id="neck1-visibility-animation-input"><float_array id="neck1-visibility-animation-input-array" count="17">

0.033333 0.066667 0.100000 0.133333 0.166667 0.200000 0.233333 0.266667 0.300000 0.333333 0.366667 0.400000 0.433333 0.466667 0.500000 0.533333
0.566667</float_array><technique_common><accessor source="#neck1-visibility-animation-input-array" count="17"><param name="TIME" type="float"/></accessor></technique_common></source><source id="neck1-visibility-animation-output"><float_array id="neck1-visibility-animation-output-array" count="17">

1.000000 1.000000 1.000000 1.000000 1.000000 1.000000 1.000000 1.000000 1.000000 1.000000 1.000000 1.000000 1.000000 1.000000 1.000000 1.000000
1.000000</float_array><technique_common><accessor source="#neck1-visibility-animation-output-array" count="17"><param type="float"/></accessor></technique_common></source><source id="neck1-visibility-animation-intan"><float_array id="neck1-visibility-animation-intan-array" count="17">

0.000000 0.000000 0.000000 0.000000 0.000000 0.000000 0.000000 0.000000 0.000000 0.000000 0.000000 0.000000 0.000000 0.000000 0.000000 0.000000
0.000000</float_array><technique_common><accessor source="#neck1-visibility-animation-intan-array" count="17"><param type="float"/></accessor></technique_common></source><source id="neck1-visibility-animation-outtan"><float_array id="neck1-visibility-animation-outtan-array" count="17">

0.000000 0.000000 0.000000 0.000000 0.000000 0.000000 0.000000 0.000000 0.000000 0.000000 0.000000 0.000000 0.000000 0.000000 0.000000 0.000000
0.000000</float_array><technique_common><accessor source="#neck1-visibility-animation-outtan-array" count="17"><param type="float"/></accessor></technique_common></source><source id="neck1-visibility-animation-interpolation"><Name_array id="neck1-visibility-animation-interpolation-array" count="17">
 BEZIER BEZIER BEZIER BEZIER BEZIER BEZIER BEZIER BEZIER BEZIER BEZIER BEZIER
