<?xml version="1.0" encoding="utf-8"?>
<COLLADA xmlns="http://www.collada.org/2005/11/COLLADASchema" version="1.4.1">
  <asset><contributor><author></author><authoring_tool>FBX COLLADA exporter</authoring_tool><comments></comments></contributor><created>2013-05-27T10:47:14Z</created><keywords></keywords><modified>2013-05-27T10:47:14Z</modified><revision></revision><subject></subject><title></title><unit meter="0.010000" name="centimeter"></unit><up_axis>Y_UP</up_axis></asset>
  <library_animations>
    <animation id="root-anim" name="root"><animation><source id="root-Matrix-animation-input"><float_array id="root-Matrix-animation-input-array" count="94">

0.033333 0.066667 0.100000 0.133333 0.166667 0.200000 0.233333 0.266667 0.300000 0.333333 0.366667 0.400000 0.433333 0.466667 0.500000 0.533333
0.566667 0.600000 0.633333 0.666667 0.700000 0.733333 0.766667 0.800000 0.833333 0.866667 0.900000 0.933333 0.966667 1.000000 1.033333 1.066667
1.100000 1.133333 1.166667 1.200000 1.233333 1.266667 1.300000 1.333333 1.366667 1.400000 1.433333 1.466667 1.500000 1.533333 1.566667 1.600000
1.633333 1.666667 1.700000 1.733333 1.766667 1.800000 1.833333 1.866667 1.900000 1.933333 1.966667 2.000000 2.033333 2.066667 2.100000 2.133333
2.166667 2.200000 2.233333 2.266667 2.300000 2.333333 2.366667 2.400000 2.433333 2.466667 2.500000 2.533333 2.566667 2.600000 2.633333 2.666667
2.700000 2.733333 2.766667 2.800000 2.833333 2.866667 2.900000 2.933333 2.966667 3.000000 3.033333 3.066667 3.100000 3.133333</float_array><technique_common><accessor source="#root-Matrix-animation-input-array" count="94"><param name="TIME" type="float"/></accessor></technique_common></source><source id="root-Matrix-animation-output-transform"><float_array id="root-Matrix-animation-output-transform-array" count="1504">

1.000000 0.000000 0.000000 0.000000 0.000000 0.902960 -0.429724 0.196371 0.000000 0.429724 0.902960 -0.019575 0.000000 0.000000 0.000000 1.000000
1.000000 0.000068 0.000111 0.000000 -0.000013 0.902960 -0.429724 0.196371 -0.000129 0.429724 0.902960 -0.019575 0.000000 0.000000 0.000000 1.000000
1.000000 0.000292 0.000480 0.000000 -0.000057 0.902960 -0.429724 0.196371 -0.000559 0.429724 0.902960 -0.019575 0.000000 0.000000 0.000000 1.000000
0.999999 0.000705 0.001160 0.000000 -0.000138 0.902960 -0.429724 0.196371 -0.001351 0.429723 0.902960 -0.019575 0.000000 0.000000 0.000000 1.000000
0.999997 0.001340 0.002205 0.000000 -0.000263 0.902960 -0.429724 0.196371 -0.002567 0.429722 0.902957 -0.019575 0.000000 0.000000 0.000000 1.000000
0.999991 0.002229 0.003666 0.000000 -0.000437 0.902960 -0.429725 0.196371 -0.004268 0.429719 0.902952 -0.019575 0.000000 0.000000 0.000000 1.000000
0.999979 0.003404 0.005599 0.000000 -0.000668 0.902959 -0.429726 0.196371 -0.006518 0.429713 0.902942 -0.019575 0.000000 0.000000 0.000000 1.000000
0.999956 0.004897 0.008055 0.000000 -0.000961 0.902958 -0.429728 0.196371 -0.009378 0.429701 0.902923 -0.019575 0.000000 0.000000 0.000000 1.000000
0.999916 0.006742 0.011089 0.000000 -0.001322 0.902956 -0.429731 0.196371 -0.012910 0.429680 0.902889 -0.019575 0.000000 0.000000 0.000000 1.000000
0.999819 0.009890 0.016267 0.000000 -0.001940 0.902961 -0.429717 0.196373 -0.018939 0.429608 0.902817 -0.019575 0.000000 0.000000 0.000000 1.000000
0.999608 0.014535 0.023908 0.000000 -0.002854 0.902982 -0.429668 0.196379 -0.027834 0.429432 0.902670 -0.019577 0.000000 0.000000 0.000000 1.000000
0.999290 0.019570 0.032190 0.000000 -0.003847 0.903018 -0.429586 0.196388 -0.037476 0.429157 0.902452 -0.019579 0.000000 0.000000 0.000000 1.000000
0.998942 0.023889 0.039294 0.000000 -0.004703 0.903072 -0.429464 0.196401 -0.045745 0.428825 0.902229 -0.019581 0.000000 0.000000 0.000000 1.000000
0.998709 0.026387 0.043403 0.000000 -0.005206 0.903151 -0.429292 0.196418 -0.050527 0.428512 0.902122 -0.019585 0.000000 0.000000 0.000000 1.000000
0.998590 0.027572 0.045352 0.000000 -0.005453 0.903255 -0.429070 0.196437 -0.052795 0.428218 0.902132 -0.019588 0.000000 0.000000 0.000000 1.000000
0.998474 0.028690 0.047191 0.000000 -0.005691 0.903377 -0.428810 0.196459 -0.054934 0.427887 0.902161 -0.019593 0.000000 0.000000 0.000000 1.000000
0.998360 0.029742 0.048921 0.000000 -0.005919 0.903516 -0.428513 0.196484 -0.056946 0.427520 0.902210 -0.019598 0.000000 0.000000 0.000000 1.000000
0.998249 0.030729 0.050544 0.000000 -0.006137 0.903673 -0.428180 0.196512 -0.058832 0.427120 0.902279 -0.019603 0.000000 0.000000 0.000000 1.000000
0.998142 0.031651 0.052061 0.000000 -0.006347 0.903845 -0.427812 0.196542 -0.060595 0.426687 0.902367 -0.019608 0.000000 0.000000 0.000000 1.000000
0.998040 0.032510 0.053473 0.000000 -0.006547 0.904034 -0.427411 0.196574 -0.062237 0.426223 0.902475 -0.019614 0.000000 0.000000 0.000000 1.000000
0.997943 0.033306 0.054784 0.000000 -0.006739 0.904237 -0.426977 0.196608 -0.063758 0.425730 0.902601 -0.019620 0.000000 0.000000 0.000000 1.000000
0.997851 0.034041 0.055993 0.000000 -0.006922 0.904455 -0.426513 0.196644 -0.065162 0.425208 0.902747 -0.019626 0.000000 0.000000 0.000000 1.000000
0.997765 0.034716 0.057102 0.000000 -0.007096 0.904687 -0.426018 0.196682 -0.066449 0.424661 0.902911 -0.019632 0.000000 0.000000 0.000000 1.000000
0.997685 0.035331 0.058114 0.000000 -0.007262 0.904932 -0.425495 0.196721 -0.067622 0.424088 0.903093 -0.019638 0.000000 0.000000 0.000000 1.000000
0.997611 0.035888 0.059030 0.000000 -0.007418 0.905189 -0.424944 0.196762 -0.068683 0.423491 0.903293 -0.019645 0.000000 0.000000 0.000000 1.000000
0.997544 0.036387 0.059851 0.000000 -0.007567 0.905459 -0.424367 0.196804 -0.069634 0.422872 0.903510 -0.019651 0.000000 0.000000 0.000000 1.000000
0.997484 0.036829 0.060578 0.000000 -0.007706 0.905739 -0.423765 0.196847 -0.070475 0.422232 0.903744 -0.019656 0.000000 0.000000 0.000000 1.000000
0.997431 0.037216 0.061215 0.000000 -0.007837 0.906031 -0.423139 0.196890 -0.071210 0.421572 0.903995 -0.019662 0.000000 0.000000 0.000000 1.000000
0.997384 0.037548 0.061761 0.000000 -0.007958 0.906333 -0.422490 0.196934 -0.071840 0.420894 0.904261 -0.019667 0.000000 0.000000 0.000000 1.000000
0.997345 0.037827 0.062219 0.000000 -0.008071 0.906644 -0.421820 0.196979 -0.072367 0.420198 0.904542 -0.019672 0.000000 0.000000 0.000000 1.000000
0.997314 0.038052 0.062590 0.000000 -0.008175 0.906963 -0.421130 0.197024 -0.072792 0.419487 0.904838 -0.019676 0.000000 0.000000 0.000000 1.000000
0.997289 0.038226 0.062876 0.000000 -0.008270 0.907292 -0.420421 0.197069 -0.073118 0.418761 0.905148 -0.019680 0.000000 0.000000 0.000000 1.000000
0.997271 0.038349 0.063079 0.000000 -0.008356 0.907627 -0.419694 0.197114 -0.073347 0.418022 0.905471 -0.019683 0.000000 0.000000 0.000000 1.000000
0.997261 0.038422 0.063199 0.000000 -0.008432 0.907970 -0.418950 0.197159 -0.073480 0.417270 0.905807 -0.019686 0.000000 0.000000 0.000000 1.000000
0.997258 0.038446 0.063239 0.000000 -0.008499 0.908319 -0.418192 0.197203 -0.073519 0.416507 0.906155 -0.019688 0.000000 0.000000 0.000000 1.000000
0.997258 0.038441 0.063229 0.000000 -0.008560 0.908674 -0.417419 0.197247 -0.073500 0.415734 0.906512 -0.019689 0.000000 0.000000 0.000000 1.000000
0.997262 0.038419 0.063193 0.000000 -0.008619 0.909033 -0.416635 0.197289 -0.073451 0.414949 0.906875 -0.019690 0.000000 0.000000 0.000000 1.000000
0.997268 0.038374 0.063120 0.000000 -0.008673 0.909397 -0.415839 0.197331 -0.073359 0.414155 0.907245 -0.019689 0.000000 0.000000 0.000000 1.000000
0.997278 0.038301 0.062999 0.000000 -0.008722 0.909765 -0.415033 0.197372 -0.073210 0.413354 0.907623 -0.019688 0.000000 0.000000 0.000000 1.000000
0.997294 0.038192 0.062820 0.000000 -0.008762 0.910136 -0.414218 0.197411 -0.072994 0.412547 0.908007 -0.019686 0.000000 0.000000 0.000000 1.000000
0.997315 0.038041 0.062571 0.000000 -0.008793 0.910509 -0.413396 0.197449 -0.072698 0.411735 0.908399 -0.019682 0.000000 0.000000 0.000000 1.000000
0.997343 0.037841 0.062243 0.000000 -0.008813 0.910885 -0.412567 0.197485 -0.072308 0.410922 0.908798 -0.019678 0.000000 0.000000 0.000000 1.000000
0.997379 0.037587 0.061824 0.000000 -0.008819 0.911262 -0.411732 0.197519 -0.071814 0.410108 0.909205 -0.019672 0.000000 0.000000 0.000000 1.000000
0.997423 0.037270 0.061304 0.000000 -0.008810 0.911641 -0.410894 0.197552 -0.071202 0.409295 0.909620 -0.019665 0.000000 0.000000 0.000000 1.000000
0.997476 0.036886 0.060672 0.000000 -0.008784 0.912020 -0.410052 0.197582 -0.070460 0.408484 0.910042 -0.019656 0.000000 0.000000 0.000000 1.000000
0.997538 0.036428 0.059918 0.000000 -0.008739 0.912399 -0.409209 0.197609 -0.069576 0.407678 0.910471 -0.019647 0.000000 0.000000 0.000000 1.000000
0.997611 0.035888 0.059030 0.000000 -0.008673 0.912778 -0.408365 0.197634 -0.068537 0.406877 0.910908 -0.019635 0.000000 0.000000 0.000000 1.000000
0.997694 0.035261 0.057999 0.000000 -0.008583 0.913156 -0.407521 0.197657 -0.067331 0.406083 0.911352 -0.019623 0.000000 0.000000 0.000000 1.000000
0.997787 0.034539 0.056812 0.000000 -0.008467 0.913532 -0.406679 0.197676 -0.065946 0.405298 0.911803 -0.019608 0.000000 0.000000 0.000000 1.000000
0.997891 0.033717 0.055460 0.000000 -0.008324 0.913906 -0.405841 0.197692 -0.064369 0.404523 0.912260 -0.019592 0.000000 0.000000 0.000000 1.000000
0.998006 0.032788 0.053932 0.000000 -0.008151 0.914278 -0.405006 0.197705 -0.062588 0.403759 0.912722 -0.019575 0.000000 0.000000 0.000000 1.000000
0.998129 0.031763 0.052245 0.000000 -0.007956 0.914685 -0.404088 0.197717 -0.060623 0.402916 0.913227 -0.019555 0.000000 0.000000 0.000000 1.000000
0.998257 0.030659 0.050430 0.000000 -0.007748 0.915163 -0.403010 0.197731 -0.058507 0.401917 0.913805 -0.019531 0.000000 0.000000 0.000000 1.000000
0.998388 0.029484 0.048496 0.000000 -0.007525 0.915700 -0.401791 0.197747 -0.056254 0.400778 0.914446 -0.019504 0.000000 0.000000 0.000000 1.000000
0.998521 0.028242 0.046454 0.000000 -0.007286 0.916290 -0.400449 0.197763 -0.053875 0.399518 0.915141 -0.019474 0.000000 0.000000 0.000000 1.000000
0.998654 0.026940 0.044313 0.000000 -0.007031 0.916923 -0.399002 0.197780 -0.051380 0.398153 0.915879 -0.019442 0.000000 0.000000 0.000000 1.000000
0.998787 0.025584 0.042082 0.000000 -0.006758 0.917591 -0.397468 0.197798 -0.048783 0.396702 0.916650 -0.019408 0.000000 0.000000 0.000000 1.000000
0.998916 0.024180 0.039772 0.000000 -0.006466 0.918285 -0.395868 0.197815 -0.046094 0.395181 0.917446 -0.019371 0.000000 0.000000 0.000000 1.000000
0.999042 0.022733 0.037393 0.000000 -0.006157 0.918996 -0.394218 0.197831 -0.043325 0.393610 0.918256 -0.019333 0.000000 0.000000 0.000000 1.000000
0.999163 0.021250 0.034953 0.000000 -0.005828 0.919718 -0.392537 0.197846 -0.040488 0.392005 0.919072 -0.019293 0.000000 0.000000 0.000000 1.000000
0.999278 0.019737 0.032464 0.000000 -0.005482 0.920440 -0.390846 0.197860 -0.037595 0.390385 0.919884 -0.019252 0.000000 0.000000 0.000000 1.000000
0.999386 0.018198 0.029934 0.000000 -0.005118 0.921156 -0.389161 0.197871 -0.034656 0.388769 0.920683 -0.019210 0.000000 0.000000 0.000000 1.000000
0.999487 0.016642 0.027373 0.000000 -0.004737 0.921857 -0.387502 0.197880 -0.031683 0.387174 0.921462 -0.019168 0.000000 0.000000 0.000000 1.000000
0.999579 0.015073 0.024792 0.000000 -0.004340 0.922535 -0.385888 0.197887 -0.028688 0.385618 0.922212 -0.019125 0.000000 0.000000 0.000000 1.000000
0.999662 0.013497 0.022200 0.000000 -0.003929 0.923184 -0.384338 0.197890 -0.025682 0.384121 0.922926 -0.019082 0.000000 0.000000 0.000000 1.000000
0.999737 0.011920 0.019607 0.000000 -0.003506 0.923795 -0.382870 0.197890 -0.022677 0.382701 0.923594 -0.019040 0.000000 0.000000 0.000000 1.000000
0.999802 0.010349 0.017023 0.000000 -0.003073 0.924362 -0.381504 0.197885 -0.019683 0.381376 0.924210 -0.018998 0.000000 0.000000 0.000000 1.000000
0.999857 0.008789 0.014457 0.000000 -0.002632 0.924876 -0.380259 0.197876 -0.016713 0.380167 0.924767 -0.018956 0.000000 0.000000 0.000000 1.000000
0.999903 0.007246 0.011919 0.000000 -0.002186 0.925331 -0.379154 0.197862 -0.013777 0.379091 0.925257 -0.018916 0.000000 0.000000 0.000000 1.000000
0.999939 0.005727 0.009420 0.000000 -0.001739 0.925720 -0.378207 0.197843 -0.010886 0.378167 0.925673 -0.018877 0.000000 0.000000 0.000000 1.000000
0.999967 0.004236 0.006968 0.000000 -0.001293 0.926034 -0.377437 0.197818 -0.008052 0.377416 0.926009 -0.018840 0.000000 0.000000 0.000000 1.000000
0.999986 0.002781 0.004575 0.000000 -0.000852 0.926268 -0.376864 0.197787 -0.005286 0.376855 0.926257 -0.018805 0.000000 0.000000 0.000000 1.000000
0.999997 0.001367 0.002249 0.000000 -0.000420 0.926414 -0.376507 0.197750 -0.002598 0.376505 0.926411 -0.018772 0.000000 0.000000 0.000000 1.000000
1.000000 0.000000 0.000000 0.000000 0.000000 0.926464 -0.376384 0.197705 0.000000 0.376384 0.926464 -0.018741 0.000000 0.000000 0.000000 1.000000
0.999996 -0.001407 -0.002314 -0.000000 0.000431 0.926304 -0.376776 0.197512 0.002674 0.376773 0.926302 -0.018763 0.000000 0.000000 0.000000 1.000000
0.999984 -0.002900 -0.004770 -0.000000 0.000882 0.925847 -0.377898 0.197077 0.005513 0.377887 0.925835 -0.018871 0.000000 0.000000 0.000000 1.000000
0.999964 -0.004412 -0.007258 -0.000000 0.001327 0.925122 -0.379667 0.196470 0.008389 0.379644 0.925095 -0.019041 0.000000 0.000000 0.000000 1.000000
0.999936 -0.005876 -0.009665 -0.000000 0.001738 0.924160 -0.382002 0.195763 0.011177 0.381961 0.924111 -0.019251 0.000000 0.000000 0.000000 1.000000
0.999903 -0.007225 -0.011883 -0.000000 0.002095 0.922989 -0.384819 0.195026 0.013748 0.384757 0.922915 -0.019475 0.000000 0.000000 0.000000 1.000000
0.999870 -0.008390 -0.013801 -0.000000 0.002378 0.921641 -0.388036 0.194329 0.015975 0.387953 0.921541 -0.019691 0.000000 0.000000 0.000000 1.000000
0.999840 -0.009306 -0.015307 -0.000000 0.002570 0.920145 -0.391569 0.193744 0.017728 0.391467 0.920021 -0.019874 0.000000 0.000000 0.000000 1.000000
0.999818 -0.009905 -0.016292 -0.000000 0.002658 0.918533 -0.395336 0.193341 0.018880 0.395221 0.918392 -0.020002 0.000000 0.000000 0.000000 1.000000
0.999810 -0.010119 -0.016644 -0.000000 0.002633 0.916836 -0.399255 0.193191 0.019300 0.399136 0.916689 -0.020050 0.000000 0.000000 0.000000 1.000000
0.999819 -0.009883 -0.016257 -0.000000 0.002489 0.915089 -0.403245 0.193265 0.018862 0.403132 0.914948 -0.020039 0.000000 0.000000 0.000000 1.000000
0.999842 -0.009237 -0.015194 -0.000000 0.002250 0.913325 -0.407226 0.193468 0.017639 0.407128 0.913201 -0.020008 0.000000 0.000000 0.000000 1.000000
0.999873 -0.008272 -0.013606 -0.000000 0.001947 0.911580 -0.411119 0.193771 0.015804 0.411040 0.911480 -0.019963 0.000000 0.000000 0.000000 1.000000
0.999907 -0.007078 -0.011643 -0.000000 0.001611 0.909891 -0.414845 0.194147 0.013530 0.414787 0.909818 -0.019907 0.000000 0.000000 0.000000 1.000000
0.999939 -0.005748 -0.009454 -0.000000 0.001266 0.908296 -0.418326 0.194565 0.010992 0.418288 0.908248 -0.019845 0.000000 0.000000 0.000000 1.000000
0.999965 -0.004372 -0.007191 -0.000000 0.000934 0.906835 -0.421485 0.194997 0.008364 0.421463 0.906807 -0.019780 0.000000 0.000000 0.000000 1.000000
0.999983 -0.003041 -0.005002 -0.000000 0.000632 0.905548 -0.424243 0.195415 0.005820 0.424233 0.905535 -0.019718 0.000000 0.000000 0.000000 1.000000
0.999994 -0.001848 -0.003039 -0.000000 0.000375 0.904476 -0.426524 0.195791 0.003537 0.426520 0.904471 -0.019662 0.000000 0.000000 0.000000 1.000000
0.999999 -0.000882 -0.001451 -0.000000 0.000176 0.903660 -0.428250 0.196094 0.001689 0.428249 0.903659 -0.019616 0.000000 0.000000 0.000000 1.000000
1.000000 -0.000236 -0.000388 -0.000000 0.000046 0.903142 -0.429342 0.196297 0.000451 0.429342 0.903142 -0.019586 0.000000 0.000000 0.000000 1.000000
1.000000 0.000000 0.000000 -0.000000 0.000000 1.000000 0.000000 0.194113 0.000000 0.000000 1.000000 -0.034003 0.000000 0.000000 0.000000 1.000000</float_array><technique_common><accessor source="#root-Matrix-animation-output-transform-array" count="94" stride="16"><param type="float4x4"/></accessor></technique_common></source><source id="root-Interpolations"><Name_array id="root-Interpolations-array" count="94">
 LINEAR LINEAR LINEAR LINEAR LINEAR LINEAR LINEAR LINEAR LINEAR LINEAR LINEAR
LINEAR LINEAR LINEAR LINEAR LINEAR LINEAR LINEAR LINEAR LINEAR LINEAR LINEAR LINEAR
LINEAR LINEAR LINEAR LINEAR LINEAR LINEAR LINEAR LINEAR LINEAR LINEAR LINEAR LINEAR
LINEAR LINEAR LINEAR LINEAR LINEAR LINEAR LINEAR LINEAR LINEAR LINEAR LINEAR LINEAR
LINEAR LINEAR LINEAR LINEAR LINEAR LINEAR LINEAR LINEAR LINEAR LINEAR LINEAR LINEAR
LINEAR LINEAR LINEAR LINEAR LINEAR LINEAR LINEAR LINEAR LINEAR LINEAR LINEAR LINEAR
LINEAR LINEAR LINEAR LINEAR LINEAR LINEAR LINEAR LINEAR LINEAR LINEAR LINEAR LINEAR
LINEAR LINEAR LINEAR LINEAR LINEAR LINEAR LINEAR LINEAR LINEAR LINEAR LINEAR</Name_array><technique_common><accessor source="#root-Interpolations-array" count="94"><param type="name"/></accessor></technique_common></source><sampler id="root-Matrix-animation-transform"><input semantic="INPUT" source="#root-Matrix-animation-input"/><input semantic="OUTPUT" source="#root-Matrix-animation-output-transform"/><input semantic="INTERPOLATION" source="#root-Interpolations"/></sampler><channel source="#root-Matrix-animation-transform" target="root/matrix"/></animation><animation><source id="root-visibility-animation-input"><float_array id="root-visibility-animation-input-array" count="94">

0.033333 0.066667 0.100000 0.133333 0.166667 0.200000 0.233333 0.266667 0.300000 0.333333 0.366667 0.400000 0.433333 0.466667 0.500000 0.533333
0.566667 0.600000 0.633333 0.666667 0.700000 0.733333 0.766667 0.800000 0.833333 0.866667 0.900000 0.933333 0.966667 1.000000 1.033333 1.066667
1.100000 1.133333 1.166667 1.200000 1.233333 1.266667 1.300000 1.333333 1.366667 1.400000 1.433333 1.466667 1.500000 1.533333 1.566667 1.600000
1.633333 1.666667 1.700000 1.733333 1.766667 1.800000 1.833333 1.866667 1.900000 1.933333 1.966667 2.000000 2.033333 2.066667 2.100000 2.133333
2.166667 2.200000 2.233333 2.266667 2.300000 2.333333 2.366667 2.400000 2.433333 2.466667 2.500000 2.533333 2.566667 2.600000 2.633333 2.666667
2.700000 2.733333 2.766667 2.800000 2.833333 2.866667 2.900000 2.933333 2.966667 3.000000 3.033333 3.066667 3.100000 3.133333</float_array><technique_common><accessor source="#root-visibility-animation-input-array" count="94"><param name="TIME" type="float"/></accessor></technique_common></source><source id="root-visibility-animation-output"><float_array id="root-visibility-animation-output-array" count="94">

1.000000 1.000000 1.000000 1.000000 1.000000 1.000000 1.000000 1.000000 1.000000 1.000000 1.000000 1.000000 1.000000 1.000000 1.000000 1.000000
1.000000 1.000000 1.000000 1.000000 1.000000 1.000000 1.000000 1.000000 1.000000 1.000000 1.000000 1.000000 1.000000 1.000000 1.000000 1.000000
1.000000 1.000000 1.000000 1.000000 1.000000 1.000000 1.000000 1.000000 1.000000 1.000000 1.000000 1.000000 1.000000 1.000000 1.000000 1.000000
1.000000 1.000000 1.000000 1.000000 1.000000 1.000000 1.000000 1.000000 1.000000 1.000000 1.000000 1.000000 1.000000 1.000000 1.000000 1.000000
1.000000 1.000000 1.000000 1.000000 1.000000 1.000000 1.000000 1.000000 1.000000 1.000000 1.000000 1.000000 1.000000 1.000000 1.000000 1.000000
1.000000 1.000000 1.000000 1.000000 1.000000 1.000000 1.000000 1.000000 1.000000 1.000000 1.000000 1.000000 1.000000 1.000000</float_array><technique_common><accessor source="#root-visibility-animation-output-array" count="94"><param type="float"/></accessor></technique_common></source><source id="root-visibility-animation-intan"><float_array id="root-visibility-animation-intan-array" count="94">

0.000000 0.000000 0.000000 0.000000 0.000000 0.000000 0.000000 0.000000 0.000000 0.000000 0.000000 0.000000 0.000000 0.000000 0.000000 0.000000
0.000000 0.000000 0.000000 0.000000 0.000000 0.000000 0.000000 0.000000 0.000000 0.000000 0.000000 0.000000 0.000000 0.000000 0.000000 0.000000
0.000000 0.000000 0.000000 0.000000 0.000000 0.000000 0.000000 0.000000 0.000000 0.000000 0.000000 0.000000 0.000000 0.000000 0.000000 0.000000
0.000000 0.000000 0.000000 0.000000 0.000000 0.000000 0.000000 0.000000 0.000000 0.000000 0.000000 0.000000 0.000000 0.000000 0.000000 0.000000
0.000000 0.000000 0.000000 0.000000 0.000000 0.000000 0.000000 0.000000 0.000000 0.000000 0.000000 0.000000 0.000000 0.000000 0.000000 0.000000
0.000000 0.000000 0.000000 0.000000 0.000000 0.000000 0.000000 0.000000 0.000000 0.000000 0.000000 0.000000 0.000000 0.000000</float_array><technique_common><accessor source="#root-visibility-animation-intan-array" count="94"><param type="float"/></accessor></technique_common></source><source id="root-visibility-animation-outtan"><float_array id="root-visibility-animation-outtan-array" count="94">

0.000000 0.000000 0.000000 0.000000 0.000000 0.000000 0.000000 0.000000 0.000000 0.000000 0.000000 0.000000 0.000000 0.000000 0.000000 0.000000
0.000000 0.000000 0.000000 0.000000 0.000000 0.000000 0.000000 0.000000 0.000000 0.000000 0.000000 0.000000 0.000000 0.000000 0.000000 0.000000
0.000000 0.000000 0.000000 0.000000 0.000000 0.000000 0.000000 0.000000 0.000000 0.000000 0.000000 0.000000 0.000000 0.000000 0.000000 0.000000
0.000000 0.000000 0.000000 0.000000 0.000000 0.000000 0.000000 0.000000 0.000000 0.000000 0.000000 0.000000 0.000000 0.000000 0.000000 0.000000
0.000000 0.000000 0.000000 0.000000 0.000000 0.000000 0.000000 0.000000 0.000000 0.000000 0.000000 0.000000 0.000000 0.000000 0.000000 0.000000
0.000000 0.000000 0.000000 0.000000 0.000000 0.000000 0.000000 0.000000 0.000000 0.000000 0.000000 0.000000 0.000000 0.000000</float_array><technique_common><accessor source="#root-visibility-animation-outtan-array" count="94"><param type="float"/></accessor></technique_common></source><source id="root-visibility-animation-interpolation"><Name_array id="root-visibility-animation-interpolation-array" count="94">
 BEZIER BEZIER BEZIER BEZIER BEZIER BEZIER BEZIER BEZIER BEZIER BEZIER BEZIER
BEZIER BEZIER BEZIER BEZIER BEZIER BEZIER BEZIER BEZIER BEZIER BEZIER BEZIER BEZIER
BEZIER BEZIER BEZIER BEZIER BEZIER BEZIER BEZIER BEZIER BEZIER BEZIER BEZIER BEZIER
BEZIER BEZIER BEZIER BEZIER BEZIER BEZIER BEZIER BEZIER BEZIER BEZIER BEZIER BEZIER
BEZIER BEZIER BEZIER BEZIER BEZIER BEZIER BEZIER BEZIER BEZIER BEZIER BEZIER BEZIER
BEZIER BEZIER BEZIER BEZIER BEZIER BEZIER BEZIER BEZIER BEZIER BEZIER BEZIER BEZIER
BEZIER BEZIER BEZIER BEZIER BEZIER BEZIER BEZIER BEZIER BEZIER BEZIER BEZIER BEZIER
BEZIER BEZIER BEZIER BEZIER BEZIER BEZIER BEZIER BEZIER BEZIER BEZIER STEP</Name_array><technique_common><accessor source="#root-visibility-animation-interpolation-array" count="94"><param type="name"/></accessor></technique_common></source><sampler id="root-visibility-animation"><input semantic="INPUT" source="#root-visibility-animation-input"/><input semantic="OUTPUT" source="#root-visibility-animation-output"/><input semantic="IN_TANGENT" source="#root-visibility-animation-intan"/><input semantic="OUT_TANGENT" source="#root-visibility-animation-outtan"/><input semantic="INTERPOLATION" source="#root-visibility-animation-interpolation"/></sampler><channel source="#root-visibility-animation" target="root/visibility"/></animation></animation>
    <animation id="spine0-anim" name="spine0"><animation><source id="spine0-Matrix-animation-input"><float_array id="spine0-Matrix-animation-input-array" count="94">

0.033333 0.066667 0.100000 0.133333 0.166667 0.200000 0.233333 0.266667 0.300000 0.333333 0.366667 0.400000 0.433333 0.466667 0.500000 0.533333
0.566667 0.600000 0.633333 0.666667 0.700000 0.733333 0.766667 0.800000 0.833333 0.866667 0.900000 0.933333 0.966667 1.000000 1.033333 1.066667
1.100000 1.133333 1.166667 1.200000 1.233333 1.266667 1.300000 1.333333 1.366667 1.400000 1.433333 1.466667 1.500000 1.533333 1.566667 1.600000
1.633333 1.666667 1.700000 1.733333 1.766667 1.800000 1.833333 1.866667 1.900000 1.933333 1.966667 2.000000 2.033333 2.066667 2.100000 2.133333
2.166667 2.200000 2.233333 2.266667 2.300000 2.333333 2.366667 2.400000 2.433333 2.466667 2.500000 2.533333 2.566667 2.600000 2.633333 2.666667
2.700000 2.733333 2.766667 2.800000 2.833333 2.866667 2.900000 2.933333 2.966667 3.000000 3.033333 3.066667 3.100000 3.133333</float_array><technique_common><accessor source="#spine0-Matrix-animation-input-array" count="94"><param name="TIME" type="float"/></accessor></technique_common></source><source id="spine0-Matrix-animation-output-transform"><float_array id="spine0-Matrix-animation-output-transform-array" count="1504">

1.000000 0.000000 0.000000 0.000000 0.000000 1.000000 -0.000000 0.066930 0.000000 0.000000 1.000000 0.057443 0.000000 0.000000 0.000000 1.000000
1.000000 0.000000 -0.000000 0.000000 0.000000 1.000000 -0.000769 0.066930 -0.000000 0.000769 1.000000 0.057443 0.000000 0.000000 0.000000 1.000000
1.000000 -0.000000 0.000000 0.000000 0.000000 0.999996 -0.002795 0.066930 0.000000 0.002795 0.999996 0.057443 0.000000 0.000000 0.000000 1.000000
1.000000 0.000000 0.000000 0.000000 0.000000 0.999984 -0.005660 0.066930 -0.000000 0.005660 0.999984 0.057443 0.000000 0.000000 0.000000 1.000000
1.000000 0.000000 0.000000 0.000000 0.000000 0.999960 -0.008943 0.066930 -0.000000 0.008943 0.999960 0.057443 0.000000 0.000000 0.000000 1.000000
1.000000 -0.000000 -0.000000 0.000000 0.000000 0.999925 -0.012227 0.066930 0.000000 0.012227 0.999925 0.057443 0.000000 0.000000 0.000000 1.000000
1.000000 0.000000 -0.000000 0.000000 0.000000 0.999886 -0.015092 0.066930 0.000000 0.015092 0.999886 0.057443 0.000000 0.000000 0.000000 1.000000
1.000000 0.000000 0.000000 0.000000 0.000000 0.999853 -0.017118 0.066930 0.000000 0.017118 0.999853 0.057443 0.000000 0.000000 0.000000 1.000000
1.000000 0.000000 -0.000000 0.000000 0.000000 0.999840 -0.017886 0.066930 0.000000 0.017886 0.999840 0.057443 0.000000 0.000000 0.000000 1.000000
1.000000 -0.000000 0.000000 0.000000 0.000000 0.999841 -0.017846 0.066930 0.000000 0.017846 0.999841 0.057443 0.000000 0.000000 0.000000 1.000000
1.000000 -0.000000 0.000000 0.000000 0.000000 0.999843 -0.017724 0.066930 0.000000 0.017724 0.999843 0.057443 0.000000 0.000000 0.000000 1.000000
1.000000 -0.000000 0.000000 0.000000 0.000000 0.999846 -0.017522 0.066930 0.000000 0.017522 0.999846 0.057443 0.000000 0.000000 0.000000 1.000000
1.000000 0.000000 0.000000 0.000000 0.000000 0.999851 -0.017241 0.066930 -0.000000 0.017241 0.999851 0.057443 0.000000 0.000000 0.000000 1.000000
1.000000 0.000000 0.000000 0.000000 0.000000 0.999858 -0.016879 0.066930 -0.000000 0.016879 0.999858 0.057443 0.000000 0.000000 0.000000 1.000000
1.000000 -0.000000 -0.000000 0.000000 -0.000000 0.999865 -0.016438 0.066930 0.000000 0.016438 0.999865 0.057443 0.000000 0.000000 0.000000 1.000000
1.000000 -0.000000 0.000000 0.000000 0.000000 0.999873 -0.015919 0.066930 -0.000000 0.015919 0.999873 0.057443 0.000000 0.000000 0.000000 1.000000
1.000000 -0.000000 -0.000000 0.000000 -0.000000 0.999883 -0.015321 0.066930 0.000000 0.015321 0.999883 0.057443 0.000000 0.000000 0.000000 1.000000
1.000000 0.000000 0.000000 0.000000 0.000000 0.999893 -0.014644 0.066930 -0.000000 0.014644 0.999893 0.057443 0.000000 0.000000 0.000000 1.000000
1.000000 -0.000000 0.000000 0.000000 0.000000 0.999904 -0.013890 0.066930 0.000000 0.013890 0.999904 0.057443 0.000000 0.000000 0.000000 1.000000
1.000000 0.000000 0.000000 0.000000 0.000000 0.999915 -0.013059 0.066930 0.000000 0.013059 0.999915 0.057443 0.000000 0.000000 0.000000 1.000000
1.000000 0.000000 -0.000000 0.000000 -0.000000 0.999926 -0.012150 0.066930 0.000000 0.012150 0.999926 0.057443 0.000000 0.000000 0.000000 1.000000
1.000000 0.000000 0.000000 0.000000 -0.000000 0.999938 -0.011165 0.066930 0.000000 0.011165 0.999938 0.057443 0.000000 0.000000 0.000000 1.000000
1.000000 0.000000 0.000000 0.000000 0.000000 0.999949 -0.010104 0.066930 0.000000 0.010104 0.999949 0.057443 0.000000 0.000000 0.000000 1.000000
1.000000 -0.000000 0.000000 0.000000 0.000000 0.999960 -0.008967 0.066930 0.000000 0.008967 0.999960 0.057443 0.000000 0.000000 0.000000 1.000000
1.000000 -0.000000 0.000000 0.000000 0.000000 0.999970 -0.007754 0.066930 0.000000 0.007754 0.999970 0.057443 0.000000 0.000000 0.000000 1.000000
1.000000 0.000000 -0.000000 0.000000 0.000000 0.999979 -0.006466 0.066930 0.000000 0.006466 0.999979 0.057443 0.000000 0.000000 0.000000 1.000000
1.000000 -0.000000 -0.000000 0.000000 -0.000000 0.999987 -0.005104 0.066930 0.000000 0.005104 0.999987 0.057443 0.000000 0.000000 0.000000 1.000000
1.000000 0.000000 -0.000000 0.000000 -0.000000 0.999993 -0.003667 0.066930 0.000000 0.003667 0.999993 0.057443 0.000000 0.000000 0.000000 1.000000
1.000000 -0.000000 -0.000000 0.000000 0.000000 0.999998 -0.002156 0.066930 0.000000 0.002156 0.999998 0.057443 0.000000 0.000000 0.000000 1.000000
1.000000 0.000000 0.000000 0.000000 -0.000000 1.000000 -0.000572 0.066930 -0.000000 0.000572 1.000000 0.057443 0.000000 0.000000 0.000000 1.000000
1.000000 -0.000000 -0.000000 0.000000 0.000000 0.999999 0.001085 0.066930 -0.000000 -0.001085 0.999999 0.057443 0.000000 0.000000 0.000000 1.000000
1.000000 -0.000000 -0.000000 0.000000 -0.000000 0.999996 0.002815 0.066930 -0.000000 -0.002815 0.999996 0.057443 0.000000 0.000000 0.000000 1.000000
1.000000 -0.000000 -0.000000 0.000000 -0.000000 0.999989 0.004618 0.066930 0.000000 -0.004618 0.999989 0.057443 0.000000 0.000000 0.000000 1.000000
1.000000 0.000000 0.000000 0.000000 -0.000000 0.999979 0.006493 0.066930 -0.000000 -0.006493 0.999979 0.057443 0.000000 0.000000 0.000000 1.000000
1.000000 0.000000 -0.000000 0.000000 0.000000 0.999964 0.008439 0.066930 -0.000000 -0.008439 0.999964 0.057443 0.000000 0.000000 0.000000 1.000000
1.000000 -0.000000 0.000000 0.000000 0.000000 0.999940 0.010993 0.066930 0.000000 -0.010993 0.999940 0.057443 0.000000 0.000000 0.000000 1.000000
1.000000 0.000000 0.000000 0.000000 0.000000 0.999894 0.014549 0.066930 0.000000 -0.014549 0.999894 0.057443 0.000000 0.000000 0.000000 1.000000
1.000000 0.000000 -0.000000 0.000000 0.000000 0.999821 0.018894 0.066930 0.000000 -0.018894 0.999821 0.057443 0.000000 0.000000 0.000000 1.000000
1.000000 0.000000 -0.000000 0.000000 0.000000 0.999716 0.023814 0.066930 0.000000 -0.023814 0.999716 0.057443 0.000000 0.000000 0.000000 1.000000
1.000000 -0.000000 -0.000000 0.000000 -0.000000 0.999577 0.029095 0.066930 -0.000000 -0.029095 0.999577 0.057443 0.000000 0.000000 0.000000 1.000000
1.000000 0.000000 0.000000 0.000000 0.000000 0.999404 0.034523 0.066930 0.000000 -0.034523 0.999404 0.057443 0.000000 0.000000 0.000000 1.000000
1.000000 -0.000000 0.000000 0.000000 -0.000000 0.999204 0.039885 0.066930 0.000000 -0.039885 0.999204 0.057443 0.000000 0.000000 0.000000 1.000000
1.000000 -0.000000 0.000000 0.000000 0.000000 0.998988 0.044966 0.066930 -0.000000 -0.044966 0.998988 0.057443 0.000000 0.000000 0.000000 1.000000
1.000000 0.000000 0.000000 0.000000 0.000000 0.998771 0.049555 0.066930 0.000000 -0.049555 0.998771 0.057443 0.000000 0.000000 0.000000 1.000000
1.000000 -0.000000 0.000000 0.000000 0.000000 0.998571 0.053438 0.066930 0.000000 -0.053438 0.998571 0.057443 0.000000 0.000000 0.000000 1.000000
1.000000 0.000000 0.000000 0.000000 -0.000000 0.998396 0.056608 0.066930 0.000000 -0.056608 0.998396 0.057443 0.000000 0.000000 0.000000 1.000000
1.000000 -0.000000 0.000000 0.000000 -0.000000 0.998246 0.059201 0.066930 0.000000 -0.059201 0.998246 0.057443 0.000000 0.000000 0.000000 1.000000
1.000000 -0.000000 0.000000 0.000000 0.000000 0.998124 0.061218 0.066930 0.000000 -0.061218 0.998124 0.057443 0.000000 0.000000 0.000000 1.000000
1.000000 0.000000 -0.000000 0.000000 -0.000000 0.998035 0.062658 0.066930 -0.000000 -0.062658 0.998035 0.057443 0.000000 0.000000 0.000000 1.000000
1.000000 0.000000 0.000000 0.000000 0.000000 0.997980 0.063523 0.066930 0.000000 -0.063523 0.997980 0.057443 0.000000 0.000000 0.000000 1.000000
1.000000 0.000000 0.000000 0.000000 0.000000 0.997962 0.063811 0.066930 -0.000000 -0.063811 0.997962 0.057443 0.000000 0.000000 0.000000 1.000000
1.000000 0.000000 -0.000000 0.000000 0.000000 0.997959 0.063855 0.066930 0.000000 -0.063855 0.997959 0.057443 0.000000 0.000000 0.000000 1.000000
1.000000 -0.000000 -0.000000 0.000000 0.000000 0.997951 0.063980 0.066930 0.000000 -0.063980 0.997951 0.057443 0.000000 0.000000 0.000000 1.000000
1.000000 -0.000000 0.000000 0.000000 0.000000 0.997939 0.064173 0.066930 0.000000 -0.064173 0.997939 0.057443 0.000000 0.000000 0.000000 1.000000
1.000000 -0.000000 -0.000000 0.000000 0.000000 0.997923 0.064423 0.066930 -0.000000 -0.064423 0.997923 0.057443 0.000000 0.000000 0.000000 1.000000
1.000000 0.000000 -0.000000 0.000000 0.000000 0.997904 0.064717 0.066930 0.000000 -0.064717 0.997904 0.057443 0.000000 0.000000 0.000000 1.000000
1.000000 0.000000 0.000000 0.000000 0.000000 0.997882 0.065043 0.066930 -0.000000 -0.065043 0.997882 0.057443 0.000000 0.000000 0.000000 1.000000
1.000000 0.000000 0.000000 0.000000 0.000000 0.997860 0.065389 0.066930 0.000000 -0.065389 0.997860 0.057443 0.000000 0.000000 0.000000 1.000000
1.000000 0.000000 -0.000000 0.000000 -0.000000 0.997837 0.065743 0.066930 -0.000000 -0.065743 0.997837 0.057443 0.000000 0.000000 0.000000 1.000000
1.000000 0.000000 0.000000 0.000000 -0.000000 0.997813 0.066093 0.066930 0.000000 -0.066093 0.997813 0.057443 0.000000 0.000000 0.000000 1.000000
1.000000 -0.000000 -0.000000 0.000000 0.000000 0.997791 0.066428 0.066930 -0.000000 -0.066428 0.997791 0.057443 0.000000 0.000000 0.000000 1.000000
1.000000 -0.000000 0.000000 0.000000 -0.000000 0.997771 0.066733 0.066930 -0.000000 -0.066733 0.997771 0.057443 0.000000 0.000000 0.000000 1.000000
1.000000 0.000000 -0.000000 0.000000 0.000000 0.997753 0.066999 0.066930 0.000000 -0.066999 0.997753 0.057443 0.000000 0.000000 0.000000 1.000000
1.000000 -0.000000 -0.000000 0.000000 -0.000000 0.997739 0.067213 0.066930 0.000000 -0.067213 0.997739 0.057443 0.000000 0.000000 0.000000 1.000000
1.000000 -0.000000 0.000000 0.000000 0.000000 0.997729 0.067361 0.066930 0.000000 -0.067361 0.997729 0.057443 0.000000 0.000000 0.000000 1.000000
1.000000 0.000000 -0.000000 0.000000 0.000000 0.997724 0.067434 0.066930 0.000000 -0.067434 0.997724 0.057443 0.000000 0.000000 0.000000 1.000000
1.000000 -0.000000 -0.000000 0.000000 -0.000000 0.997725 0.067418 0.066930 -0.000000 -0.067418 0.997725 0.057443 0.000000 0.000000 0.000000 1.000000
1.000000 0.000000 0.000000 0.000000 -0.000000 0.997733 0.067301 0.066930 0.000000 -0.067301 0.997733 0.057443 0.000000 0.000000 0.000000 1.000000
1.000000 0.000000 0.000000 0.000000 -0.000000 0.997748 0.067072 0.066930 0.000000 -0.067072 0.997748 0.057443 0.000000 0.000000 0.000000 1.000000
1.000000 0.000000 0.000000 0.000000 -0.000000 0.997772 0.066717 0.066930 0.000000 -0.066717 0.997772 0.057443 0.000000 0.000000 0.000000 1.000000
1.000000 0.000000 0.000000 0.000000 -0.000000 0.997805 0.066226 0.066930 -0.000000 -0.066226 0.997805 0.057443 0.000000 0.000000 0.000000 1.000000
1.000000 0.000000 0.000000 0.000000 0.000000 0.997847 0.065586 0.066930 -0.000000 -0.065586 0.997847 0.057443 0.000000 0.000000 0.000000 1.000000
1.000000 0.000000 -0.000000 0.000000 -0.000000 0.997899 0.064785 0.066930 -0.000000 -0.064785 0.997899 0.057443 0.000000 0.000000 0.000000 1.000000
1.000000 0.000000 0.000000 0.000000 0.000000 0.997962 0.063811 0.066930 0.000000 -0.063811 0.997962 0.057443 0.000000 0.000000 0.000000 1.000000
1.000000 0.000000 -0.000000 0.000000 0.000000 0.998166 0.060537 0.066930 0.000000 -0.060537 0.998166 0.057443 0.000000 0.000000 0.000000 1.000000
1.000000 0.000000 0.000000 0.000000 -0.000000 0.998537 0.054074 0.066930 0.000000 -0.054074 0.998537 0.057443 0.000000 0.000000 0.000000 1.000000
1.000000 0.000000 0.000000 0.000000 0.000000 0.998929 0.046262 0.066930 0.000000 -0.046262 0.998929 0.057443 0.000000 0.000000 0.000000 1.000000
1.000000 0.000000 -0.000000 0.000000 0.000000 0.999241 0.038944 0.066930 0.000000 -0.038944 0.999241 0.057443 0.000000 0.000000 0.000000 1.000000
1.000000 0.000000 0.000000 0.000000 0.000000 0.999423 0.033968 0.066930 0.000000 -0.033968 0.999423 0.057443 0.000000 0.000000 0.000000 1.000000
1.000000 0.000000 0.000000 0.000000 -0.000000 0.999527 0.030755 0.066930 -0.000000 -0.030755 0.999527 0.057443 0.000000 0.000000 0.000000 1.000000
1.000000 0.000000 0.000000 0.000000 -0.000000 0.999621 0.027524 0.066930 0.000000 -0.027524 0.999621 0.057443 0.000000 0.000000 0.000000 1.000000
1.000000 -0.000000 0.000000 0.000000 -0.000000 0.999705 0.024309 0.066930 0.000000 -0.024309 0.999705 0.057443 0.000000 0.000000 0.000000 1.000000
1.000000 -0.000000 0.000000 0.000000 0.000000 0.999776 0.021145 0.066930 0.000000 -0.021145 0.999776 0.057443 0.000000 0.000000 0.000000 1.000000
1.000000 -0.000000 0.000000 0.000000 0.000000 0.999837 0.018070 0.066930 0.000000 -0.018070 0.999837 0.057443 0.000000 0.000000 0.000000 1.000000
1.000000 -0.000000 0.000000 0.000000 0.000000 0.999886 0.015118 0.066930 -0.000000 -0.015118 0.999886 0.057443 0.000000 0.000000 0.000000 1.000000
1.000000 0.000000 -0.000000 0.000000 0.000000 0.999924 0.012326 0.066930 0.000000 -0.012326 0.999924 0.057443 0.000000 0.000000 0.000000 1.000000
1.000000 0.000000 0.000000 0.000000 0.000000 0.999953 0.009728 0.066930 0.000000 -0.009728 0.999953 0.057443 0.000000 0.000000 0.000000 1.000000
1.000000 0.000000 0.000000 0.000000 -0.000000 0.999973 0.007361 0.066930 0.000000 -0.007361 0.999973 0.057443 0.000000 0.000000 0.000000 1.000000
1.000000 0.000000 0.000000 0.000000 0.000000 0.999986 0.005261 0.066930 -0.000000 -0.005261 0.999986 0.057443 0.000000 0.000000 0.000000 1.000000
1.000000 -0.000000 -0.000000 0.000000 0.000000 0.999994 0.003462 0.066930 -0.000000 -0.003462 0.999994 0.057443 0.000000 0.000000 0.000000 1.000000
1.000000 -0.000000 -0.000000 0.000000 -0.000000 0.999998 0.002001 0.066930 -0.000000 -0.002001 0.999998 0.057443 0.000000 0.000000 0.000000 1.000000
1.000000 0.000000 -0.000000 0.000000 -0.000000 1.000000 0.000913 0.066930 -0.000000 -0.000913 1.000000 0.057443 0.000000 0.000000 0.000000 1.000000
1.000000 0.000000 0.000000 0.000000 -0.000000 1.000000 0.000234 0.066930 0.000000 -0.000234 1.000000 0.057443 0.000000 0.000000 0.000000 1.000000
1.000000 0.000000 0.000000 0.000000 0.000000 1.000000 0.000000 0.066930 0.000000 0.000000 1.000000 0.057443 0.000000 0.000000 0.000000 1.000000</float_array><technique_common><accessor source="#spine0-Matrix-animation-output-transform-array" count="94" stride="16"><param type="float4x4"/></accessor></technique_common></source><source id="spine0-Interpolations"><Name_array id="spine0-Interpolations-array" count="94">
 LINEAR LINEAR LINEAR LINEAR LINEAR LINEAR LINEAR LINEAR LINEAR LINEAR LINEAR
LINEAR LINEAR LINEAR LINEAR LINEAR LINEAR LINEAR LINEAR LINEAR LINEAR LINEAR LINEAR
LINEAR LINEAR LINEAR LINEAR LINEAR LINEAR LINEAR LINEAR LINEAR LINEAR LINEAR LINEAR
LINEAR LINEAR LINEAR LINEAR LINEAR LINEAR LINEAR LINEAR LINEAR LINEAR LINEAR LINEAR
LINEAR LINEAR LINEAR LINEAR LINEAR LINEAR LINEAR LINEAR LINEAR LINEAR LINEAR LINEAR
LINEAR LINEAR LINEAR LINEAR LINEAR LINEAR LINEAR LINEAR LINEAR LINEAR LINEAR LINEAR
LINEAR LINEAR LINEAR LINEAR LINEAR LINEAR LINEAR LINEAR LINEAR LINEAR LINEAR LINEAR
LINEAR LINEAR LINEAR LINEAR LINEAR LINEAR LINEAR LINEAR LINEAR LINEAR LINEAR</Name_array><technique_common><accessor source="#spine0-Interpolations-array" count="94"><param type="name"/></accessor></technique_common></source><sampler id="spine0-Matrix-animation-transform"><input semantic="INPUT" source="#spine0-Matrix-animation-input"/><input semantic="OUTPUT" source="#spine0-Matrix-animation-output-transform"/><input semantic="INTERPOLATION" source="#spine0-Interpolations"/></sampler><channel source="#spine0-Matrix-animation-transform" target="spine0/matrix"/></animation><animation><source id="spine0-visibility-animation-input"><float_array id="spine0-visibility-animation-input-array" count="94">

0.033333 0.066667 0.100000 0.133333 0.166667 0.200000 0.233333 0.266667 0.300000 0.333333 0.366667 0.400000 0.433333 0.466667 0.500000 0.533333
