<?xml version="1.0" encoding="utf-8"?>
<COLLADA xmlns="http://www.collada.org/2005/11/COLLADASchema" version="1.4.1">
  <asset><contributor><author></author><authoring_tool>FBX COLLADA exporter</authoring_tool><comments></comments></contributor><created>2014-07-10T16:01:06Z</created><keywords></keywords><modified>2014-07-10T16:01:06Z</modified><revision></revision><subject></subject><title></title><unit meter="0.010000" name="centimeter"></unit><up_axis>Y_UP</up_axis></asset>
  <library_animations>
    <animation id="root-anim" name="root"><animation><source id="root-Matrix-animation-input"><float_array id="root-Matrix-animation-input-array" count="85">

0.033333 0.066667 0.100000 0.133333 0.166667 0.200000 0.233333 0.266667 0.300000 0.333333 0.366667 0.400000 0.433333 0.466667 0.500000 0.533333
0.566667 0.600000 0.633333 0.666667 0.700000 0.733333 0.766667 0.800000 0.833333 0.866667 0.900000 0.933333 0.966667 1.000000 1.033333 1.066667
1.100000 1.133333 1.166667 1.200000 1.233333 1.266667 1.300000 1.333333 1.366667 1.400000 1.433333 1.466667 1.500000 1.533333 1.566667 1.600000
1.633333 1.666667 1.700000 1.733333 1.766667 1.800000 1.833333 1.866667 1.900000 1.933333 1.966667 2.000000 2.033333 2.066667 2.100000 2.133333
2.166667 2.200000 2.233333 2.266667 2.300000 2.333333 2.366667 2.400000 2.433333 2.466667 2.500000 2.533333 2.566667 2.600000 2.633333 2.666667
2.700000 2.733333 2.766667 2.800000 2.833333</float_array><technique_common><accessor source="#root-Matrix-animation-input-array" count="85"><param name="TIME" type="float"/></accessor></technique_common></source><source id="root-Matrix-animation-output-transform"><float_array id="root-Matrix-animation-output-transform-array" count="1360">

1.000000 0.000000 0.000000 -0.000000 0.000000 1.000000 0.000000 0.067787 0.000000 0.000000 1.000000 0.118562 0.000000 0.000000 0.000000 1.000000
1.000000 0.000085 -0.000086 -0.000000 -0.000085 1.000000 -0.000749 0.068843 0.000086 0.000749 1.000000 0.118562 0.000000 0.000000 0.000000 1.000000
1.000000 0.000335 -0.000326 -0.000000 -0.000336 0.999996 -0.002832 0.069969 0.000325 0.002832 0.999996 0.118562 0.000000 0.000000 0.000000 1.000000
0.999999 0.000739 -0.000695 -0.000000 -0.000743 0.999982 -0.006008 0.071155 0.000690 0.006008 0.999982 0.118562 0.000000 0.000000 0.000000 1.000000
0.999998 0.001286 -0.001166 -0.000000 -0.001298 0.999949 -0.010033 0.072393 0.001153 0.010035 0.999949 0.118562 0.000000 0.000000 0.000000 1.000000
0.999997 0.001968 -0.001714 -0.000000 -0.001993 0.999890 -0.014665 0.073675 0.001685 0.014669 0.999891 0.118562 0.000000 0.000000 0.000000 1.000000
0.999993 0.002774 -0.002315 -0.000000 -0.002819 0.999803 -0.019661 0.074992 0.002260 0.019668 0.999804 0.118562 0.000000 0.000000 0.000000 1.000000
0.999989 0.003696 -0.002940 -0.000000 -0.003768 0.999686 -0.024778 0.076336 0.002848 0.024788 0.999689 0.118562 0.000000 0.000000 0.000000 1.000000
0.999982 0.004727 -0.003564 -0.000000 -0.004831 0.999545 -0.029772 0.077698 0.003422 0.029789 0.999550 0.118562 0.000000 0.000000 0.000000 1.000000
0.999974 0.005860 -0.004158 -0.000000 -0.006000 0.999390 -0.034402 0.079069 0.003954 0.034426 0.999399 0.118562 0.000000 0.000000 0.000000 1.000000
0.999964 0.007092 -0.004693 -0.000000 -0.007267 0.999235 -0.038424 0.080440 0.004417 0.038457 0.999250 0.118562 0.000000 0.000000 0.000000 1.000000
0.999951 0.008416 -0.005136 -0.000000 -0.008622 0.999097 -0.041597 0.081804 0.004782 0.041639 0.999121 0.118562 0.000000 0.000000 0.000000 1.000000
0.999937 0.009830 -0.005456 -0.000000 -0.010059 0.998995 -0.043678 0.083152 0.005021 0.043730 0.999031 0.118562 0.000000 0.000000 0.000000 1.000000
0.999920 0.011329 -0.005616 -0.000000 -0.011567 0.998946 -0.044425 0.084475 0.005107 0.044487 0.998997 0.118562 0.000000 0.000000 0.000000 1.000000
0.999898 0.013096 -0.005669 -0.000000 -0.013335 0.998924 -0.044423 0.085765 0.005081 0.044494 0.998997 0.118562 0.000000 0.000000 0.000000 1.000000
0.999867 0.015260 -0.005692 -0.000000 -0.015498 0.998893 -0.044409 0.087012 0.005008 0.044492 0.998997 0.118562 0.000000 0.000000 0.000000 1.000000
0.999827 0.017736 -0.005689 -0.000000 -0.017972 0.998853 -0.044375 0.088209 0.004896 0.044469 0.998999 0.118562 0.000000 0.000000 0.000000 1.000000
0.999775 0.020441 -0.005665 -0.000000 -0.020672 0.998804 -0.044309 0.089347 0.004752 0.044417 0.999002 0.118562 0.000000 0.000000 0.000000 1.000000
0.999713 0.023289 -0.005622 -0.000000 -0.023515 0.998746 -0.044202 0.090417 0.004585 0.044322 0.999007 0.118562 0.000000 0.000000 0.000000 1.000000
0.999641 0.026197 -0.005564 -0.000000 -0.026417 0.998680 -0.044044 0.091411 0.004402 0.044175 0.999014 0.118562 0.000000 0.000000 0.000000 1.000000
0.999562 0.029079 -0.005494 -0.000000 -0.029292 0.998610 -0.043823 0.092320 0.004212 0.043965 0.999024 0.118562 0.000000 0.000000 0.000000 1.000000
0.999478 0.031851 -0.005416 -0.000000 -0.032057 0.998538 -0.043531 0.093135 0.004022 0.043682 0.999037 0.118562 0.000000 0.000000 0.000000 1.000000
0.999393 0.034429 -0.005333 -0.000000 -0.034628 0.998468 -0.043157 0.093849 0.003839 0.043316 0.999054 0.118562 0.000000 0.000000 0.000000 1.000000
0.999311 0.036729 -0.005248 -0.000000 -0.036919 0.998406 -0.042691 0.094452 0.003672 0.042855 0.999075 0.118562 0.000000 0.000000 0.000000 1.000000
0.999239 0.038665 -0.005166 -0.000000 -0.038849 0.998357 -0.042123 0.094936 0.003528 0.042291 0.999099 0.118562 0.000000 0.000000 0.000000 1.000000
0.999181 0.040154 -0.005089 -0.000000 -0.040330 0.998327 -0.041443 0.095292 0.003416 0.041614 0.999128 0.118562 0.000000 0.000000 0.000000 1.000000
0.999142 0.041111 -0.005023 -0.000000 -0.041281 0.998321 -0.040640 0.095512 0.003343 0.040813 0.999161 0.118562 0.000000 0.000000 0.000000 1.000000
0.999128 0.041452 -0.004971 -0.000000 -0.041617 0.998344 -0.039706 0.095588 0.003317 0.039878 0.999199 0.118562 0.000000 0.000000 0.000000 1.000000
0.999136 0.041226 -0.005344 -0.000000 -0.041402 0.998396 -0.038609 0.095443 0.003743 0.038796 0.999240 0.118562 0.000000 0.000000 0.000000 1.000000
0.999155 0.040579 -0.006478 -0.000000 -0.040793 0.998470 -0.037336 0.095021 0.004953 0.037569 0.999282 0.118562 0.000000 0.000000 0.000000 1.000000
0.999183 0.039570 -0.008273 -0.000000 -0.039842 0.998561 -0.035908 0.094339 0.006840 0.036208 0.999321 0.118562 0.000000 0.000000 0.000000 1.000000
0.999211 0.038258 -0.010631 -0.000000 -0.038602 0.998664 -0.034344 0.093415 0.009302 0.034727 0.999354 0.118562 0.000000 0.000000 0.000000 1.000000
0.999236 0.036702 -0.013450 -0.000000 -0.037125 0.998777 -0.032663 0.092268 0.012234 0.033137 0.999376 0.118562 0.000000 0.000000 0.000000 1.000000
0.999250 0.034963 -0.016630 -0.000000 -0.035464 0.998894 -0.030885 0.090915 0.015532 0.031452 0.999385 0.118562 0.000000 0.000000 0.000000 1.000000
0.999251 0.033096 -0.020072 -0.000000 -0.033671 0.999011 -0.029030 0.089374 0.019091 0.029684 0.999377 0.118562 0.000000 0.000000 0.000000 1.000000
0.999234 0.031161 -0.023672 -0.000000 -0.031800 0.999126 -0.027117 0.087662 0.022807 0.027849 0.999352 0.118562 0.000000 0.000000 0.000000 1.000000
0.999200 0.029212 -0.027331 -0.000000 -0.029901 0.999236 -0.025165 0.085799 0.026575 0.025962 0.999310 0.118562 0.000000 0.000000 0.000000 1.000000
0.999148 0.027306 -0.030944 -0.000000 -0.028030 0.999338 -0.023195 0.083801 0.030290 0.024042 0.999252 0.118562 0.000000 0.000000 0.000000 1.000000
0.999083 0.025497 -0.034410 -0.000000 -0.026236 0.999430 -0.021226 0.081687 0.033849 0.022109 0.999182 0.118562 0.000000 0.000000 0.000000 1.000000
0.999008 0.023837 -0.037625 -0.000000 -0.024575 0.999512 -0.019277 0.079475 0.037147 0.020182 0.999106 0.118562 0.000000 0.000000 0.000000 1.000000
0.998930 0.022379 -0.040485 -0.000000 -0.023097 0.999582 -0.017368 0.077182 0.040079 0.018285 0.999029 0.118562 0.000000 0.000000 0.000000 1.000000
0.998856 0.021173 -0.042885 -0.000000 -0.021856 0.999641 -0.015520 0.074826 0.042541 0.016439 0.998959 0.118562 0.000000 0.000000 0.000000 1.000000
0.998794 0.020271 -0.044722 -0.000000 -0.020905 0.999687 -0.013751 0.072425 0.044429 0.014669 0.998905 0.118562 0.000000 0.000000 0.000000 1.000000
0.998752 0.019721 -0.045889 -0.000000 -0.020295 0.999721 -0.012082 0.069998 0.045638 0.012998 0.998873 0.118562 0.000000 0.000000 0.000000 1.000000
0.998737 0.019573 -0.046282 -0.000000 -0.020080 0.999743 -0.010532 0.067562 0.046064 0.011448 0.998873 0.118562 0.000000 0.000000 0.000000 1.000000
0.998776 0.019749 -0.045356 -0.000000 -0.020181 0.999755 -0.009084 0.065134 0.045165 0.009988 0.998930 0.118562 0.000000 0.000000 0.000000 1.000000
0.998882 0.020119 -0.042789 -0.000000 -0.020467 0.999761 -0.007700 0.062734 0.042624 0.008567 0.999054 0.118562 0.000000 0.000000 0.000000 1.000000
0.999033 0.020647 -0.038816 -0.000000 -0.020910 0.999761 -0.006373 0.060378 0.038676 0.007178 0.999226 0.118562 0.000000 0.000000 0.000000 1.000000
0.999206 0.021301 -0.033670 -0.000000 -0.021484 0.999756 -0.005095 0.058085 0.033553 0.005815 0.999420 0.118562 0.000000 0.000000 0.000000 1.000000
0.999376 0.022049 -0.027584 -0.000000 -0.022164 0.999747 -0.003860 0.055873 0.027492 0.004469 0.999612 0.118562 0.000000 0.000000 0.000000 1.000000
0.999522 0.022863 -0.020791 -0.000000 -0.022923 0.999734 -0.002657 0.053758 0.020725 0.003133 0.999780 0.118562 0.000000 0.000000 0.000000 1.000000
0.999627 0.023712 -0.013527 -0.000000 -0.023735 0.999717 -0.001481 0.051761 0.013488 0.001802 0.999907 0.118562 0.000000 0.000000 0.000000 1.000000
0.999680 0.024570 -0.006026 -0.000000 -0.024572 0.999698 -0.000323 0.049897 0.006016 0.000471 0.999982 0.118562 0.000000 0.000000 0.000000 1.000000
0.999676 0.025409 0.001477 -0.000000 -0.025410 0.999677 0.000824 0.048186 -0.001456 -0.000861 0.999999 0.118562 0.000000 0.000000 0.000000 1.000000
0.999618 0.026203 0.008748 -0.000000 -0.026222 0.999654 0.001969 0.046645 -0.008693 -0.002198 0.999960 0.118562 0.000000 0.000000 0.000000 1.000000
0.999516 0.026929 0.015550 -0.000000 -0.026980 0.999631 0.003119 0.045292 -0.015460 -0.003537 0.999874 0.118562 0.000000 0.000000 0.000000 1.000000
0.999386 0.027561 0.021648 -0.000000 -0.027660 0.999608 0.004282 0.044144 -0.021522 -0.004878 0.999756 0.118562 0.000000 0.000000 0.000000 1.000000
0.999246 0.028079 0.026809 -0.000000 -0.028235 0.999586 0.005466 0.043221 -0.026644 -0.006219 0.999626 0.118562 0.000000 0.000000 0.000000 1.000000
0.999120 0.028459 0.030797 -0.000000 -0.028678 0.999566 0.006678 0.042539 -0.030593 -0.007556 0.999503 0.118562 0.000000 0.000000 0.000000 1.000000
0.999031 0.028683 0.033377 -0.000000 -0.028963 0.999549 0.007927 0.042117 -0.033134 -0.008886 0.999411 0.118562 0.000000 0.000000 0.000000 1.000000
0.998998 0.028732 0.034314 -0.000000 -0.029064 0.999535 0.009220 0.041972 -0.034033 -0.010208 0.999369 0.118562 0.000000 0.000000 0.000000 1.000000
0.999028 0.027798 0.034202 -0.000000 -0.028178 0.999546 0.010664 0.042061 -0.033890 -0.011618 0.999358 0.118562 0.000000 0.000000 0.000000 1.000000
0.999108 0.025299 0.033804 -0.000000 -0.025728 0.999593 0.012320 0.042321 -0.033479 -0.013179 0.999353 0.118562 0.000000 0.000000 0.000000 1.000000
0.999218 0.021549 0.033146 -0.000000 -0.022027 0.999658 0.014124 0.042739 -0.032831 -0.014843 0.999351 0.118562 0.000000 0.000000 0.000000 1.000000
0.999337 0.016864 0.032253 -0.000000 -0.017387 0.999721 0.016010 0.043305 -0.031974 -0.016560 0.999352 0.118562 0.000000 0.000000 0.000000 1.000000
0.999448 0.011559 0.031152 -0.000000 -0.012121 0.999766 0.017915 0.044006 -0.030937 -0.018282 0.999354 0.118562 0.000000 0.000000 0.000000 1.000000
0.999536 0.005950 0.029876 -0.000000 -0.006543 0.999783 0.019774 0.044832 -0.029752 -0.019960 0.999358 0.118562 0.000000 0.000000 0.000000 1.000000
0.999595 0.000351 0.028462 -0.000000 -0.000964 0.999768 0.021522 0.045770 -0.028448 -0.021541 0.999363 0.118562 0.000000 0.000000 0.000000 1.000000
0.999625 -0.004925 0.026948 -0.000000 0.004302 0.999724 0.023096 0.046810 -0.027054 -0.022971 0.999370 0.118562 0.000000 0.000000 0.000000 1.000000
0.999632 -0.009563 0.025377 -0.000000 0.008943 0.999662 0.024431 0.047939 -0.025602 -0.024195 0.999379 0.118562 0.000000 0.000000 0.000000 1.000000
0.999629 -0.013251 0.023794 -0.000000 0.012645 0.999596 0.025464 0.049146 -0.024122 -0.025153 0.999393 0.118562 0.000000 0.000000 0.000000 1.000000
0.999630 -0.015678 0.022245 -0.000000 0.015095 0.999545 0.026130 0.050420 -0.022644 -0.025784 0.999411 0.118562 0.000000 0.000000 0.000000 1.000000
0.999648 -0.016532 0.020773 -0.000000 0.015982 0.999525 0.026366 0.051749 -0.021199 -0.026025 0.999436 0.118562 0.000000 0.000000 0.000000 1.000000
0.999677 -0.016176 0.019588 -0.000000 0.015667 0.999543 0.025848 0.053122 -0.019997 -0.025532 0.999474 0.118562 0.000000 0.000000 0.000000 1.000000
0.999707 -0.015258 0.018774 -0.000000 0.014798 0.999592 0.024414 0.054526 -0.019139 -0.024129 0.999526 0.118562 0.000000 0.000000 0.000000 1.000000
0.999738 -0.013891 0.018187 -0.000000 0.013485 0.999662 0.022248 0.055951 -0.018490 -0.021997 0.999587 0.118562 0.000000 0.000000 0.000000 1.000000
0.999769 -0.012184 0.017683 -0.000000 0.011839 0.999739 0.019533 0.057384 -0.017916 -0.019319 0.999653 0.118562 0.000000 0.000000 0.000000 1.000000
0.999801 -0.010252 0.017119 -0.000000 0.009970 0.999815 0.016451 0.058815 -0.017285 -0.016277 0.999718 0.118562 0.000000 0.000000 0.000000 1.000000
0.999833 -0.008206 0.016356 -0.000000 0.007991 0.999881 0.013186 0.060232 -0.016462 -0.013053 0.999779 0.118562 0.000000 0.000000 0.000000 1.000000
0.999865 -0.006163 0.015253 -0.000000 0.006012 0.999933 0.009920 0.061623 -0.015313 -0.009827 0.999834 0.118562 0.000000 0.000000 0.000000 1.000000
0.999898 -0.004237 0.013676 -0.000000 0.004144 0.999968 0.006837 0.062976 -0.013705 -0.006780 0.999883 0.118562 0.000000 0.000000 0.000000 1.000000
0.999931 -0.002544 0.011493 -0.000000 0.002497 0.999988 0.004121 0.064281 -0.011503 -0.004092 0.999925 0.118562 0.000000 0.000000 0.000000 1.000000
0.999963 -0.001201 0.008572 -0.000000 0.001184 0.999997 0.001954 0.065526 -0.008574 -0.001943 0.999961 0.118562 0.000000 0.000000 0.000000 1.000000
0.999989 -0.000317 0.004785 -0.000000 0.000314 1.000000 0.000519 0.066698 -0.004785 -0.000517 0.999988 0.118562 0.000000 0.000000 0.000000 1.000000
1.000000 0.000000 0.000000 -0.000000 0.000000 1.000000 0.000000 0.053282 0.000000 0.000000 1.000000 0.058154 0.000000 0.000000 0.000000 1.000000</float_array><technique_common><accessor source="#root-Matrix-animation-output-transform-array" count="85" stride="16"><param type="float4x4"/></accessor></technique_common></source><source id="root-Interpolations"><Name_array id="root-Interpolations-array" count="85">
 LINEAR LINEAR LINEAR LINEAR LINEAR LINEAR LINEAR LINEAR LINEAR LINEAR LINEAR
LINEAR LINEAR LINEAR LINEAR LINEAR LINEAR LINEAR LINEAR LINEAR LINEAR LINEAR LINEAR
LINEAR LINEAR LINEAR LINEAR LINEAR LINEAR LINEAR LINEAR LINEAR LINEAR LINEAR LINEAR
LINEAR LINEAR LINEAR LINEAR LINEAR LINEAR LINEAR LINEAR LINEAR LINEAR LINEAR LINEAR
LINEAR LINEAR LINEAR LINEAR LINEAR LINEAR LINEAR LINEAR LINEAR LINEAR LINEAR LINEAR
LINEAR LINEAR LINEAR LINEAR LINEAR LINEAR LINEAR LINEAR LINEAR LINEAR LINEAR LINEAR
LINEAR LINEAR LINEAR LINEAR LINEAR LINEAR LINEAR LINEAR LINEAR LINEAR LINEAR LINEAR
LINEAR LINEAR</Name_array><technique_common><accessor source="#root-Interpolations-array" count="85"><param type="name"/></accessor></technique_common></source><sampler id="root-Matrix-animation-transform"><input semantic="INPUT" source="#root-Matrix-animation-input"/><input semantic="OUTPUT" source="#root-Matrix-animation-output-transform"/><input semantic="INTERPOLATION" source="#root-Interpolations"/></sampler><channel source="#root-Matrix-animation-transform" target="root/matrix"/></animation><animation><source id="root-visibility-animation-input"><float_array id="root-visibility-animation-input-array" count="84">

0.033333 0.066667 0.100000 0.133333 0.166667 0.200000 0.233333 0.266667 0.300000 0.333333 0.366667 0.400000 0.433333 0.466667 0.500000 0.533333
0.566667 0.600000 0.633333 0.666667 0.700000 0.733333 0.766667 0.800000 0.833333 0.866667 0.900000 0.933333 0.966667 1.000000 1.033333 1.066667
1.100000 1.133333 1.166667 1.200000 1.233333 1.266667 1.300000 1.333333 1.366667 1.400000 1.433333 1.466667 1.500000 1.533333 1.566667 1.600000
1.633333 1.666667 1.700000 1.733333 1.766667 1.800000 1.833333 1.866667 1.900000 1.933333 1.966667 2.000000 2.033333 2.066667 2.100000 2.133333
2.166667 2.200000 2.233333 2.266667 2.300000 2.333333 2.366667 2.400000 2.433333 2.466667 2.500000 2.533333 2.566667 2.600000 2.633333 2.666667
2.700000 2.733333 2.766667 2.800000</float_array><technique_common><accessor source="#root-visibility-animation-input-array" count="84"><param name="TIME" type="float"/></accessor></technique_common></source><source id="root-visibility-animation-output"><float_array id="root-visibility-animation-output-array" count="84">

1.000000 1.000000 1.000000 1.000000 1.000000 1.000000 1.000000 1.000000 1.000000 1.000000 1.000000 1.000000 1.000000 1.000000 1.000000 1.000000
1.000000 1.000000 1.000000 1.000000 1.000000 1.000000 1.000000 1.000000 1.000000 1.000000 1.000000 1.000000 1.000000 1.000000 1.000000 1.000000
1.000000 1.000000 1.000000 1.000000 1.000000 1.000000 1.000000 1.000000 1.000000 1.000000 1.000000 1.000000 1.000000 1.000000 1.000000 1.000000
1.000000 1.000000 1.000000 1.000000 1.000000 1.000000 1.000000 1.000000 1.000000 1.000000 1.000000 1.000000 1.000000 1.000000 1.000000 1.000000
1.000000 1.000000 1.000000 1.000000 1.000000 1.000000 1.000000 1.000000 1.000000 1.000000 1.000000 1.000000 1.000000 1.000000 1.000000 1.000000
1.000000 1.000000 1.000000 1.000000</float_array><technique_common><accessor source="#root-visibility-animation-output-array" count="84"><param type="float"/></accessor></technique_common></source><source id="root-visibility-animation-intan"><float_array id="root-visibility-animation-intan-array" count="84">

0.000000 0.000000 0.000000 0.000000 0.000000 0.000000 0.000000 0.000000 0.000000 0.000000 0.000000 0.000000 0.000000 0.000000 0.000000 0.000000
0.000000 0.000000 0.000000 0.000000 0.000000 0.000000 0.000000 0.000000 0.000000 0.000000 0.000000 0.000000 0.000000 0.000000 0.000000 0.000000
0.000000 0.000000 0.000000 0.000000 0.000000 0.000000 0.000000 0.000000 0.000000 0.000000 0.000000 0.000000 0.000000 0.000000 0.000000 0.000000
0.000000 0.000000 0.000000 0.000000 0.000000 0.000000 0.000000 0.000000 0.000000 0.000000 0.000000 0.000000 0.000000 0.000000 0.000000 0.000000
0.000000 0.000000 0.000000 0.000000 0.000000 0.000000 0.000000 0.000000 0.000000 0.000000 0.000000 0.000000 0.000000 0.000000 0.000000 0.000000
0.000000 0.000000 0.000000 0.000000</float_array><technique_common><accessor source="#root-visibility-animation-intan-array" count="84"><param type="float"/></accessor></technique_common></source><source id="root-visibility-animation-outtan"><float_array id="root-visibility-animation-outtan-array" count="84">

0.000000 0.000000 0.000000 0.000000 0.000000 0.000000 0.000000 0.000000 0.000000 0.000000 0.000000 0.000000 0.000000 0.000000 0.000000 0.000000
0.000000 0.000000 0.000000 0.000000 0.000000 0.000000 0.000000 0.000000 0.000000 0.000000 0.000000 0.000000 0.000000 0.000000 0.000000 0.000000
0.000000 0.000000 0.000000 0.000000 0.000000 0.000000 0.000000 0.000000 0.000000 0.000000 0.000000 0.000000 0.000000 0.000000 0.000000 0.000000
0.000000 0.000000 0.000000 0.000000 0.000000 0.000000 0.000000 0.000000 0.000000 0.000000 0.000000 0.000000 0.000000 0.000000 0.000000 0.000000
0.000000 0.000000 0.000000 0.000000 0.000000 0.000000 0.000000 0.000000 0.000000 0.000000 0.000000 0.000000 0.000000 0.000000 0.000000 0.000000
0.000000 0.000000 0.000000 0.000000</float_array><technique_common><accessor source="#root-visibility-animation-outtan-array" count="84"><param type="float"/></accessor></technique_common></source><source id="root-visibility-animation-interpolation"><Name_array id="root-visibility-animation-interpolation-array" count="84">
 BEZIER BEZIER BEZIER BEZIER BEZIER BEZIER BEZIER BEZIER BEZIER BEZIER BEZIER
BEZIER BEZIER BEZIER BEZIER BEZIER BEZIER BEZIER BEZIER BEZIER BEZIER BEZIER BEZIER
BEZIER BEZIER BEZIER BEZIER BEZIER BEZIER BEZIER BEZIER BEZIER BEZIER BEZIER BEZIER
BEZIER BEZIER BEZIER BEZIER BEZIER BEZIER BEZIER BEZIER BEZIER BEZIER BEZIER BEZIER
BEZIER BEZIER BEZIER BEZIER BEZIER BEZIER BEZIER BEZIER BEZIER BEZIER BEZIER BEZIER
BEZIER BEZIER BEZIER BEZIER BEZIER BEZIER BEZIER BEZIER BEZIER BEZIER BEZIER BEZIER
BEZIER BEZIER BEZIER BEZIER BEZIER BEZIER BEZIER BEZIER BEZIER BEZIER BEZIER BEZIER
BEZIER</Name_array><technique_common><accessor source="#root-visibility-animation-interpolation-array" count="84"><param type="name"/></accessor></technique_common></source><sampler id="root-visibility-animation"><input semantic="INPUT" source="#root-visibility-animation-input"/><input semantic="OUTPUT" source="#root-visibility-animation-output"/><input semantic="IN_TANGENT" source="#root-visibility-animation-intan"/><input semantic="OUT_TANGENT" source="#root-visibility-animation-outtan"/><input semantic="INTERPOLATION" source="#root-visibility-animation-interpolation"/></sampler><channel source="#root-visibility-animation" target="root/visibility"/></animation></animation>
    <animation id="hips-anim" name="hips"><animation><source id="hips-Matrix-animation-input"><float_array id="hips-Matrix-animation-input-array" count="85">

0.033333 0.066667 0.100000 0.133333 0.166667 0.200000 0.233333 0.266667 0.300000 0.333333 0.366667 0.400000 0.433333 0.466667 0.500000 0.533333
0.566667 0.600000 0.633333 0.666667 0.700000 0.733333 0.766667 0.800000 0.833333 0.866667 0.900000 0.933333 0.966667 1.000000 1.033333 1.066667
1.100000 1.133333 1.166667 1.200000 1.233333 1.266667 1.300000 1.333333 1.366667 1.400000 1.433333 1.466667 1.500000 1.533333 1.566667 1.600000
1.633333 1.666667 1.700000 1.733333 1.766667 1.800000 1.833333 1.866667 1.900000 1.933333 1.966667 2.000000 2.033333 2.066667 2.100000 2.133333
2.166667 2.200000 2.233333 2.266667 2.300000 2.333333 2.366667 2.400000 2.433333 2.466667 2.500000 2.533333 2.566667 2.600000 2.633333 2.666667
2.700000 2.733333 2.766667 2.800000 2.833333</float_array><technique_common><accessor source="#hips-Matrix-animation-input-array" count="85"><param name="TIME" type="float"/></accessor></technique_common></source><source id="hips-Matrix-animation-output-transform"><float_array id="hips-Matrix-animation-output-transform-array" count="1360">

1.000000 0.000000 0.000000 -0.000000 0.000000 0.904934 0.425551 -0.038776 0.000000 -0.425551 0.904934 0.002253 0.000000 0.000000 0.000000 1.000000
0.999988 -0.001396 -0.004686 -0.000000 0.003263 0.904229 0.427036 -0.038776 0.003641 -0.427046 0.904223 0.002253 0.000000 0.000000 0.000000 1.000000
0.999952 -0.002855 -0.009412 -0.000000 0.006615 0.903415 0.428715 -0.038776 0.007279 -0.428757 0.903391 0.002253 0.000000 0.000000 0.000000 1.000000
0.999890 -0.004354 -0.014171 -0.000000 0.010031 0.902533 0.430503 -0.038776 0.010915 -0.430598 0.902478 0.002253 0.000000 0.000000 0.000000 1.000000
0.999803 -0.005866 -0.018954 -0.000000 0.013486 0.901622 0.432314 -0.038776 0.014553 -0.432485 0.901524 0.002253 0.000000 0.000000 0.000000 1.000000
0.999691 -0.007368 -0.023754 -0.000000 0.016952 0.900723 0.434063 -0.038776 0.018197 -0.434331 0.900569 0.002253 0.000000 0.000000 0.000000 1.000000
0.999553 -0.008835 -0.028561 -0.000000 0.020403 0.899878 0.435664 -0.038776 0.021852 -0.436052 0.899656 0.002253 0.000000 0.000000 0.000000 1.000000
0.999391 -0.010243 -0.033369 -0.000000 0.023808 0.899130 0.437033 -0.038776 0.025526 -0.437561 0.898826 0.002253 0.000000 0.000000 0.000000 1.000000
0.999204 -0.011567 -0.038168 -0.000000 0.027136 0.898523 0.438086 -0.038776 0.029227 -0.438773 0.898122 0.002253 0.000000 0.000000 0.000000 1.000000
0.998995 -0.012784 -0.042951 -0.000000 0.030356 0.898101 0.438740 -0.038776 0.032965 -0.439603 0.897587 0.002253 0.000000 0.000000 0.000000 1.000000
0.998765 -0.013867 -0.047709 -0.000000 0.033432 0.897909 0.438910 -0.038776 0.036752 -0.439963 0.897264 0.002253 0.000000 0.000000 0.000000 1.000000
0.998491 -0.014861 -0.052871 -0.000000 0.036589 0.897942 0.438589 -0.038776 0.040957 -0.439862 0.897131 0.002253 0.000000 0.000000 0.000000 1.000000
0.998151 -0.015816 -0.058685 -0.000000 0.039976 0.898148 0.437871 -0.038776 0.045782 -0.439408 0.897120 0.002253 0.000000 0.000000 0.000000 1.000000
0.997754 -0.016716 -0.064866 -0.000000 0.043452 0.898496 0.436825 -0.038776 0.050980 -0.438662 0.897205 0.002253 0.000000 0.000000 0.000000 1.000000
0.997312 -0.017544 -0.071134 -0.000000 0.046878 0.898957 0.435522 -0.038776 0.056306 -0.437686 0.897363 0.002253 0.000000 0.000000 0.000000 1.000000
0.996847 -0.018286 -0.077207 -0.000000 0.050117 0.899501 0.434036 -0.038776 0.061511 -0.436537 0.897581 0.002253 0.000000 0.000000 0.000000 1.000000
0.996386 -0.018926 -0.082805 0.000000 0.053036 0.900100 0.432444 -0.038776 0.066348 -0.435273 0.897850 0.002253 0.000000 0.000000 0.000000 1.000000
0.995962 -0.019450 -0.087645 -0.000000 0.055503 0.900726 0.430827 -0.038776 0.070565 -0.433952 0.898168 0.002253 0.000000 0.000000 0.000000 1.000000
0.995612 -0.019842 -0.091449 -0.000000 0.057393 0.901353 0.429266 -0.038776 0.073910 -0.432631 0.898536 0.002253 0.000000 0.000000 0.000000 1.000000
0.995375 -0.020089 -0.093937 -0.000000 0.058580 0.901953 0.427843 -0.038776 0.076131 -0.431367 0.898958 0.002253 0.000000 0.000000 0.000000 1.000000
0.995289 -0.020174 -0.094828 -0.000000 0.058942 0.902499 0.426639 -0.038776 0.076975 -0.430219 0.899437 0.002253 0.000000 0.000000 0.000000 1.000000
0.995384 -0.020023 -0.093863 0.000000 0.058295 0.903053 0.425555 -0.038776 0.076243 -0.429062 0.900052 0.002253 0.000000 0.000000 0.000000 1.000000
0.995647 -0.019591 -0.091117 -0.000000 0.056625 0.903682 0.424443 -0.038776 0.074025 -0.427755 0.900858 0.002253 0.000000 0.000000 0.000000 1.000000
0.996045 -0.018915 -0.086810 0.000000 0.054067 0.904371 0.423307 -0.038776 0.070502 -0.426327 0.901817 0.002253 0.000000 0.000000 0.000000 1.000000
0.996538 -0.018026 -0.081164 -0.000000 0.050755 0.905104 0.422151 -0.038776 0.065852 -0.424809 0.902885 0.002253 0.000000 0.000000 0.000000 1.000000
0.997084 -0.016961 -0.074401 -0.000000 0.046822 0.905863 0.420976 -0.038776 0.060257 -0.423232 0.904016 0.002253 0.000000 0.000000 0.000000 1.000000
0.997646 -0.015753 -0.066741 -0.000000 0.042399 0.906633 0.419785 -0.038776 0.053897 -0.421627 0.905166 0.002253 0.000000 0.000000 0.000000 1.000000
0.998188 -0.014436 -0.058408 0.000000 0.037616 0.907398 0.418585 -0.038776 0.046956 -0.420023 0.906298 0.002253 0.000000 0.000000 0.000000 1.000000
0.998683 -0.013047 -0.049624 0.000000 0.032604 0.908146 0.417382 -0.038776 0.039620 -0.418451 0.907375 0.002253 0.000000 0.000000 0.000000 1.000000
0.999107 -0.011620 -0.040612 -0.000000 0.027488 0.908862 0.416190 -0.038776 0.032075 -0.416935 0.908370 0.002253 0.000000 0.000000 0.000000 1.000000
0.999449 -0.010191 -0.031598 -0.000000 0.022395 0.909536 0.415022 -0.038776 0.024510 -0.415500 0.909263 0.002253 0.000000 0.000000 0.000000 1.000000
0.999701 -0.008796 -0.022804 0.000000 0.017449 0.910157 0.413895 -0.038776 0.017115 -0.414170 0.910039 0.002253 0.000000 0.000000 0.000000 1.000000
0.999868 -0.007470 -0.014456 0.000000 0.012773 0.910717 0.412833 -0.038776 0.010081 -0.412963 0.910692 0.002253 0.000000 0.000000 0.000000 1.000000
0.999957 -0.006251 -0.006778 -0.000000 0.008488 0.911208 0.411858 -0.038776 0.003602 -0.411898 0.911223 0.002253 0.000000 0.000000 0.000000 1.000000
0.999987 -0.005173 0.000006 -0.000000 0.004713 0.911624 0.410998 -0.038776 -0.002132 -0.410993 0.911636 0.002253 0.000000 0.000000 0.000000 1.000000
0.999975 -0.004272 0.005672 -0.000000 0.001569 0.911958 0.410281 -0.038776 -0.006926 -0.410261 0.911942 0.002253 0.000000 0.000000 0.000000 1.000000
0.999944 -0.003585 0.009996 -0.000000 -0.000825 0.912205 0.409734 -0.038776 -0.010587 -0.409719 0.912150 0.002253 0.000000 0.000000 0.000000 1.000000
0.999914 -0.003147 0.012754 0.000000 -0.002351 0.912358 0.409387 -0.038776 -0.012924 -0.409382 0.912272 0.002253 0.000000 0.000000 0.000000 1.000000
0.999901 -0.002993 0.013723 -0.000000 -0.002886 0.912410 0.409266 -0.038776 -0.013746 -0.409266 0.912312 0.002253 0.000000 0.000000 0.000000 1.000000
0.999908 -0.003359 0.013113 -0.000000 -0.002308 0.912233 0.409665 -0.038776 -0.013339 -0.409658 0.912142 0.002253 0.000000 0.000000 0.000000 1.000000
0.999926 -0.004403 0.011378 -0.000000 -0.000660 0.911726 0.410799 -0.038776 -0.012183 -0.410776 0.911655 0.002253 0.000000 0.000000 0.000000 1.000000
0.999944 -0.006038 0.008659 -0.000000 0.001928 0.910923 0.412573 -0.038776 -0.010379 -0.412533 0.910884 0.002253 0.000000 0.000000 0.000000 1.000000
0.999954 -0.008182 0.005094 0.000000 0.005331 0.909856 0.414890 -0.038776 -0.008030 -0.414844 0.909857 0.002253 0.000000 0.000000 0.000000 1.000000
0.999942 -0.010748 0.000827 0.000000 0.009421 0.908557 0.417655 -0.038776 -0.005241 -0.417623 0.908605 0.002253 0.000000 0.000000 0.000000 1.000000
0.999899 -0.013653 -0.004003 0.000000 0.014070 0.907058 0.420770 -0.038776 -0.002114 -0.420784 0.907159 0.002253 0.000000 0.000000 0.000000 1.000000
0.999816 -0.016810 -0.009255 -0.000000 0.019149 0.905394 0.424140 -0.038776 0.001250 -0.424239 0.905549 0.002253 0.000000 0.000000 0.000000 1.000000
0.999688 -0.020136 -0.014789 0.000000 0.024527 0.903601 0.427672 -0.038776 0.004751 -0.427901 0.903813 0.002253 0.000000 0.000000 0.000000 1.000000
0.999513 -0.023545 -0.020462 -0.000000 0.030070 0.901721 0.431272 -0.038776 0.008297 -0.431678 0.901990 0.002253 0.000000 0.000000 0.000000 1.000000
0.999295 -0.026952 -0.026135 -0.000000 0.035641 0.899797 0.434851 -0.038776 0.011796 -0.435476 0.900123 0.002253 0.000000 0.000000 0.000000 1.000000
0.999040 -0.030273 -0.031666 -0.000000 0.041100 0.897879 0.438319 -0.038776 0.015163 -0.439200 0.898261 0.002253 0.000000 0.000000 0.000000 1.000000
0.998759 -0.033422 -0.036915 -0.000000 0.046306 0.896021 0.441591 -0.038776 0.018318 -0.442753 0.896456 0.002253 0.000000 0.000000 0.000000 1.000000
0.998468 -0.036316 -0.041742 -0.000000 0.051113 0.894278 0.444583 -0.038776 0.021183 -0.446036 0.894764 0.002253 0.000000 0.000000 0.000000 1.000000
0.998185 -0.038871 -0.046005 -0.000000 0.055375 0.892712 0.447213 -0.038776 0.023686 -0.448948 0.893244 0.002253 0.000000 0.000000 0.000000 1.000000
0.997929 -0.041004 -0.049565 -0.000000 0.058946 0.891384 0.449398 -0.038776 0.025755 -0.451389 0.891955 0.002253 0.000000 0.000000 0.000000 1.000000
0.997722 -0.042630 -0.052281 -0.000000 0.061679 0.890360 0.451060 -0.038776 0.027321 -0.453258 0.890961 0.002253 0.000000 0.000000 0.000000 1.000000
0.997585 -0.043667 -0.054014 -0.000000 0.063424 0.889701 0.452118 -0.038776 0.028314 -0.454451 0.890321 0.002253 0.000000 0.000000 0.000000 1.000000
0.997536 -0.044031 -0.054623 0.000000 0.064038 0.889468 0.452488 -0.038776 0.028662 -0.454871 0.890096 0.002253 0.000000 0.000000 0.000000 1.000000
0.997596 -0.043582 -0.053883 -0.000000 0.063292 0.889664 0.452207 -0.038776 0.028230 -0.454531 0.890284 0.002253 0.000000 0.000000 0.000000 1.000000
0.997763 -0.042300 -0.051773 -0.000000 0.061164 0.890221 0.451403 -0.038776 0.026995 -0.453560 0.890817 0.002253 0.000000 0.000000 0.000000 1.000000
0.998013 -0.040283 -0.048452 -0.000000 0.057820 0.891088 0.450133 -0.038776 0.025043 -0.452040 0.891646 0.002253 0.000000 0.000000 0.000000 1.000000
0.998319 -0.037626 -0.044082 0.000000 0.053428 0.892209 0.448452 -0.038776 0.022457 -0.450053 0.892719 0.002253 0.000000 0.000000 0.000000 1.000000
0.998653 -0.034426 -0.038823 0.000000 0.048157 0.893529 0.446415 -0.038776 0.019321 -0.447683 0.893984 0.002253 0.000000 0.000000 0.000000 1.000000
0.998987 -0.030782 -0.032836 -0.000000 0.042175 0.894996 0.444077 -0.038776 0.015719 -0.445012 0.895387 0.002253 0.000000 0.000000 0.000000 1.000000
0.999295 -0.026791 -0.026284 0.000000 0.035649 0.896555 0.441495 -0.038776 0.011737 -0.442121 0.896878 0.002253 0.000000 0.000000 0.000000 1.000000
0.999559 -0.022550 -0.019326 0.000000 0.028745 0.898160 0.438729 -0.038776 0.007464 -0.439091 0.898412 0.002253 0.000000 0.000000 0.000000 1.000000
0.999762 -0.018159 -0.012125 0.000000 0.021628 0.899765 0.435838 -0.038776 0.002995 -0.435996 0.899943 0.002253 0.000000 0.000000 0.000000 1.000000
0.999894 -0.013717 -0.004842 -0.000000 0.014461 0.901332 0.432887 -0.038776 -0.001573 -0.432911 0.901435 0.002253 0.000000 0.000000 0.000000 1.000000
0.999954 -0.009322 0.002360 -0.000000 0.007402 0.902827 0.429941 -0.038776 -0.006138 -0.429903 0.902854 0.002253 0.000000 0.000000 0.000000 1.000000
0.999944 -0.005076 0.009319 -0.000000 0.000610 0.904219 0.427068 -0.038776 -0.010594 -0.427039 0.904171 0.002253 0.000000 0.000000 0.000000 1.000000
0.999873 -0.001075 0.015874 -0.000000 -0.005764 0.905485 0.424340 -0.038776 -0.014830 -0.424378 0.905364 0.002253 0.000000 0.000000 0.000000 1.000000
0.999758 0.002580 0.021864 -0.000000 -0.011564 0.906602 0.421828 -0.038776 -0.018733 -0.421979 0.906412 0.002253 0.000000 0.000000 0.000000 1.000000
0.999615 0.005790 0.027125 -0.000000 -0.016643 0.907553 0.419607 -0.038776 -0.022188 -0.419897 0.907301 0.002253 0.000000 0.000000 0.000000 1.000000
0.999468 0.008458 0.031499 -0.000000 -0.020852 0.908323 0.417750 -0.038776 -0.025078 -0.418185 0.908016 0.002253 0.000000 0.000000 0.000000 1.000000
0.999339 0.010484 0.034822 -0.000000 -0.024043 0.908894 0.416333 -0.038776 -0.027284 -0.416895 0.908545 0.002253 0.000000 0.000000 0.000000 1.000000
0.999248 0.011772 0.036934 -0.000000 -0.026067 0.909252 0.415429 -0.038776 -0.028691 -0.416080 0.908875 0.002253 0.000000 0.000000 0.000000 1.000000
0.999215 0.012223 0.037674 0.000000 -0.026775 0.909376 0.415112 -0.038776 -0.029185 -0.415795 0.908990 0.002253 0.000000 0.000000 0.000000 1.000000
0.999252 0.011933 0.036778 -0.000000 -0.026147 0.909278 0.415368 -0.038776 -0.028485 -0.416019 0.908910 0.002253 0.000000 0.000000 0.000000 1.000000
0.999349 0.011132 0.034308 -0.000000 -0.024410 0.909005 0.416071 -0.038776 -0.026555 -0.416638 0.908685 0.002253 0.000000 0.000000 0.000000 1.000000
0.999483 0.009925 0.030585 -0.000000 -0.021787 0.908588 0.417125 -0.038776 -0.023649 -0.417576 0.908334 0.002253 0.000000 0.000000 0.000000 1.000000
0.999628 0.008416 0.025932 -0.000000 -0.018500 0.908059 0.418434 -0.038776 -0.020026 -0.418759 0.907877 0.002253 0.000000 0.000000 0.000000 1.000000
0.999764 0.006709 0.020670 -0.000000 -0.014771 0.907449 0.419903 -0.038776 -0.015940 -0.420109 0.907333 0.002253 0.000000 0.000000 0.000000 1.000000
0.999874 0.004909 0.015124 -0.000000 -0.010826 0.906793 0.421438 -0.038776 -0.011645 -0.421548 0.906731 0.002253 0.000000 0.000000 0.000000 1.000000
0.999949 0.003121 0.009614 -0.000000 -0.006895 0.906128 0.422948 -0.038776 -0.007392 -0.422993 0.906103 0.002253 0.000000 0.000000 0.000000 1.000000
0.999989 0.001450 0.004466 -0.000000 -0.003208 0.905494 0.424347 -0.038776 -0.003428 -0.424357 0.905488 0.002253 0.000000 0.000000 0.000000 1.000000
1.000000 0.000000 0.000000 -0.000000 0.000000 1.000000 0.000000 -0.038776 0.000000 0.000000 1.000000 0.002253 0.000000 0.000000 0.000000 1.000000</float_array><technique_common><accessor source="#hips-Matrix-animation-output-transform-array" count="85" stride="16"><param type="float4x4"/></accessor></technique_common></source><source id="hips-Interpolations"><Name_array id="hips-Interpolations-array" count="85">
 LINEAR LINEAR LINEAR LINEAR LINEAR LINEAR LINEAR LINEAR LINEAR LINEAR LINEAR
LINEAR LINEAR LINEAR LINEAR LINEAR LINEAR LINEAR LINEAR LINEAR LINEAR LINEAR LINEAR
LINEAR LINEAR LINEAR LINEAR LINEAR LINEAR LINEAR LINEAR LINEAR LINEAR LINEAR LINEAR
LINEAR LINEAR LINEAR LINEAR LINEAR LINEAR LINEAR LINEAR LINEAR LINEAR LINEAR LINEAR
LINEAR LINEAR LINEAR LINEAR LINEAR LINEAR LINEAR LINEAR LINEAR LINEAR LINEAR LINEAR
LINEAR LINEAR LINEAR LINEAR LINEAR LINEAR LINEAR LINEAR LINEAR LINEAR LINEAR LINEAR
LINEAR LINEAR LINEAR LINEAR LINEAR LINEAR LINEAR LINEAR LINEAR LINEAR LINEAR LINEAR
LINEAR LINEAR</Name_array><technique_common><accessor source="#hips-Interpolations-array" count="85"><param type="name"/></accessor></technique_common></source><sampler id="hips-Matrix-animation-transform"><input semantic="INPUT" source="#hips-Matrix-animation-input"/><input semantic="OUTPUT" source="#hips-Matrix-animation-output-transform"/><input semantic="INTERPOLATION" source="#hips-Interpolations"/></sampler><channel source="#hips-Matrix-animation-transform" target="hips/matrix"/></animation><animation><source id="hips-visibility-animation-input"><float_array id="hips-visibility-animation-input-array" count="84">

0.033333 0.066667 0.100000 0.133333 0.166667 0.200000 0.233333 0.266667 0.300000 0.333333 0.366667 0.400000 0.433333 0.466667 0.500000 0.533333
0.566667 0.600000 0.633333 0.666667 0.700000 0.733333 0.766667 0.800000 0.833333 0.866667 0.900000 0.933333 0.966667 1.000000 1.033333 1.066667
1.100000 1.133333 1.166667 1.200000 1.233333 1.266667 1.300000 1.333333 1.366667 1.400000 1.433333 1.466667 1.500000 1.533333 1.566667 1.600000
1.633333 1.666667 1.700000 1.733333 1.766667 1.800000 1.833333 1.866667 1.900000 1.933333 1.966667 2.000000 2.033333 2.066667 2.100000 2.133333
2.166667 2.200000 2.233333 2.266667 2.300000 2.333333 2.366667 2.400000 2.433333 2.466667 2.500000 2.533333 2.566667 2.600000 2.633333 2.666667
2.700000 2.733333 2.766667 2.800000</float_array><technique_common><accessor source="#hips-visibility-animation-input-array" count="84"><param name="TIME" type="float"/></accessor></technique_common></source><source id="hips-visibility-animation-output"><float_array id="hips-visibility-animation-output-array" count="84">

1.000000 1.000000 1.000000 1.000000 1.000000 1.000000 1.000000 1.000000 1.000000 1.000000 1.000000 1.000000 1.000000 1.000000 1.000000 1.000000
1.000000 1.000000 1.000000 1.000000 1.000000 1.000000 1.000000 1.000000 1.000000 1.000000 1.000000 1.000000 1.000000 1.000000 1.000000 1.000000
1.000000 1.000000 1.000000 1.000000 1.000000 1.000000 1.000000 1.000000 1.000000 1.000000 1.000000 1.000000 1.000000 1.000000 1.000000 1.000000
1.000000 1.000000 1.000000 1.000000 1.000000 1.000000 1.000000 1.000000 1.000000 1.000000 1.000000 1.000000 1.000000 1.000000 1.000000 1.000000
1.000000 1.000000 1.000000 1.000000 1.000000 1.000000 1.000000 1.000000 1.000000 1.000000 1.000000 1.000000 1.000000 1.000000 1.000000 1.000000
1.000000 1.000000 1.000000 1.000000</float_array><technique_common><accessor source="#hips-visibility-animation-output-array" count="84"><param type="float"/></accessor></technique_common></source><source id="hips-visibility-animation-intan"><float_array id="hips-visibility-animation-intan-array" count="84">

0.000000 0.000000 0.000000 0.000000 0.000000 0.000000 0.000000 0.000000 0.000000 0.000000 0.000000 0.000000 0.000000 0.000000 0.000000 0.000000
0.000000 0.000000 0.000000 0.000000 0.000000 0.000000 0.000000 0.000000 0.000000 0.000000 0.000000 0.000000 0.000000 0.000000 0.000000 0.000000
0.000000 0.000000 0.000000 0.000000 0.000000 0.000000 0.000000 0.000000 0.000000 0.000000 0.000000 0.000000 0.000000 0.000000 0.000000 0.000000
0.000000 0.000000 0.000000 0.000000 0.000000 0.000000 0.000000 0.000000 0.000000 0.000000 0.000000 0.000000 0.000000 0.000000 0.000000 0.000000
0.000000 0.000000 0.000000 0.000000 0.000000 0.000000 0.000000 0.000000 0.000000 0.000000 0.000000 0.000000 0.000000 0.000000 0.000000 0.000000
0.000000 0.000000 0.000000 0.000000</float_array><technique_common><accessor source="#hips-visibility-animation-intan-array" count="84"><param type="float"/></accessor></technique_common></source><source id="hips-visibility-animation-outtan"><float_array id="hips-visibility-animation-outtan-array" count="84">

0.000000 0.000000 0.000000 0.000000 0.000000 0.000000 0.000000 0.000000 0.000000 0.000000 0.000000 0.000000 0.000000 0.000000 0.000000 0.000000
0.000000 0.000000 0.000000 0.000000 0.000000 0.000000 0.000000 0.000000 0.000000 0.000000 0.000000 0.000000 0.000000 0.000000 0.000000 0.000000
