<?xml version="1.0" encoding="utf-8"?>
<COLLADA xmlns="http://www.collada.org/2005/11/COLLADASchema" version="1.4.1">
  <asset><contributor><author></author><authoring_tool>FBX COLLADA exporter</authoring_tool><comments></comments></contributor><created>2014-07-10T16:01:00Z</created><keywords></keywords><modified>2014-07-10T16:01:00Z</modified><revision></revision><subject></subject><title></title><unit meter="0.010000" name="centimeter"></unit><up_axis>Y_UP</up_axis></asset>
  <library_animations>
    <animation id="root-anim" name="root"><animation><source id="root-Matrix-animation-input"><float_array id="root-Matrix-animation-input-array" count="67">

0.033333 0.066667 0.100000 0.133333 0.166667 0.200000 0.233333 0.266667 0.300000 0.333333 0.366667 0.400000 0.433333 0.466667 0.500000 0.533333
0.566667 0.600000 0.633333 0.666667 0.700000 0.733333 0.766667 0.800000 0.833333 0.866667 0.900000 0.933333 0.966667 1.000000 1.033333 1.066667
1.100000 1.133333 1.166667 1.200000 1.233333 1.266667 1.300000 1.333333 1.366667 1.400000 1.433333 1.466667 1.500000 1.533333 1.566667 1.600000
1.633333 1.666667 1.700000 1.733333 1.766667 1.800000 1.833333 1.866667 1.900000 1.933333 1.966667 2.000000 2.033333 2.066667 2.100000 2.133333
2.166667 2.200000 2.233333</float_array><technique_common><accessor source="#root-Matrix-animation-input-array" count="67"><param name="TIME" type="float"/></accessor></technique_common></source><source id="root-Matrix-animation-output-transform"><float_array id="root-Matrix-animation-output-transform-array" count="1072">

1.000000 0.000000 0.000000 -0.000000 0.000000 1.000000 0.000000 0.067787 0.000000 0.000000 1.000000 0.118562 0.000000 0.000000 0.000000 1.000000
1.000000 0.000037 -0.000091 0.000384 -0.000038 0.999911 -0.013375 0.061709 0.000090 0.013375 0.999911 0.119327 0.000000 0.000000 0.000000 1.000000
1.000000 0.000131 -0.000359 0.001445 -0.000149 0.998743 -0.050133 0.044908 0.000352 0.050133 0.998742 0.121463 0.000000 0.000000 0.000000 1.000000
1.000000 0.000244 -0.000804 0.003045 -0.000327 0.994462 -0.105100 0.019539 0.000774 0.105100 0.994461 0.124734 0.000000 0.000000 0.000000 1.000000
0.999999 0.000327 -0.001422 0.005046 -0.000568 0.984940 -0.172897 -0.012245 0.001344 0.172898 0.984939 0.128903 0.000000 0.000000 0.000000 1.000000
0.999998 0.000330 -0.002199 0.007311 -0.000865 0.968776 -0.247936 -0.048292 0.002049 0.247937 0.968774 0.133732 0.000000 0.000000 0.000000 1.000000
0.999995 0.000215 -0.003115 0.009702 -0.001215 0.945847 -0.324611 -0.086449 0.002876 0.324613 0.945842 0.138985 0.000000 0.000000 0.000000 1.000000
0.999991 -0.000038 -0.004140 0.012082 -0.001611 0.917560 -0.397594 -0.124564 0.003814 0.397597 0.917552 0.144424 0.000000 0.000000 0.000000 1.000000
0.999986 -0.000425 -0.005249 0.014313 -0.002049 0.886810 -0.462131 -0.160485 0.004851 0.462135 0.886796 0.149813 0.000000 0.000000 0.000000 1.000000
0.999979 -0.000908 -0.006421 0.016257 -0.002523 0.857662 -0.514208 -0.192062 0.005974 0.514214 0.857641 0.154916 0.000000 0.000000 0.000000 1.000000
0.999970 -0.001419 -0.007653 0.017777 -0.003028 0.834858 -0.550458 -0.217134 0.007170 0.550464 0.834828 0.159494 0.000000 0.000000 0.000000 1.000000
0.999958 -0.001926 -0.008943 0.018915 -0.003559 0.818656 -0.574274 -0.237373 0.008428 0.574282 0.818614 0.162807 0.000000 0.000000 0.000000 1.000000
0.999944 -0.002448 -0.010280 0.019831 -0.004111 0.806032 -0.591858 -0.255717 0.009734 0.591867 0.805977 0.164813 0.000000 0.000000 0.000000 1.000000
0.999928 -0.002967 -0.011654 0.020560 -0.004679 0.796753 -0.604287 -0.271916 0.011078 0.604298 0.796681 0.166323 0.000000 0.000000 0.000000 1.000000
0.999909 -0.003469 -0.013058 0.021140 -0.005257 0.790424 -0.612537 -0.285726 0.012446 0.612550 0.790334 0.168148 0.000000 0.000000 0.000000 1.000000
0.999887 -0.003945 -0.014482 0.021609 -0.005840 0.786543 -0.617508 -0.296897 0.013827 0.617523 0.786431 0.171099 0.000000 0.000000 0.000000 1.000000
0.999864 -0.004391 -0.015913 0.022004 -0.006423 0.784536 -0.620050 -0.305182 0.015207 0.620068 0.784401 0.175989 0.000000 0.000000 0.000000 1.000000
0.999838 -0.004807 -0.017340 0.022361 -0.007001 0.783793 -0.620983 -0.310335 0.016576 0.621004 0.783632 0.183628 0.000000 0.000000 0.000000 1.000000
0.999811 -0.005200 -0.018744 0.022718 -0.007569 0.783684 -0.621114 -0.312108 0.017919 0.621138 0.783496 0.194828 0.000000 0.000000 0.000000 1.000000
0.999782 -0.005471 -0.020140 0.023033 -0.008121 0.787008 -0.616890 -0.239623 0.019226 0.616919 0.786792 0.230336 0.000000 0.000000 0.000000 1.000000
0.999753 -0.005501 -0.021544 0.023253 -0.008652 0.796316 -0.604819 -0.053504 0.020483 0.604856 0.796071 0.298679 0.000000 0.000000 0.000000 1.000000
0.999723 -0.005278 -0.022934 0.023402 -0.009157 0.810471 -0.585707 0.199246 0.021679 0.585755 0.810198 0.382337 0.000000 0.000000 0.000000 1.000000
0.999694 -0.004801 -0.024282 0.023501 -0.009631 0.828232 -0.560302 0.471624 0.022801 0.560364 0.827932 0.463787 0.000000 0.000000 0.000000 1.000000
0.999665 -0.004080 -0.025553 0.023573 -0.010069 0.848330 -0.529372 0.716627 0.023837 0.529452 0.848005 0.525509 0.000000 0.000000 0.000000 1.000000
0.999638 -0.003136 -0.026711 0.023639 -0.010465 0.869538 -0.493756 0.887266 0.024775 0.493856 0.869190 0.549981 0.000000 0.000000 0.000000 1.000000
0.999614 -0.001659 -0.027743 0.023721 -0.010815 0.896321 -0.443273 0.986484 0.025602 0.443402 0.895957 0.538667 0.000000 0.000000 0.000000 1.000000
0.999592 0.000469 -0.028553 0.023843 -0.011112 0.927445 -0.373796 1.052994 0.026306 0.373960 0.927072 0.508954 0.000000 0.000000 0.000000 1.000000
0.999574 0.002868 -0.029034 0.024025 -0.011353 0.954955 -0.296533 1.093335 0.026876 0.296736 0.954581 0.467184 0.000000 0.000000 0.000000 1.000000
0.999561 0.005109 -0.029189 0.024290 -0.011531 0.974449 -0.224313 1.114051 0.027297 0.224551 0.974080 0.419697 0.000000 0.000000 0.000000 1.000000
0.999552 0.006756 -0.029145 0.024661 -0.011642 0.985221 -0.170892 1.121683 0.027559 0.171155 0.984859 0.372836 0.000000 0.000000 0.000000 1.000000
0.999549 0.007393 -0.029091 0.025159 -0.011680 0.988604 -0.150086 1.122774 0.027649 0.150358 0.988245 0.332941 0.000000 0.000000 0.000000 1.000000
0.999551 0.006871 -0.029148 0.025829 -0.011653 0.985848 -0.167234 1.078610 0.027587 0.167498 0.985486 0.295068 0.000000 0.000000 0.000000 1.000000
0.999557 0.005484 -0.029238 0.026679 -0.011576 0.977101 -0.212460 0.962045 0.027403 0.212704 0.976732 0.252575 0.000000 0.000000 0.000000 1.000000
0.999567 0.003515 -0.029214 0.027671 -0.011450 0.961046 -0.276150 0.797018 0.027106 0.276365 0.960670 0.209278 0.000000 0.000000 0.000000 1.000000
0.999580 0.001259 -0.028959 0.028768 -0.011279 0.937213 -0.348574 0.607433 0.026702 0.348755 0.936834 0.168978 0.000000 0.000000 0.000000 1.000000
0.999596 -0.000976 -0.028423 0.029935 -0.011067 0.907300 -0.420339 0.417202 0.026198 0.420483 0.906922 0.135480 0.000000 0.000000 0.000000 1.000000
0.999614 -0.002900 -0.027641 0.031134 -0.010815 0.875576 -0.482960 0.250236 0.025602 0.483072 0.875206 0.112590 0.000000 0.000000 0.000000 1.000000
0.999634 -0.004260 -0.026715 0.032329 -0.010527 0.848448 -0.529173 0.130448 0.024921 0.529261 0.848093 0.104115 0.000000 0.000000 0.000000 1.000000
0.999656 -0.005195 -0.025709 0.033484 -0.010206 0.825888 -0.563743 0.052280 0.024161 0.563811 0.825550 0.106247 0.000000 0.000000 0.000000 1.000000
0.999679 -0.005967 -0.024613 0.034561 -0.009855 0.803597 -0.595092 -0.007382 0.023330 0.595143 0.803281 0.112072 0.000000 0.000000 0.000000 1.000000
0.999703 -0.006548 -0.023458 0.035525 -0.009477 0.782684 -0.622348 -0.050937 0.022436 0.622385 0.782389 0.120730 0.000000 0.000000 0.000000 1.000000
0.999728 -0.006918 -0.022273 0.036338 -0.009075 0.764335 -0.644756 -0.080807 0.021484 0.644782 0.764064 0.131364 0.000000 0.000000 0.000000 1.000000
0.999753 -0.007067 -0.021082 0.036964 -0.008652 0.749782 -0.661628 -0.099407 0.020483 0.661647 0.749536 0.143115 0.000000 0.000000 0.000000 1.000000
0.999777 -0.006992 -0.019910 0.037367 -0.008211 0.740238 -0.672295 -0.109149 0.019439 0.672308 0.740016 0.155126 0.000000 0.000000 0.000000 1.000000
0.999801 -0.006699 -0.018770 0.037509 -0.007755 0.736831 -0.676032 -0.112447 0.018359 0.676043 0.736633 0.166539 0.000000 0.000000 0.000000 1.000000
0.999825 -0.006172 -0.017680 0.037284 -0.007287 0.741516 -0.670896 -0.109846 0.017251 0.670907 0.741341 0.178572 0.000000 0.000000 0.000000 1.000000
0.999847 -0.005445 -0.016632 0.036635 -0.006809 0.754432 -0.656342 -0.100893 0.016121 0.656355 0.754280 0.192579 0.000000 0.000000 0.000000 1.000000
0.999868 -0.004595 -0.015596 0.035607 -0.006326 0.773702 -0.633518 -0.086500 0.014978 0.633533 0.773570 0.207905 0.000000 0.000000 0.000000 1.000000
0.999887 -0.003689 -0.014549 0.034240 -0.005840 0.797322 -0.603525 -0.067586 0.013827 0.603542 0.797211 0.223888 0.000000 0.000000 0.000000 1.000000
0.999905 -0.002787 -0.013475 0.032577 -0.005354 0.823323 -0.567547 -0.045065 0.012676 0.567566 0.823231 0.239873 0.000000 0.000000 0.000000 1.000000
0.999922 -0.001938 -0.012367 0.030661 -0.004871 0.849878 -0.526956 -0.019850 0.011532 0.526975 0.849802 0.255202 0.000000 0.000000 0.000000 1.000000
0.999936 -0.001182 -0.011230 0.028533 -0.004394 0.875411 -0.483359 0.007142 0.010402 0.483377 0.875350 0.269218 0.000000 0.000000 0.000000 1.000000
0.999949 -0.000549 -0.010074 0.026237 -0.003925 0.898675 -0.438598 0.034998 0.009294 0.438615 0.898627 0.281264 0.000000 0.000000 0.000000 1.000000
0.999960 -0.000055 -0.008917 0.023813 -0.003469 0.918794 -0.394721 0.062801 0.008214 0.394736 0.918758 0.290682 0.000000 0.000000 0.000000 1.000000
0.999970 0.000295 -0.007777 0.021305 -0.003028 0.935271 -0.353920 0.089641 0.007170 0.353933 0.935243 0.296816 0.000000 0.000000 0.000000 1.000000
0.999978 0.000505 -0.006676 0.018754 -0.002605 0.947924 -0.318484 0.114596 0.006168 0.318495 0.947905 0.299007 0.000000 0.000000 0.000000 1.000000
0.999984 0.000627 -0.005627 0.016204 -0.002203 0.958614 -0.284700 0.133100 0.005216 0.284708 0.958600 0.294804 0.000000 0.000000 0.000000 1.000000
0.999989 0.000696 -0.004639 0.013696 -0.001825 0.968736 -0.248086 0.142259 0.004321 0.248092 0.968727 0.283281 0.000000 0.000000 0.000000 1.000000
0.999993 0.000709 -0.003722 0.011272 -0.001474 0.977735 -0.209839 0.143671 0.003490 0.209843 0.977729 0.266063 0.000000 0.000000 0.000000 1.000000
0.999996 0.000669 -0.002887 0.008976 -0.001153 0.985233 -0.171214 0.138934 0.002730 0.171217 0.985230 0.244779 0.000000 0.000000 0.000000 1.000000
0.999998 0.000584 -0.002146 0.006848 -0.000865 0.991047 -0.133508 0.129645 0.002049 0.133509 0.991045 0.221055 0.000000 0.000000 0.000000 1.000000
0.999999 0.000468 -0.001505 0.004932 -0.000613 0.995182 -0.098039 0.117401 0.001452 0.098039 0.995181 0.196517 0.000000 0.000000 0.000000 1.000000
0.999999 0.000337 -0.000973 0.003269 -0.000401 0.997811 -0.066125 0.103800 0.000948 0.066126 0.997811 0.172789 0.000000 0.000000 0.000000 1.000000
1.000000 0.000208 -0.000553 0.001902 -0.000230 0.999236 -0.039086 0.090441 0.000544 0.039086 0.999236 0.151505 0.000000 0.000000 0.000000 1.000000
1.000000 0.000100 -0.000248 0.000874 -0.000104 0.999834 -0.018208 0.078921 0.000247 0.018208 0.999834 0.134288 0.000000 0.000000 0.000000 1.000000
1.000000 0.000026 -0.000063 0.000225 -0.000027 0.999989 -0.004760 0.070837 0.000063 0.004760 0.999989 0.122764 0.000000 0.000000 0.000000 1.000000
1.000000 0.000000 0.000000 -0.000000 0.000000 1.000000 0.000000 0.053282 0.000000 0.000000 1.000000 0.058154 0.000000 0.000000 0.000000 1.000000</float_array><technique_common><accessor source="#root-Matrix-animation-output-transform-array" count="67" stride="16"><param type="float4x4"/></accessor></technique_common></source><source id="root-Interpolations"><Name_array id="root-Interpolations-array" count="67">
 LINEAR LINEAR LINEAR LINEAR LINEAR LINEAR LINEAR LINEAR LINEAR LINEAR LINEAR
LINEAR LINEAR LINEAR LINEAR LINEAR LINEAR LINEAR LINEAR LINEAR LINEAR LINEAR LINEAR
LINEAR LINEAR LINEAR LINEAR LINEAR LINEAR LINEAR LINEAR LINEAR LINEAR LINEAR LINEAR
LINEAR LINEAR LINEAR LINEAR LINEAR LINEAR LINEAR LINEAR LINEAR LINEAR LINEAR LINEAR
LINEAR LINEAR LINEAR LINEAR LINEAR LINEAR LINEAR LINEAR LINEAR LINEAR LINEAR LINEAR
LINEAR LINEAR LINEAR LINEAR LINEAR LINEAR LINEAR LINEAR</Name_array><technique_common><accessor source="#root-Interpolations-array" count="67"><param type="name"/></accessor></technique_common></source><sampler id="root-Matrix-animation-transform"><input semantic="INPUT" source="#root-Matrix-animation-input"/><input semantic="OUTPUT" source="#root-Matrix-animation-output-transform"/><input semantic="INTERPOLATION" source="#root-Interpolations"/></sampler><channel source="#root-Matrix-animation-transform" target="root/matrix"/></animation><animation><source id="root-visibility-animation-input"><float_array id="root-visibility-animation-input-array" count="66">

0.033333 0.066667 0.100000 0.133333 0.166667 0.200000 0.233333 0.266667 0.300000 0.333333 0.366667 0.400000 0.433333 0.466667 0.500000 0.533333
0.566667 0.600000 0.633333 0.666667 0.700000 0.733333 0.766667 0.800000 0.833333 0.866667 0.900000 0.933333 0.966667 1.000000 1.033333 1.066667
1.100000 1.133333 1.166667 1.200000 1.233333 1.266667 1.300000 1.333333 1.366667 1.400000 1.433333 1.466667 1.500000 1.533333 1.566667 1.600000
1.633333 1.666667 1.700000 1.733333 1.766667 1.800000 1.833333 1.866667 1.900000 1.933333 1.966667 2.000000 2.033333 2.066667 2.100000 2.133333
2.166667 2.200000</float_array><technique_common><accessor source="#root-visibility-animation-input-array" count="66"><param name="TIME" type="float"/></accessor></technique_common></source><source id="root-visibility-animation-output"><float_array id="root-visibility-animation-output-array" count="66">

1.000000 1.000000 1.000000 1.000000 1.000000 1.000000 1.000000 1.000000 1.000000 1.000000 1.000000 1.000000 1.000000 1.000000 1.000000 1.000000
1.000000 1.000000 1.000000 1.000000 1.000000 1.000000 1.000000 1.000000 1.000000 1.000000 1.000000 1.000000 1.000000 1.000000 1.000000 1.000000
1.000000 1.000000 1.000000 1.000000 1.000000 1.000000 1.000000 1.000000 1.000000 1.000000 1.000000 1.000000 1.000000 1.000000 1.000000 1.000000
1.000000 1.000000 1.000000 1.000000 1.000000 1.000000 1.000000 1.000000 1.000000 1.000000 1.000000 1.000000 1.000000 1.000000 1.000000 1.000000
1.000000 1.000000</float_array><technique_common><accessor source="#root-visibility-animation-output-array" count="66"><param type="float"/></accessor></technique_common></source><source id="root-visibility-animation-intan"><float_array id="root-visibility-animation-intan-array" count="66">

0.000000 0.000000 0.000000 0.000000 0.000000 0.000000 0.000000 0.000000 0.000000 0.000000 0.000000 0.000000 0.000000 0.000000 0.000000 0.000000
0.000000 0.000000 0.000000 0.000000 0.000000 0.000000 0.000000 0.000000 0.000000 0.000000 0.000000 0.000000 0.000000 0.000000 0.000000 0.000000
0.000000 0.000000 0.000000 0.000000 0.000000 0.000000 0.000000 0.000000 0.000000 0.000000 0.000000 0.000000 0.000000 0.000000 0.000000 0.000000
0.000000 0.000000 0.000000 0.000000 0.000000 0.000000 0.000000 0.000000 0.000000 0.000000 0.000000 0.000000 0.000000 0.000000 0.000000 0.000000
0.000000 0.000000</float_array><technique_common><accessor source="#root-visibility-animation-intan-array" count="66"><param type="float"/></accessor></technique_common></source><source id="root-visibility-animation-outtan"><float_array id="root-visibility-animation-outtan-array" count="66">

0.000000 0.000000 0.000000 0.000000 0.000000 0.000000 0.000000 0.000000 0.000000 0.000000 0.000000 0.000000 0.000000 0.000000 0.000000 0.000000
0.000000 0.000000 0.000000 0.000000 0.000000 0.000000 0.000000 0.000000 0.000000 0.000000 0.000000 0.000000 0.000000 0.000000 0.000000 0.000000
0.000000 0.000000 0.000000 0.000000 0.000000 0.000000 0.000000 0.000000 0.000000 0.000000 0.000000 0.000000 0.000000 0.000000 0.000000 0.000000
0.000000 0.000000 0.000000 0.000000 0.000000 0.000000 0.000000 0.000000 0.000000 0.000000 0.000000 0.000000 0.000000 0.000000 0.000000 0.000000
0.000000 0.000000</float_array><technique_common><accessor source="#root-visibility-animation-outtan-array" count="66"><param type="float"/></accessor></technique_common></source><source id="root-visibility-animation-interpolation"><Name_array id="root-visibility-animation-interpolation-array" count="66">
 BEZIER BEZIER BEZIER BEZIER BEZIER BEZIER BEZIER BEZIER BEZIER BEZIER BEZIER
BEZIER BEZIER BEZIER BEZIER BEZIER BEZIER BEZIER BEZIER BEZIER BEZIER BEZIER BEZIER
BEZIER BEZIER BEZIER BEZIER BEZIER BEZIER BEZIER BEZIER BEZIER BEZIER BEZIER BEZIER
BEZIER BEZIER BEZIER BEZIER BEZIER BEZIER BEZIER BEZIER BEZIER BEZIER BEZIER BEZIER
BEZIER BEZIER BEZIER BEZIER BEZIER BEZIER BEZIER BEZIER BEZIER BEZIER BEZIER BEZIER
BEZIER BEZIER BEZIER BEZIER BEZIER BEZIER BEZIER</Name_array><technique_common><accessor source="#root-visibility-animation-interpolation-array" count="66"><param type="name"/></accessor></technique_common></source><sampler id="root-visibility-animation"><input semantic="INPUT" source="#root-visibility-animation-input"/><input semantic="OUTPUT" source="#root-visibility-animation-output"/><input semantic="IN_TANGENT" source="#root-visibility-animation-intan"/><input semantic="OUT_TANGENT" source="#root-visibility-animation-outtan"/><input semantic="INTERPOLATION" source="#root-visibility-animation-interpolation"/></sampler><channel source="#root-visibility-animation" target="root/visibility"/></animation></animation>
    <animation id="hips-anim" name="hips"><animation><source id="hips-Matrix-animation-input"><float_array id="hips-Matrix-animation-input-array" count="67">

0.033333 0.066667 0.100000 0.133333 0.166667 0.200000 0.233333 0.266667 0.300000 0.333333 0.366667 0.400000 0.433333 0.466667 0.500000 0.533333
0.566667 0.600000 0.633333 0.666667 0.700000 0.733333 0.766667 0.800000 0.833333 0.866667 0.900000 0.933333 0.966667 1.000000 1.033333 1.066667
1.100000 1.133333 1.166667 1.200000 1.233333 1.266667 1.300000 1.333333 1.366667 1.400000 1.433333 1.466667 1.500000 1.533333 1.566667 1.600000
1.633333 1.666667 1.700000 1.733333 1.766667 1.800000 1.833333 1.866667 1.900000 1.933333 1.966667 2.000000 2.033333 2.066667 2.100000 2.133333
2.166667 2.200000 2.233333</float_array><technique_common><accessor source="#hips-Matrix-animation-input-array" count="67"><param name="TIME" type="float"/></accessor></technique_common></source><source id="hips-Matrix-animation-output-transform"><float_array id="hips-Matrix-animation-output-transform-array" count="1072">

1.000000 0.000000 0.000000 -0.000000 0.000000 0.904934 0.425551 -0.038776 0.000000 -0.425551 0.904934 0.002253 0.000000 0.000000 0.000000 1.000000
1.000000 -0.000000 0.000000 -0.000000 -0.000000 0.904934 0.425551 -0.038776 0.000000 -0.425551 0.904934 0.002253 0.000000 0.000000 0.000000 1.000000
1.000000 -0.000000 0.000000 -0.000000 0.000000 0.904934 0.425551 -0.038776 0.000000 -0.425551 0.904934 0.002253 0.000000 0.000000 0.000000 1.000000
1.000000 0.000000 -0.000000 -0.000000 -0.000000 0.904934 0.425551 -0.038776 -0.000000 -0.425551 0.904934 0.002253 0.000000 0.000000 0.000000 1.000000
1.000000 0.000000 0.000000 0.000000 -0.000000 0.904934 0.425551 -0.038776 0.000000 -0.425551 0.904934 0.002253 0.000000 0.000000 0.000000 1.000000
1.000000 0.000000 0.000000 -0.000000 -0.000000 0.904934 0.425551 -0.038776 -0.000000 -0.425551 0.904934 0.002253 0.000000 0.000000 0.000000 1.000000
1.000000 0.000000 -0.000000 0.000000 0.000000 0.904934 0.425551 -0.038776 -0.000000 -0.425551 0.904934 0.002253 0.000000 0.000000 0.000000 1.000000
1.000000 -0.000000 0.000000 0.000000 0.000000 0.904934 0.425551 -0.038776 0.000000 -0.425551 0.904934 0.002253 0.000000 0.000000 0.000000 1.000000
1.000000 0.000000 0.000000 0.000000 0.000000 0.904934 0.425551 -0.038776 -0.000000 -0.425551 0.904934 0.002253 0.000000 0.000000 0.000000 1.000000
1.000000 0.000000 -0.000000 0.000000 -0.000000 0.904934 0.425551 -0.038776 0.000000 -0.425551 0.904934 0.002253 0.000000 0.000000 0.000000 1.000000
1.000000 -0.000000 -0.000000 0.000000 0.000000 0.904934 0.425551 -0.038776 0.000000 -0.425551 0.904934 0.002253 0.000000 0.000000 0.000000 1.000000
1.000000 -0.000000 0.000000 0.000000 0.000000 0.904934 0.425551 -0.038776 -0.000000 -0.425551 0.904934 0.002253 0.000000 0.000000 0.000000 1.000000
1.000000 0.000000 0.000000 0.000000 0.000000 0.904934 0.425551 -0.038776 0.000000 -0.425551 0.904934 0.002253 0.000000 0.000000 0.000000 1.000000
1.000000 -0.000000 0.000000 0.000000 -0.000000 0.904934 0.425551 -0.038776 0.000000 -0.425551 0.904934 0.002253 0.000000 0.000000 0.000000 1.000000
1.000000 -0.000000 0.000000 0.000000 0.000000 0.904934 0.425551 -0.038776 0.000000 -0.425551 0.904934 0.002253 0.000000 0.000000 0.000000 1.000000
1.000000 0.000000 0.000000 0.000000 0.000000 0.904934 0.425551 -0.038776 0.000000 -0.425551 0.904934 0.002253 0.000000 0.000000 0.000000 1.000000
1.000000 -0.000000 0.000000 -0.000000 -0.000000 0.904934 0.425551 -0.038776 0.000000 -0.425551 0.904934 0.002253 0.000000 0.000000 0.000000 1.000000
1.000000 0.000000 0.000000 0.000000 0.000000 0.904934 0.425551 -0.038776 0.000000 -0.425551 0.904934 0.002253 0.000000 0.000000 0.000000 1.000000
1.000000 0.000000 0.000000 -0.000000 0.000000 0.904934 0.425551 -0.038776 0.000000 -0.425551 0.904934 0.002253 0.000000 0.000000 0.000000 1.000000
1.000000 0.000000 0.000000 0.000000 0.000000 0.904934 0.425551 -0.038776 0.000000 -0.425551 0.904934 0.002253 0.000000 0.000000 0.000000 1.000000
1.000000 -0.000000 -0.000000 0.000000 -0.000000 0.904934 0.425551 -0.038776 0.000000 -0.425551 0.904934 0.002253 0.000000 0.000000 0.000000 1.000000
1.000000 0.000000 0.000000 0.000000 -0.000000 0.904934 0.425551 -0.038776 0.000000 -0.425551 0.904934 0.002253 0.000000 0.000000 0.000000 1.000000
1.000000 -0.000000 0.000000 -0.000000 0.000000 0.904934 0.425551 -0.038776 -0.000000 -0.425551 0.904934 0.002253 0.000000 0.000000 0.000000 1.000000
1.000000 0.000000 0.000000 0.000000 0.000000 0.904934 0.425551 -0.038776 -0.000000 -0.425551 0.904934 0.002253 0.000000 0.000000 0.000000 1.000000
1.000000 0.000000 -0.000000 0.000000 0.000000 0.904934 0.425551 -0.038776 0.000000 -0.425551 0.904934 0.002253 0.000000 0.000000 0.000000 1.000000
1.000000 0.000000 -0.000000 0.000000 0.000000 0.904934 0.425551 -0.038776 -0.000000 -0.425551 0.904934 0.002253 0.000000 0.000000 0.000000 1.000000
1.000000 0.000000 0.000000 0.000000 0.000000 0.904934 0.425551 -0.038776 0.000000 -0.425551 0.904934 0.002253 0.000000 0.000000 0.000000 1.000000
1.000000 -0.000000 -0.000000 0.000000 0.000000 0.904934 0.425551 -0.038776 -0.000000 -0.425551 0.904934 0.002253 0.000000 0.000000 0.000000 1.000000
1.000000 0.000000 0.000000 0.000000 -0.000000 0.904934 0.425551 -0.038776 0.000000 -0.425551 0.904934 0.002253 0.000000 0.000000 0.000000 1.000000
1.000000 0.000000 0.000000 0.000000 0.000000 0.904934 0.425551 -0.038776 -0.000000 -0.425551 0.904934 0.002253 0.000000 0.000000 0.000000 1.000000
1.000000 -0.000000 0.000000 -0.000000 0.000000 0.904934 0.425551 -0.038776 0.000000 -0.425551 0.904934 0.002253 0.000000 0.000000 0.000000 1.000000
1.000000 -0.000000 0.000000 0.000000 0.000000 0.904934 0.425551 -0.038776 0.000000 -0.425551 0.904934 0.002253 0.000000 0.000000 0.000000 1.000000
1.000000 0.000000 0.000000 0.000000 -0.000000 0.904934 0.425551 -0.038776 0.000000 -0.425551 0.904934 0.002253 0.000000 0.000000 0.000000 1.000000
1.000000 -0.000000 -0.000000 0.000000 -0.000000 0.904934 0.425551 -0.038776 0.000000 -0.425551 0.904934 0.002253 0.000000 0.000000 0.000000 1.000000
1.000000 0.000000 -0.000000 0.000000 0.000000 0.904934 0.425551 -0.038776 0.000000 -0.425551 0.904934 0.002253 0.000000 0.000000 0.000000 1.000000
1.000000 -0.000000 0.000000 -0.000000 0.000000 0.904934 0.425551 -0.038776 0.000000 -0.425551 0.904934 0.002253 0.000000 0.000000 0.000000 1.000000
1.000000 -0.000000 0.000000 0.000000 -0.000000 0.904934 0.425551 -0.038776 0.000000 -0.425551 0.904934 0.002253 0.000000 0.000000 0.000000 1.000000
1.000000 -0.000000 0.000000 0.000000 0.000000 0.904934 0.425551 -0.038776 0.000000 -0.425551 0.904934 0.002253 0.000000 0.000000 0.000000 1.000000
1.000000 0.000000 0.000000 -0.000000 0.000000 0.904934 0.425551 -0.038776 -0.000000 -0.425551 0.904934 0.002253 0.000000 0.000000 0.000000 1.000000
1.000000 0.000000 -0.000000 0.000000 -0.000000 0.904934 0.425551 -0.038776 -0.000000 -0.425551 0.904934 0.002253 0.000000 0.000000 0.000000 1.000000
1.000000 0.000000 0.000000 -0.000000 -0.000000 0.904934 0.425551 -0.038776 0.000000 -0.425551 0.904934 0.002253 0.000000 0.000000 0.000000 1.000000
1.000000 0.000000 0.000000 -0.000000 0.000000 0.904934 0.425551 -0.038776 0.000000 -0.425551 0.904934 0.002253 0.000000 0.000000 0.000000 1.000000
1.000000 -0.000000 0.000000 0.000000 0.000000 0.904934 0.425551 -0.038776 0.000000 -0.425551 0.904934 0.002253 0.000000 0.000000 0.000000 1.000000
1.000000 0.000000 -0.000000 -0.000000 -0.000000 0.904934 0.425551 -0.038776 0.000000 -0.425551 0.904934 0.002253 0.000000 0.000000 0.000000 1.000000
1.000000 0.000000 0.000000 -0.000000 -0.000000 0.904934 0.425551 -0.038776 -0.000000 -0.425551 0.904934 0.002253 0.000000 0.000000 0.000000 1.000000
1.000000 0.000000 0.000000 0.000000 -0.000000 0.904934 0.425551 -0.038776 -0.000000 -0.425551 0.904934 0.002253 0.000000 0.000000 0.000000 1.000000
1.000000 -0.000000 0.000000 0.000000 -0.000000 0.904934 0.425551 -0.038776 0.000000 -0.425551 0.904934 0.002253 0.000000 0.000000 0.000000 1.000000
1.000000 0.000000 0.000000 -0.000000 -0.000000 0.904934 0.425551 -0.038776 0.000000 -0.425551 0.904934 0.002253 0.000000 0.000000 0.000000 1.000000
1.000000 -0.000000 0.000000 0.000000 0.000000 0.904934 0.425551 -0.038776 -0.000000 -0.425551 0.904934 0.002253 0.000000 0.000000 0.000000 1.000000
1.000000 0.000000 -0.000000 -0.000000 0.000000 0.904934 0.425551 -0.038776 0.000000 -0.425551 0.904934 0.002253 0.000000 0.000000 0.000000 1.000000
1.000000 -0.000000 0.000000 -0.000000 0.000000 0.904934 0.425551 -0.038776 0.000000 -0.425551 0.904934 0.002253 0.000000 0.000000 0.000000 1.000000
1.000000 0.000000 -0.000000 0.000000 0.000000 0.904934 0.425551 -0.038776 0.000000 -0.425551 0.904934 0.002253 0.000000 0.000000 0.000000 1.000000
1.000000 0.000000 0.000000 0.000000 -0.000000 0.904934 0.425551 -0.038776 -0.000000 -0.425551 0.904934 0.002253 0.000000 0.000000 0.000000 1.000000
1.000000 0.000000 0.000000 -0.000000 -0.000000 0.904934 0.425551 -0.038776 -0.000000 -0.425551 0.904934 0.002253 0.000000 0.000000 0.000000 1.000000
1.000000 -0.000000 0.000000 -0.000000 -0.000000 0.904934 0.425551 -0.038776 0.000000 -0.425551 0.904934 0.002253 0.000000 0.000000 0.000000 1.000000
1.000000 -0.000000 0.000000 0.000000 -0.000000 0.904934 0.425551 -0.038776 0.000000 -0.425551 0.904934 0.002253 0.000000 0.000000 0.000000 1.000000
1.000000 -0.000000 0.000000 0.000000 0.000000 0.904934 0.425551 -0.038776 -0.000000 -0.425551 0.904934 0.002253 0.000000 0.000000 0.000000 1.000000
1.000000 -0.000000 0.000000 -0.000000 0.000000 0.904934 0.425551 -0.038776 0.000000 -0.425551 0.904934 0.002253 0.000000 0.000000 0.000000 1.000000
1.000000 0.000000 -0.000000 -0.000000 0.000000 0.904934 0.425551 -0.038776 -0.000000 -0.425551 0.904934 0.002253 0.000000 0.000000 0.000000 1.000000
1.000000 0.000000 -0.000000 0.000000 0.000000 0.904934 0.425551 -0.038776 0.000000 -0.425551 0.904934 0.002253 0.000000 0.000000 0.000000 1.000000
1.000000 0.000000 0.000000 0.000000 0.000000 0.904934 0.425551 -0.038776 0.000000 -0.425551 0.904934 0.002253 0.000000 0.000000 0.000000 1.000000
1.000000 -0.000000 0.000000 -0.000000 0.000000 0.904934 0.425551 -0.038776 0.000000 -0.425551 0.904934 0.002253 0.000000 0.000000 0.000000 1.000000
1.000000 -0.000000 0.000000 -0.000000 -0.000000 0.904934 0.425551 -0.038776 0.000000 -0.425551 0.904934 0.002253 0.000000 0.000000 0.000000 1.000000
1.000000 0.000000 -0.000000 -0.000000 -0.000000 0.904934 0.425551 -0.038776 -0.000000 -0.425551 0.904934 0.002253 0.000000 0.000000 0.000000 1.000000
1.000000 0.000000 0.000000 -0.000000 -0.000000 0.904934 0.425551 -0.038776 0.000000 -0.425551 0.904934 0.002253 0.000000 0.000000 0.000000 1.000000
1.000000 0.000000 -0.000000 -0.000000 0.000000 0.904934 0.425551 -0.038776 0.000000 -0.425551 0.904934 0.002253 0.000000 0.000000 0.000000 1.000000
1.000000 0.000000 0.000000 -0.000000 0.000000 1.000000 0.000000 -0.038776 0.000000 0.000000 1.000000 0.002253 0.000000 0.000000 0.000000 1.000000</float_array><technique_common><accessor source="#hips-Matrix-animation-output-transform-array" count="67" stride="16"><param type="float4x4"/></accessor></technique_common></source><source id="hips-Interpolations"><Name_array id="hips-Interpolations-array" count="67">
 LINEAR LINEAR LINEAR LINEAR LINEAR LINEAR LINEAR LINEAR LINEAR LINEAR LINEAR
LINEAR LINEAR LINEAR LINEAR LINEAR LINEAR LINEAR LINEAR LINEAR LINEAR LINEAR LINEAR
LINEAR LINEAR LINEAR LINEAR LINEAR LINEAR LINEAR LINEAR LINEAR LINEAR LINEAR LINEAR
LINEAR LINEAR LINEAR LINEAR LINEAR LINEAR LINEAR LINEAR LINEAR LINEAR LINEAR LINEAR
LINEAR LINEAR LINEAR LINEAR LINEAR LINEAR LINEAR LINEAR LINEAR LINEAR LINEAR LINEAR
LINEAR LINEAR LINEAR LINEAR LINEAR LINEAR LINEAR LINEAR</Name_array><technique_common><accessor source="#hips-Interpolations-array" count="67"><param type="name"/></accessor></technique_common></source><sampler id="hips-Matrix-animation-transform"><input semantic="INPUT" source="#hips-Matrix-animation-input"/><input semantic="OUTPUT" source="#hips-Matrix-animation-output-transform"/><input semantic="INTERPOLATION" source="#hips-Interpolations"/></sampler><channel source="#hips-Matrix-animation-transform" target="hips/matrix"/></animation><animation><source id="hips-visibility-animation-input"><float_array id="hips-visibility-animation-input-array" count="66">

0.033333 0.066667 0.100000 0.133333 0.166667 0.200000 0.233333 0.266667 0.300000 0.333333 0.366667 0.400000 0.433333 0.466667 0.500000 0.533333
0.566667 0.600000 0.633333 0.666667 0.700000 0.733333 0.766667 0.800000 0.833333 0.866667 0.900000 0.933333 0.966667 1.000000 1.033333 1.066667
1.100000 1.133333 1.166667 1.200000 1.233333 1.266667 1.300000 1.333333 1.366667 1.400000 1.433333 1.466667 1.500000 1.533333 1.566667 1.600000
1.633333 1.666667 1.700000 1.733333 1.766667 1.800000 1.833333 1.866667 1.900000 1.933333 1.966667 2.000000 2.033333 2.066667 2.100000 2.133333
2.166667 2.200000</float_array><technique_common><accessor source="#hips-visibility-animation-input-array" count="66"><param name="TIME" type="float"/></accessor></technique_common></source><source id="hips-visibility-animation-output"><float_array id="hips-visibility-animation-output-array" count="66">

1.000000 1.000000 1.000000 1.000000 1.000000 1.000000 1.000000 1.000000 1.000000 1.000000 1.000000 1.000000 1.000000 1.000000 1.000000 1.000000
1.000000 1.000000 1.000000 1.000000 1.000000 1.000000 1.000000 1.000000 1.000000 1.000000 1.000000 1.000000 1.000000 1.000000 1.000000 1.000000
1.000000 1.000000 1.000000 1.000000 1.000000 1.000000 1.000000 1.000000 1.000000 1.000000 1.000000 1.000000 1.000000 1.000000 1.000000 1.000000
1.000000 1.000000 1.000000 1.000000 1.000000 1.000000 1.000000 1.000000 1.000000 1.000000 1.000000 1.000000 1.000000 1.000000 1.000000 1.000000
1.000000 1.000000</float_array><technique_common><accessor source="#hips-visibility-animation-output-array" count="66"><param type="float"/></accessor></technique_common></source><source id="hips-visibility-animation-intan"><float_array id="hips-visibility-animation-intan-array" count="66">

0.000000 0.000000 0.000000 0.000000 0.000000 0.000000 0.000000 0.000000 0.000000 0.000000 0.000000 0.000000 0.000000 0.000000 0.000000 0.000000
0.000000 0.000000 0.000000 0.000000 0.000000 0.000000 0.000000 0.000000 0.000000 0.000000 0.000000 0.000000 0.000000 0.000000 0.000000 0.000000
0.000000 0.000000 0.000000 0.000000 0.000000 0.000000 0.000000 0.000000 0.000000 0.000000 0.000000 0.000000 0.000000 0.000000 0.000000 0.000000
0.000000 0.000000 0.000000 0.000000 0.000000 0.000000 0.000000 0.000000 0.000000 0.000000 0.000000 0.000000 0.000000 0.000000 0.000000 0.000000
0.000000 0.000000</float_array><technique_common><accessor source="#hips-visibility-animation-intan-array" count="66"><param type="float"/></accessor></technique_common></source><source id="hips-visibility-animation-outtan"><float_array id="hips-visibility-animation-outtan-array" count="66">

0.000000 0.000000 0.000000 0.000000 0.000000 0.000000 0.000000 0.000000 0.000000 0.000000 0.000000 0.000000 0.000000 0.000000 0.000000 0.000000
0.000000 0.000000 0.000000 0.000000 0.000000 0.000000 0.000000 0.000000 0.000000 0.000000 0.000000 0.000000 0.000000 0.000000 0.000000 0.000000
0.000000 0.000000 0.000000 0.000000 0.000000 0.000000 0.000000 0.000000 0.000000 0.000000 0.000000 0.000000 0.000000 0.000000 0.000000 0.000000
0.000000 0.000000 0.000000 0.000000 0.000000 0.000000 0.000000 0.000000 0.000000 0.000000 0.000000 0.000000 0.000000 0.000000 0.000000 0.000000
0.000000 0.000000</float_array><technique_common><accessor source="#hips-visibility-animation-outtan-array" count="66"><param type="float"/></accessor></technique_common></source><source id="hips-visibility-animation-interpolation"><Name_array id="hips-visibility-animation-interpolation-array" count="66">
 BEZIER BEZIER BEZIER BEZIER BEZIER BEZIER BEZIER BEZIER BEZIER BEZIER BEZIER
BEZIER BEZIER BEZIER BEZIER BEZIER BEZIER BEZIER BEZIER BEZIER BEZIER BEZIER BEZIER
BEZIER BEZIER BEZIER BEZIER BEZIER BEZIER BEZIER BEZIER BEZIER BEZIER BEZIER BEZIER
BEZIER BEZIER BEZIER BEZIER BEZIER BEZIER BEZIER BEZIER BEZIER BEZIER BEZIER BEZIER
BEZIER BEZIER BEZIER BEZIER BEZIER BEZIER BEZIER BEZIER BEZIER BEZIER BEZIER BEZIER
BEZIER BEZIER BEZIER BEZIER BEZIER BEZIER BEZIER</Name_array><technique_common><accessor source="#hips-visibility-animation-interpolation-array" count="66"><param type="name"/></accessor></technique_common></source><sampler id="hips-visibility-animation"><input semantic="INPUT" source="#hips-visibility-animation-input"/><input semantic="OUTPUT" source="#hips-visibility-animation-output"/><input semantic="IN_TANGENT" source="#hips-visibility-animation-intan"/><input semantic="OUT_TANGENT" source="#hips-visibility-animation-outtan"/><input semantic="INTERPOLATION" source="#hips-visibility-animation-interpolation"/></sampler><channel source="#hips-visibility-animation" target="hips/visibility"/></animation></animation>
    <animation id="tentacleBase-anim" name="tentacleBase"><animation><source id="tentacleBase-Matrix-animation-input"><float_array id="tentacleBase-Matrix-animation-input-array" count="67">

0.033333 0.066667 0.100000 0.133333 0.166667 0.200000 0.233333 0.266667 0.300000 0.333333 0.366667 0.400000 0.433333 0.466667 0.500000 0.533333
0.566667 0.600000 0.633333 0.666667 0.700000 0.733333 0.766667 0.800000 0.833333 0.866667 0.900000 0.933333 0.966667 1.000000 1.033333 1.066667
1.100000 1.133333 1.166667 1.200000 1.233333 1.266667 1.300000 1.333333 1.366667 1.400000 1.433333 1.466667 1.500000 1.533333 1.566667 1.600000
1.633333 1.666667 1.700000 1.733333 1.766667 1.800000 1.833333 1.866667 1.900000 1.933333 1.966667 2.000000 2.033333 2.066667 2.100000 2.133333
2.166667 2.200000 2.233333</float_array><technique_common><accessor source="#tentacleBase-Matrix-animation-input-array" count="67"><param name="TIME" type="float"/></accessor></technique_common></source><source id="tentacleBase-Matrix-animation-output-transform"><float_array id="tentacleBase-Matrix-animation-output-transform-array" count="1072">

1.000000 0.000000 0.000000 0.000000 0.000000 0.999984 0.005700 -0.158964 0.000000 -0.005700 0.999984 -0.007975 0.000000 0.000000 0.000000 1.000000
1.000000 -0.000073 0.000065 0.000000 0.000072 0.999872 0.016011 -0.158964 -0.000066 -0.016011 0.999872 -0.007975 0.000000 0.000000 0.000000 1.000000
1.000000 -0.000283 0.000257 0.000000 0.000271 0.999034 0.043934 -0.158964 -0.000269 -0.043934 0.999034 -0.007975 0.000000 0.000000 0.000000 1.000000
1.000000 -0.000614 0.000574 0.000000 0.000563 0.996390 0.084895 -0.158964 -0.000624 -0.084894 0.996390 -0.007975 0.000000 0.000000 0.000000 1.000000
0.999999 -0.001047 0.001016 0.000000 0.000901 0.990947 0.134247 -0.158964 -0.001148 -0.134246 0.990947 -0.007975 0.000000 0.000000 0.000000 1.000000
0.999998 -0.001559 0.001585 0.000000 0.001235 0.982302 0.187300 -0.158964 -0.001849 -0.187298 0.982301 -0.007975 0.000000 0.000000 0.000000 1.000000
0.999995 -0.002129 0.002284 0.000000 0.001520 0.970915 0.239421 -0.158964 -0.002727 -0.239416 0.970913 -0.007975 0.000000 0.000000 0.000000 1.000000
0.999991 -0.002732 0.003111 0.000000 0.001727 0.958180 0.286160 -0.158964 -0.003763 -0.286152 0.958177 -0.007975 0.000000 0.000000 0.000000 1.000000
0.999986 -0.003344 0.004068 0.000000 0.001849 0.946283 0.323333 -0.158964 -0.004930 -0.323321 0.946276 -0.007975 0.000000 0.000000 0.000000 1.000000
0.999979 -0.003942 0.005149 0.000000 0.001911 0.937865 0.346994 -0.158964 -0.006197 -0.346977 0.937853 -0.007975 0.000000 0.000000 0.000000 1.000000
0.999970 -0.004505 0.006347 0.000000 0.001973 0.935525 0.353255 -0.158964 -0.007529 -0.353231 0.935506 -0.007975 0.000000 0.000000 0.000000 1.000000
0.999958 -0.005014 0.007652 0.000000 0.002063 0.938455 0.345394 -0.158964 -0.008913 -0.345364 0.938426 -0.007975 0.000000 0.000000 0.000000 1.000000
0.999944 -0.005455 0.009050 0.000000 0.002160 0.943885 0.330268 -0.158964 -0.010344 -0.330230 0.943844 -0.007975 0.000000 0.000000 0.000000 1.000000
0.999928 -0.005815 0.010526 0.000000 0.002275 0.950985 0.309228 -0.158964 -0.011809 -0.309181 0.950930 -0.007975 0.000000 0.000000 0.000000 1.000000
0.999909 -0.006088 0.012061 0.000000 0.002418 0.958928 0.283639 -0.158964 -0.013293 -0.283584 0.958855 -0.007975 0.000000 0.000000 0.000000 1.000000
0.999887 -0.006275 0.013635 0.000000 0.002592 0.966961 0.254910 -0.158964 -0.014784 -0.254846 0.966869 -0.007975 0.000000 0.000000 0.000000 1.000000
0.999864 -0.006379 0.015226 0.000000 0.002799 0.974470 0.224501 -0.158964 -0.016269 -0.224428 0.974355 -0.007975 0.000000 0.000000 0.000000 1.000000
0.999838 -0.006411 0.016813 0.000000 0.003029 0.981012 0.193923 -0.158964 -0.017737 -0.193841 0.980873 -0.007975 0.000000 0.000000 0.000000 1.000000
0.999811 -0.006385 0.018374 0.000000 0.003271 0.986331 0.164742 -0.158964 -0.019175 -0.164651 0.986166 -0.007975 0.000000 0.000000 0.000000 1.000000
0.999782 -0.006322 0.019890 0.000000 0.003620 0.991103 0.133044 -0.158964 -0.020554 -0.132943 0.990910 -0.007975 0.000000 0.000000 0.000000 1.000000
0.999753 -0.006246 0.021340 0.000000 0.004190 0.995464 0.095051 -0.158964 -0.021837 -0.094939 0.995244 -0.007975 0.000000 0.000000 0.000000 1.000000
0.999723 -0.006184 0.022706 0.000000 0.004983 0.998604 0.052589 -0.158964 -0.023000 -0.052461 0.998358 -0.007975 0.000000 0.000000 0.000000 1.000000
0.999694 -0.006167 0.023971 0.000000 0.005988 0.999954 0.007546 -0.158964 -0.024016 -0.007400 0.999684 -0.007975 0.000000 0.000000 0.000000 1.000000
0.999665 -0.006226 0.025116 0.000000 0.007182 0.999246 -0.038147 -0.158964 -0.024860 0.038314 0.998956 -0.007975 0.000000 0.000000 0.000000 1.000000
0.999638 -0.006391 0.026124 0.000000 0.008529 0.996550 -0.082553 -0.158964 -0.025507 0.082746 0.996244 -0.007975 0.000000 0.000000 0.000000 1.000000
0.999614 -0.006632 0.026990 0.000000 0.010305 0.990335 -0.138311 -0.158964 -0.025812 0.138535 0.990021 -0.007975 0.000000 0.000000 0.000000 1.000000
0.999592 -0.006897 0.027712 0.000000 0.012575 0.977554 -0.210308 -0.158964 -0.025639 0.210571 0.977242 -0.007975 0.000000 0.000000 0.000000 1.000000
0.999574 -0.007183 0.028277 0.000000 0.014951 0.958399 -0.285042 -0.158964 -0.025053 0.285343 0.958098 -0.007975 0.000000 0.000000 0.000000 1.000000
0.999561 -0.007485 0.028672 0.000000 0.017045 0.936713 -0.349684 -0.158964 -0.024240 0.350019 0.936429 -0.007975 0.000000 0.000000 0.000000 1.000000
