<?xml version="1.0" encoding="utf-8"?>
<COLLADA xmlns="http://www.collada.org/2005/11/COLLADASchema" version="1.4.1">
  <asset><contributor><author></author><authoring_tool>FBX COLLADA exporter</authoring_tool><comments></comments></contributor><created>2014-07-10T16:01:07Z</created><keywords></keywords><modified>2014-07-10T16:01:07Z</modified><revision></revision><subject></subject><title></title><unit meter="0.010000" name="centimeter"></unit><up_axis>Y_UP</up_axis></asset>
  <library_animations>
    <animation id="root-anim" name="root"><animation><source id="root-Matrix-animation-input"><float_array id="root-Matrix-animation-input-array" count="51">

0.033333 0.066667 0.100000 0.133333 0.166667 0.200000 0.233333 0.266667 0.300000 0.333333 0.366667 0.400000 0.433333 0.466667 0.500000 0.533333
0.566667 0.600000 0.633333 0.666667 0.700000 0.733333 0.766667 0.800000 0.833333 0.866667 0.900000 0.933333 0.966667 1.000000 1.033333 1.066667
1.100000 1.133333 1.166667 1.200000 1.233333 1.266667 1.300000 1.333333 1.366667 1.400000 1.433333 1.466667 1.500000 1.533333 1.566667 1.600000
1.633333 1.666667 1.700000</float_array><technique_common><accessor source="#root-Matrix-animation-input-array" count="51"><param name="TIME" type="float"/></accessor></technique_common></source><source id="root-Matrix-animation-output-transform"><float_array id="root-Matrix-animation-output-transform-array" count="816">

1.000000 0.000000 0.000000 -0.000000 0.000000 1.000000 0.000000 0.067787 0.000000 0.000000 1.000000 0.118562 0.000000 0.000000 0.000000 1.000000
0.998273 -0.057904 -0.009956 0.001399 0.058428 0.996200 0.064592 0.067739 0.006178 -0.065062 0.997862 0.047437 0.000000 0.000000 0.000000 1.000000
0.980262 -0.187168 -0.063677 0.004733 0.196580 0.957038 0.213154 0.067401 0.021046 -0.221465 0.974941 -0.125693 0.000000 0.000000 0.000000 1.000000
0.933607 -0.311330 -0.177345 0.008714 0.356256 0.859376 0.366816 0.066485 0.038206 -0.405643 0.913233 -0.340458 0.000000 0.000000 0.000000 1.000000
0.874267 -0.377241 -0.305527 0.012049 0.482639 0.743052 0.463609 0.064699 0.052130 -0.552778 0.831697 -0.536487 0.000000 0.000000 0.000000 1.000000
0.843901 -0.389607 -0.368833 0.013447 0.532986 0.687374 0.493399 0.061755 0.061295 -0.612963 0.787731 -0.653413 0.000000 0.000000 0.000000 1.000000
0.846633 -0.384274 -0.368167 0.013137 0.527727 0.695509 0.487619 0.055982 0.068684 -0.607125 0.791632 -0.705616 0.000000 0.000000 0.000000 1.000000
0.855021 -0.378270 -0.354755 0.012286 0.512913 0.717801 0.470831 0.046347 0.076542 -0.584529 0.807754 -0.748361 0.000000 0.000000 0.000000 1.000000
0.867644 -0.370420 -0.331636 0.011015 0.489911 0.750654 0.443290 0.033527 0.084741 -0.547090 0.832773 -0.782584 0.000000 0.000000 0.000000 1.000000
0.882998 -0.359292 -0.302035 0.009444 0.460055 0.790092 0.405098 0.018193 0.093087 -0.496653 0.862943 -0.809237 0.000000 0.000000 0.000000 1.000000
0.899624 -0.343783 -0.269240 0.007693 0.424747 0.832008 0.356865 0.001020 0.101326 -0.435404 0.894515 -0.829266 0.000000 0.000000 0.000000 1.000000
0.916222 -0.323506 -0.236392 0.005881 0.385513 0.872527 0.300127 -0.017320 0.109166 -0.366116 0.924144 -0.843618 0.000000 0.000000 0.000000 1.000000
0.931731 -0.298943 -0.206182 0.004130 0.344024 0.908424 0.237513 -0.036152 0.116298 -0.292230 0.949250 -0.853239 0.000000 0.000000 0.000000 1.000000
0.945384 -0.271380 -0.180559 0.002558 0.302094 0.937513 0.172648 -0.054805 0.122423 -0.217765 0.968293 -0.859074 0.000000 0.000000 0.000000 1.000000
0.956736 -0.242667 -0.160526 0.001287 0.261645 0.958892 0.109856 -0.072606 0.127268 -0.147104 0.980899 -0.862071 0.000000 0.000000 0.000000 1.000000
0.965639 -0.214921 -0.146118 0.000437 0.224687 0.972945 0.053793 -0.088878 0.130603 -0.084775 0.987804 -0.863175 0.000000 0.000000 0.000000 1.000000
0.972198 -0.190229 -0.136546 0.000126 0.193244 0.981109 0.009052 -0.102949 0.132245 -0.035187 0.990592 -0.863333 0.000000 0.000000 0.000000 1.000000
0.977990 -0.166282 -0.126041 0.001795 0.164052 0.986056 -0.027941 -0.116188 0.128929 0.006649 0.991631 -0.863287 0.000000 0.000000 0.000000 1.000000
0.984023 -0.139445 -0.110697 0.006408 0.133026 0.989081 -0.063432 -0.130170 0.118334 0.047693 0.991828 -0.862969 0.000000 0.000000 0.000000 1.000000
0.989670 -0.109950 -0.092007 0.013377 0.100985 0.990148 -0.096998 -0.144534 0.101765 0.086704 0.991023 -0.862103 0.000000 0.000000 0.000000 1.000000
0.994371 -0.078359 -0.071323 0.022113 0.068768 0.989359 -0.128214 -0.158919 0.080611 0.122588 0.989179 -0.860418 0.000000 0.000000 0.000000 1.000000
0.997718 -0.045543 -0.049850 0.032027 0.037223 0.986947 -0.156686 -0.172963 0.056335 0.154473 0.986390 -0.857640 0.000000 0.000000 0.000000 1.000000
0.999510 -0.012621 -0.028636 0.042531 0.007200 0.983260 -0.182064 -0.186309 0.030455 0.181769 0.982870 -0.853495 0.000000 0.000000 0.000000 1.000000
0.999781 0.019095 -0.008597 0.053034 -0.020448 0.978748 -0.204047 -0.198590 0.004518 0.204178 0.978923 -0.847711 0.000000 0.000000 0.000000 1.000000
0.998793 0.048198 0.009474 0.062948 -0.044889 0.973921 -0.222401 -0.209448 -0.019946 0.221708 0.974909 -0.840014 0.000000 0.000000 0.000000 1.000000
0.997005 0.073238 0.024853 0.071684 -0.065299 0.969327 -0.236941 -0.218522 -0.041444 0.234608 0.971206 -0.830131 0.000000 0.000000 0.000000 1.000000
0.995005 0.092783 0.036837 0.078653 -0.080869 0.965503 -0.247514 -0.225450 -0.058531 0.243299 0.968184 -0.817789 0.000000 0.000000 0.000000 1.000000
0.993420 0.105457 0.044677 0.083266 -0.090799 0.962938 -0.253980 -0.229872 -0.069805 0.248252 0.966177 -0.802714 0.000000 0.000000 0.000000 1.000000
0.992800 0.109956 0.047511 0.084935 -0.094287 0.962020 -0.256178 -0.231426 -0.073875 0.249854 0.965461 -0.784634 0.000000 0.000000 0.000000 1.000000
0.992831 0.109800 0.047221 0.084284 -0.094284 0.962283 -0.255190 -0.228762 -0.073460 0.248909 0.965737 -0.759899 0.000000 0.000000 0.000000 1.000000
0.992920 0.109348 0.046399 0.082432 -0.094265 0.963036 -0.252343 -0.221207 -0.072277 0.246182 0.966525 -0.725912 0.000000 0.000000 0.000000 1.000000
0.993059 0.108622 0.045109 0.079536 -0.094211 0.964218 -0.247806 -0.209414 -0.070412 0.241836 0.967759 -0.683958 0.000000 0.000000 0.000000 1.000000
0.993240 0.107652 0.043416 0.075747 -0.094107 0.965765 -0.241749 -0.194036 -0.067955 0.236029 0.969367 -0.635325 0.000000 0.000000 0.000000 1.000000
0.993455 0.106467 0.041384 0.071221 -0.093935 0.967606 -0.234340 -0.175728 -0.064993 0.228919 0.971273 -0.581301 0.000000 0.000000 0.000000 1.000000
0.993694 0.105096 0.039073 0.066111 -0.093679 0.969671 -0.225749 -0.155141 -0.061614 0.220665 0.973402 -0.523175 0.000000 0.000000 0.000000 1.000000
0.993951 0.103567 0.036548 0.060571 -0.093321 0.971891 -0.216145 -0.132930 -0.057906 0.211427 0.975677 -0.462233 0.000000 0.000000 0.000000 1.000000
0.994217 0.101904 0.033871 0.054756 -0.092845 0.974201 -0.205698 -0.109747 -0.053959 0.201364 0.978029 -0.399765 0.000000 0.000000 0.000000 1.000000
0.994488 0.100127 0.031106 0.048818 -0.092234 0.976541 -0.194579 -0.086243 -0.049859 0.190638 0.980393 -0.337050 0.000000 0.000000 0.000000 1.000000
0.994759 0.098250 0.028319 0.042913 -0.091470 0.978855 -0.182965 -0.063077 -0.045696 0.179416 0.982711 -0.275391 0.000000 0.000000 0.000000 1.000000
0.995026 0.096281 0.025574 0.037194 -0.090538 0.981097 -0.171031 -0.040900 -0.041558 0.167864 0.984934 -0.216069 0.000000 0.000000 0.000000 1.000000
0.995287 0.094225 0.022941 0.031815 -0.089419 0.983228 -0.158953 -0.020364 -0.037533 0.156152 0.987020 -0.160373 0.000000 0.000000 0.000000 1.000000
0.995541 0.092076 0.020486 0.026931 -0.088098 0.985219 -0.146911 -0.002124 -0.033710 0.144451 0.988938 -0.109588 0.000000 0.000000 0.000000 1.000000
0.995790 0.089825 0.018281 0.022695 -0.086556 0.987046 -0.135086 0.013169 -0.030178 0.132935 0.990665 -0.065005 0.000000 0.000000 0.000000 1.000000
0.996320 0.084141 0.016361 0.018764 -0.081577 0.989366 -0.120414 0.025928 -0.026319 0.118636 0.992589 -0.025686 0.000000 0.000000 0.000000 1.000000
0.997227 0.073012 0.014442 0.014805 -0.071191 0.992334 -0.101020 0.037004 -0.021707 0.099712 0.994780 0.009866 0.000000 0.000000 0.000000 1.000000
0.998219 0.058398 0.012176 0.010990 -0.057262 0.995236 -0.078901 0.046389 -0.016726 0.078064 0.996808 0.041189 0.000000 0.000000 0.000000 1.000000
0.999063 0.042248 0.009414 0.007487 -0.041656 0.997556 -0.056098 0.054079 -0.011761 0.055653 0.998381 0.067834 0.000000 0.000000 0.000000 1.000000
0.999629 0.026482 0.006297 0.004466 -0.026248 0.999053 -0.034698 0.060069 -0.007209 0.034520 0.999378 0.089347 0.000000 0.000000 0.000000 1.000000
0.999911 0.012973 0.003250 0.002098 -0.012917 0.999775 -0.016813 0.064354 -0.003467 0.016770 0.999853 0.105275 0.000000 0.000000 0.000000 1.000000
0.999993 0.003546 0.000916 0.000553 -0.003542 0.999983 -0.004550 0.066928 -0.000933 0.004547 0.999989 0.115165 0.000000 0.000000 0.000000 1.000000
1.000000 0.000000 0.000000 -0.000000 0.000000 1.000000 0.000000 0.053282 0.000000 0.000000 1.000000 0.058154 0.000000 0.000000 0.000000 1.000000</float_array><technique_common><accessor source="#root-Matrix-animation-output-transform-array" count="51" stride="16"><param type="float4x4"/></accessor></technique_common></source><source id="root-Interpolations"><Name_array id="root-Interpolations-array" count="51">
 LINEAR LINEAR LINEAR LINEAR LINEAR LINEAR LINEAR LINEAR LINEAR LINEAR LINEAR
LINEAR LINEAR LINEAR LINEAR LINEAR LINEAR LINEAR LINEAR LINEAR LINEAR LINEAR LINEAR
LINEAR LINEAR LINEAR LINEAR LINEAR LINEAR LINEAR LINEAR LINEAR LINEAR LINEAR LINEAR
LINEAR LINEAR LINEAR LINEAR LINEAR LINEAR LINEAR LINEAR LINEAR LINEAR LINEAR LINEAR
LINEAR LINEAR LINEAR LINEAR</Name_array><technique_common><accessor source="#root-Interpolations-array" count="51"><param type="name"/></accessor></technique_common></source><sampler id="root-Matrix-animation-transform"><input semantic="INPUT" source="#root-Matrix-animation-input"/><input semantic="OUTPUT" source="#root-Matrix-animation-output-transform"/><input semantic="INTERPOLATION" source="#root-Interpolations"/></sampler><channel source="#root-Matrix-animation-transform" target="root/matrix"/></animation><animation><source id="root-visibility-animation-input"><float_array id="root-visibility-animation-input-array" count="50">

0.033333 0.066667 0.100000 0.133333 0.166667 0.200000 0.233333 0.266667 0.300000 0.333333 0.366667 0.400000 0.433333 0.466667 0.500000 0.533333
0.566667 0.600000 0.633333 0.666667 0.700000 0.733333 0.766667 0.800000 0.833333 0.866667 0.900000 0.933333 0.966667 1.000000 1.033333 1.066667
1.100000 1.133333 1.166667 1.200000 1.233333 1.266667 1.300000 1.333333 1.366667 1.400000 1.433333 1.466667 1.500000 1.533333 1.566667 1.600000
1.633333 1.666667</float_array><technique_common><accessor source="#root-visibility-animation-input-array" count="50"><param name="TIME" type="float"/></accessor></technique_common></source><source id="root-visibility-animation-output"><float_array id="root-visibility-animation-output-array" count="50">

1.000000 1.000000 1.000000 1.000000 1.000000 1.000000 1.000000 1.000000 1.000000 1.000000 1.000000 1.000000 1.000000 1.000000 1.000000 1.000000
1.000000 1.000000 1.000000 1.000000 1.000000 1.000000 1.000000 1.000000 1.000000 1.000000 1.000000 1.000000 1.000000 1.000000 1.000000 1.000000
1.000000 1.000000 1.000000 1.000000 1.000000 1.000000 1.000000 1.000000 1.000000 1.000000 1.000000 1.000000 1.000000 1.000000 1.000000 1.000000
1.000000 1.000000</float_array><technique_common><accessor source="#root-visibility-animation-output-array" count="50"><param type="float"/></accessor></technique_common></source><source id="root-visibility-animation-intan"><float_array id="root-visibility-animation-intan-array" count="50">

0.000000 0.000000 0.000000 0.000000 0.000000 0.000000 0.000000 0.000000 0.000000 0.000000 0.000000 0.000000 0.000000 0.000000 0.000000 0.000000
0.000000 0.000000 0.000000 0.000000 0.000000 0.000000 0.000000 0.000000 0.000000 0.000000 0.000000 0.000000 0.000000 0.000000 0.000000 0.000000
0.000000 0.000000 0.000000 0.000000 0.000000 0.000000 0.000000 0.000000 0.000000 0.000000 0.000000 0.000000 0.000000 0.000000 0.000000 0.000000
0.000000 0.000000</float_array><technique_common><accessor source="#root-visibility-animation-intan-array" count="50"><param type="float"/></accessor></technique_common></source><source id="root-visibility-animation-outtan"><float_array id="root-visibility-animation-outtan-array" count="50">

0.000000 0.000000 0.000000 0.000000 0.000000 0.000000 0.000000 0.000000 0.000000 0.000000 0.000000 0.000000 0.000000 0.000000 0.000000 0.000000
0.000000 0.000000 0.000000 0.000000 0.000000 0.000000 0.000000 0.000000 0.000000 0.000000 0.000000 0.000000 0.000000 0.000000 0.000000 0.000000
0.000000 0.000000 0.000000 0.000000 0.000000 0.000000 0.000000 0.000000 0.000000 0.000000 0.000000 0.000000 0.000000 0.000000 0.000000 0.000000
0.000000 0.000000</float_array><technique_common><accessor source="#root-visibility-animation-outtan-array" count="50"><param type="float"/></accessor></technique_common></source><source id="root-visibility-animation-interpolation"><Name_array id="root-visibility-animation-interpolation-array" count="50">
 BEZIER BEZIER BEZIER BEZIER BEZIER BEZIER BEZIER BEZIER BEZIER BEZIER BEZIER
BEZIER BEZIER BEZIER BEZIER BEZIER BEZIER BEZIER BEZIER BEZIER BEZIER BEZIER BEZIER
BEZIER BEZIER BEZIER BEZIER BEZIER BEZIER BEZIER BEZIER BEZIER BEZIER BEZIER BEZIER
BEZIER BEZIER BEZIER BEZIER BEZIER BEZIER BEZIER BEZIER BEZIER BEZIER BEZIER BEZIER
BEZIER BEZIER BEZIER</Name_array><technique_common><accessor source="#root-visibility-animation-interpolation-array" count="50"><param type="name"/></accessor></technique_common></source><sampler id="root-visibility-animation"><input semantic="INPUT" source="#root-visibility-animation-input"/><input semantic="OUTPUT" source="#root-visibility-animation-output"/><input semantic="IN_TANGENT" source="#root-visibility-animation-intan"/><input semantic="OUT_TANGENT" source="#root-visibility-animation-outtan"/><input semantic="INTERPOLATION" source="#root-visibility-animation-interpolation"/></sampler><channel source="#root-visibility-animation" target="root/visibility"/></animation></animation>
    <animation id="hips-anim" name="hips"><animation><source id="hips-Matrix-animation-input"><float_array id="hips-Matrix-animation-input-array" count="51">

0.033333 0.066667 0.100000 0.133333 0.166667 0.200000 0.233333 0.266667 0.300000 0.333333 0.366667 0.400000 0.433333 0.466667 0.500000 0.533333
0.566667 0.600000 0.633333 0.666667 0.700000 0.733333 0.766667 0.800000 0.833333 0.866667 0.900000 0.933333 0.966667 1.000000 1.033333 1.066667
1.100000 1.133333 1.166667 1.200000 1.233333 1.266667 1.300000 1.333333 1.366667 1.400000 1.433333 1.466667 1.500000 1.533333 1.566667 1.600000
1.633333 1.666667 1.700000</float_array><technique_common><accessor source="#hips-Matrix-animation-input-array" count="51"><param name="TIME" type="float"/></accessor></technique_common></source><source id="hips-Matrix-animation-output-transform"><float_array id="hips-Matrix-animation-output-transform-array" count="816">

1.000000 0.000000 0.000000 -0.000000 0.000000 0.904934 0.425551 -0.038776 0.000000 -0.425551 0.904934 0.002253 0.000000 0.000000 0.000000 1.000000
1.000000 0.000000 -0.000000 0.000000 0.000000 0.905466 0.424418 -0.038776 0.000000 -0.424418 0.905466 0.002253 0.000000 0.000000 0.000000 1.000000
1.000000 -0.000000 -0.000000 -0.000000 -0.000000 0.907002 0.421126 -0.038776 -0.000000 -0.421126 0.907002 0.002253 0.000000 0.000000 0.000000 1.000000
1.000000 -0.000000 -0.000000 0.000000 0.000000 0.909442 0.415830 -0.038776 0.000000 -0.415830 0.909442 0.002253 0.000000 0.000000 0.000000 1.000000
1.000000 0.000000 -0.000000 0.000000 -0.000000 0.912677 0.408683 -0.038776 -0.000000 -0.408683 0.912677 0.002253 0.000000 0.000000 0.000000 1.000000
1.000000 0.000000 -0.000000 -0.000000 -0.000000 0.916589 0.399831 -0.038776 -0.000000 -0.399831 0.916589 0.002253 0.000000 0.000000 0.000000 1.000000
1.000000 -0.000000 0.000000 -0.000000 0.000000 0.921058 0.389425 -0.038776 0.000000 -0.389425 0.921058 0.002253 0.000000 0.000000 0.000000 1.000000
1.000000 -0.000000 -0.000000 0.000000 0.000000 0.925964 0.377611 -0.038776 0.000000 -0.377611 0.925964 0.002253 0.000000 0.000000 0.000000 1.000000
1.000000 0.000000 -0.000000 -0.000000 -0.000000 0.931187 0.364542 -0.038776 0.000000 -0.364542 0.931187 0.002253 0.000000 0.000000 0.000000 1.000000
1.000000 -0.000000 -0.000000 0.000000 0.000000 0.936610 0.350373 -0.038776 -0.000000 -0.350373 0.936610 0.002253 0.000000 0.000000 0.000000 1.000000
1.000000 0.000000 0.000000 -0.000000 -0.000000 0.942126 0.335260 -0.038776 0.000000 -0.335260 0.942126 0.002253 0.000000 0.000000 0.000000 1.000000
1.000000 0.000000 0.000000 0.000000 0.000000 0.947631 0.319366 -0.038776 0.000000 -0.319366 0.947631 0.002253 0.000000 0.000000 0.000000 1.000000
1.000000 -0.000000 0.000000 0.000000 0.000000 0.953036 0.302858 -0.038776 -0.000000 -0.302858 0.953036 0.002253 0.000000 0.000000 0.000000 1.000000
1.000000 0.000000 0.000000 -0.000000 -0.000000 0.958257 0.285908 -0.038776 0.000000 -0.285908 0.958257 0.002253 0.000000 0.000000 0.000000 1.000000
1.000000 -0.000000 0.000000 0.000000 0.000000 0.963227 0.268689 -0.038776 0.000000 -0.268689 0.963227 0.002253 0.000000 0.000000 0.000000 1.000000
1.000000 -0.000000 -0.000000 -0.000000 -0.000000 0.967887 0.251386 -0.038776 0.000000 -0.251386 0.967887 0.002253 0.000000 0.000000 0.000000 1.000000
1.000000 0.000000 0.000000 0.000000 -0.000000 0.972193 0.234180 -0.038776 -0.000000 -0.234180 0.972193 0.002253 0.000000 0.000000 0.000000 1.000000
1.000000 0.000000 -0.000000 0.000000 0.000000 0.976114 0.217259 -0.038776 -0.000000 -0.217259 0.976114 0.002253 0.000000 0.000000 0.000000 1.000000
1.000000 -0.000000 0.000000 0.000000 0.000000 0.979630 0.200810 -0.038776 0.000000 -0.200810 0.979630 0.002253 0.000000 0.000000 0.000000 1.000000
1.000000 0.000000 0.000000 0.000000 0.000000 0.982734 0.185024 -0.038776 -0.000000 -0.185024 0.982734 0.002253 0.000000 0.000000 0.000000 1.000000
1.000000 0.000000 0.000000 0.000000 0.000000 0.985428 0.170093 -0.038776 0.000000 -0.170093 0.985428 0.002253 0.000000 0.000000 0.000000 1.000000
1.000000 -0.000000 0.000000 0.000000 -0.000000 0.987724 0.156209 -0.038776 0.000000 -0.156209 0.987724 0.002253 0.000000 0.000000 0.000000 1.000000
1.000000 0.000000 0.000000 0.000000 0.000000 0.989642 0.143561 -0.038776 0.000000 -0.143561 0.989642 0.002253 0.000000 0.000000 0.000000 1.000000
1.000000 0.000000 -0.000000 0.000000 0.000000 0.991204 0.132343 -0.038776 -0.000000 -0.132343 0.991204 0.002253 0.000000 0.000000 0.000000 1.000000
1.000000 -0.000000 -0.000000 0.000000 0.000000 0.992438 0.122745 -0.038776 -0.000000 -0.122745 0.992438 0.002253 0.000000 0.000000 0.000000 1.000000
1.000000 0.000000 0.000000 0.000000 -0.000000 0.993371 0.114955 -0.038776 0.000000 -0.114955 0.993371 0.002253 0.000000 0.000000 0.000000 1.000000
1.000000 0.000000 0.000000 0.000000 0.000000 0.994024 0.109161 -0.038776 0.000000 -0.109161 0.994024 0.002253 0.000000 0.000000 0.000000 1.000000
1.000000 -0.000000 -0.000000 0.000000 -0.000000 0.994414 0.105550 -0.038776 0.000000 -0.105550 0.994414 0.002253 0.000000 0.000000 0.000000 1.000000
1.000000 0.000000 0.000000 0.000000 -0.000000 0.994545 0.104305 -0.038776 -0.000000 -0.104305 0.994545 0.002253 0.000000 0.000000 0.000000 1.000000
1.000000 -0.000000 -0.000000 0.000000 -0.000000 0.994333 0.106308 -0.038776 0.000000 -0.106308 0.994333 0.002253 0.000000 0.000000 0.000000 1.000000
1.000000 0.000000 -0.000000 0.000000 0.000000 0.993701 0.112064 -0.038776 0.000000 -0.112064 0.993701 0.002253 0.000000 0.000000 0.000000 1.000000
1.000000 -0.000000 0.000000 0.000000 -0.000000 0.992629 0.121190 -0.038776 -0.000000 -0.121190 0.992629 0.002253 0.000000 0.000000 0.000000 1.000000
1.000000 0.000000 0.000000 0.000000 -0.000000 0.991076 0.133300 -0.038776 0.000000 -0.133300 0.991076 0.002253 0.000000 0.000000 0.000000 1.000000
1.000000 -0.000000 0.000000 0.000000 0.000000 0.988987 0.148006 -0.038776 0.000000 -0.148006 0.988987 0.002253 0.000000 0.000000 0.000000 1.000000
1.000000 0.000000 0.000000 -0.000000 0.000000 0.986308 0.164913 -0.038776 0.000000 -0.164913 0.986308 0.002253 0.000000 0.000000 0.000000 1.000000
1.000000 0.000000 0.000000 0.000000 0.000000 0.982996 0.183629 -0.038776 0.000000 -0.183629 0.982996 0.002253 0.000000 0.000000 0.000000 1.000000
1.000000 0.000000 0.000000 0.000000 0.000000 0.979022 0.203757 -0.038776 -0.000000 -0.203757 0.979022 0.002253 0.000000 0.000000 0.000000 1.000000
1.000000 -0.000000 0.000000 0.000000 -0.000000 0.974381 0.224906 -0.038776 0.000000 -0.224906 0.974381 0.002253 0.000000 0.000000 0.000000 1.000000
1.000000 0.000000 0.000000 0.000000 -0.000000 0.969097 0.246679 -0.038776 -0.000000 -0.246679 0.969097 0.002253 0.000000 0.000000 0.000000 1.000000
1.000000 -0.000000 0.000000 -0.000000 0.000000 0.963226 0.268691 -0.038776 0.000000 -0.268691 0.963226 0.002253 0.000000 0.000000 0.000000 1.000000
1.000000 -0.000000 0.000000 0.000000 0.000000 0.956855 0.290565 -0.038776 -0.000000 -0.290565 0.956855 0.002253 0.000000 0.000000 0.000000 1.000000
1.000000 0.000000 0.000000 0.000000 -0.000000 0.950106 0.311928 -0.038776 -0.000000 -0.311928 0.950106 0.002253 0.000000 0.000000 0.000000 1.000000
1.000000 0.000000 0.000000 0.000000 -0.000000 0.943130 0.332423 -0.038776 -0.000000 -0.332423 0.943130 0.002253 0.000000 0.000000 0.000000 1.000000
1.000000 0.000000 -0.000000 0.000000 -0.000000 0.936112 0.351702 -0.038776 0.000000 -0.351702 0.936112 0.002253 0.000000 0.000000 0.000000 1.000000
1.000000 0.000000 -0.000000 0.000000 -0.000000 0.929258 0.369432 -0.038776 0.000000 -0.369432 0.929258 0.002253 0.000000 0.000000 0.000000 1.000000
1.000000 -0.000000 0.000000 -0.000000 -0.000000 0.922798 0.385285 -0.038776 0.000000 -0.385285 0.922798 0.002253 0.000000 0.000000 0.000000 1.000000
1.000000 -0.000000 0.000000 0.000000 0.000000 0.916974 0.398948 -0.038776 0.000000 -0.398948 0.916974 0.002253 0.000000 0.000000 0.000000 1.000000
1.000000 0.000000 -0.000000 0.000000 0.000000 0.912035 0.410113 -0.038776 -0.000000 -0.410113 0.912035 0.002253 0.000000 0.000000 0.000000 1.000000
1.000000 -0.000000 -0.000000 -0.000000 -0.000000 0.908228 0.418476 -0.038776 0.000000 -0.418476 0.908228 0.002253 0.000000 0.000000 0.000000 1.000000
1.000000 0.000000 0.000000 -0.000000 -0.000000 0.905790 0.423728 -0.038776 0.000000 -0.423728 0.905790 0.002253 0.000000 0.000000 0.000000 1.000000
1.000000 0.000000 0.000000 -0.000000 0.000000 1.000000 0.000000 -0.038776 0.000000 0.000000 1.000000 0.002253 0.000000 0.000000 0.000000 1.000000</float_array><technique_common><accessor source="#hips-Matrix-animation-output-transform-array" count="51" stride="16"><param type="float4x4"/></accessor></technique_common></source><source id="hips-Interpolations"><Name_array id="hips-Interpolations-array" count="51">
 LINEAR LINEAR LINEAR LINEAR LINEAR LINEAR LINEAR LINEAR LINEAR LINEAR LINEAR
LINEAR LINEAR LINEAR LINEAR LINEAR LINEAR LINEAR LINEAR LINEAR LINEAR LINEAR LINEAR
LINEAR LINEAR LINEAR LINEAR LINEAR LINEAR LINEAR LINEAR LINEAR LINEAR LINEAR LINEAR
LINEAR LINEAR LINEAR LINEAR LINEAR LINEAR LINEAR LINEAR LINEAR LINEAR LINEAR LINEAR
LINEAR LINEAR LINEAR LINEAR</Name_array><technique_common><accessor source="#hips-Interpolations-array" count="51"><param type="name"/></accessor></technique_common></source><sampler id="hips-Matrix-animation-transform"><input semantic="INPUT" source="#hips-Matrix-animation-input"/><input semantic="OUTPUT" source="#hips-Matrix-animation-output-transform"/><input semantic="INTERPOLATION" source="#hips-Interpolations"/></sampler><channel source="#hips-Matrix-animation-transform" target="hips/matrix"/></animation><animation><source id="hips-visibility-animation-input"><float_array id="hips-visibility-animation-input-array" count="50">

0.033333 0.066667 0.100000 0.133333 0.166667 0.200000 0.233333 0.266667 0.300000 0.333333 0.366667 0.400000 0.433333 0.466667 0.500000 0.533333
0.566667 0.600000 0.633333 0.666667 0.700000 0.733333 0.766667 0.800000 0.833333 0.866667 0.900000 0.933333 0.966667 1.000000 1.033333 1.066667
1.100000 1.133333 1.166667 1.200000 1.233333 1.266667 1.300000 1.333333 1.366667 1.400000 1.433333 1.466667 1.500000 1.533333 1.566667 1.600000
1.633333 1.666667</float_array><technique_common><accessor source="#hips-visibility-animation-input-array" count="50"><param name="TIME" type="float"/></accessor></technique_common></source><source id="hips-visibility-animation-output"><float_array id="hips-visibility-animation-output-array" count="50">

1.000000 1.000000 1.000000 1.000000 1.000000 1.000000 1.000000 1.000000 1.000000 1.000000 1.000000 1.000000 1.000000 1.000000 1.000000 1.000000
1.000000 1.000000 1.000000 1.000000 1.000000 1.000000 1.000000 1.000000 1.000000 1.000000 1.000000 1.000000 1.000000 1.000000 1.000000 1.000000
1.000000 1.000000 1.000000 1.000000 1.000000 1.000000 1.000000 1.000000 1.000000 1.000000 1.000000 1.000000 1.000000 1.000000 1.000000 1.000000
1.000000 1.000000</float_array><technique_common><accessor source="#hips-visibility-animation-output-array" count="50"><param type="float"/></accessor></technique_common></source><source id="hips-visibility-animation-intan"><float_array id="hips-visibility-animation-intan-array" count="50">

0.000000 0.000000 0.000000 0.000000 0.000000 0.000000 0.000000 0.000000 0.000000 0.000000 0.000000 0.000000 0.000000 0.000000 0.000000 0.000000
0.000000 0.000000 0.000000 0.000000 0.000000 0.000000 0.000000 0.000000 0.000000 0.000000 0.000000 0.000000 0.000000 0.000000 0.000000 0.000000
0.000000 0.000000 0.000000 0.000000 0.000000 0.000000 0.000000 0.000000 0.000000 0.000000 0.000000 0.000000 0.000000 0.000000 0.000000 0.000000
0.000000 0.000000</float_array><technique_common><accessor source="#hips-visibility-animation-intan-array" count="50"><param type="float"/></accessor></technique_common></source><source id="hips-visibility-animation-outtan"><float_array id="hips-visibility-animation-outtan-array" count="50">

0.000000 0.000000 0.000000 0.000000 0.000000 0.000000 0.000000 0.000000 0.000000 0.000000 0.000000 0.000000 0.000000 0.000000 0.000000 0.000000
0.000000 0.000000 0.000000 0.000000 0.000000 0.000000 0.000000 0.000000 0.000000 0.000000 0.000000 0.000000 0.000000 0.000000 0.000000 0.000000
0.000000 0.000000 0.000000 0.000000 0.000000 0.000000 0.000000 0.000000 0.000000 0.000000 0.000000 0.000000 0.000000 0.000000 0.000000 0.000000
0.000000 0.000000</float_array><technique_common><accessor source="#hips-visibility-animation-outtan-array" count="50"><param type="float"/></accessor></technique_common></source><source id="hips-visibility-animation-interpolation"><Name_array id="hips-visibility-animation-interpolation-array" count="50">
 BEZIER BEZIER BEZIER BEZIER BEZIER BEZIER BEZIER BEZIER BEZIER BEZIER BEZIER
BEZIER BEZIER BEZIER BEZIER BEZIER BEZIER BEZIER BEZIER BEZIER BEZIER BEZIER BEZIER
BEZIER BEZIER BEZIER BEZIER BEZIER BEZIER BEZIER BEZIER BEZIER BEZIER BEZIER BEZIER
BEZIER BEZIER BEZIER BEZIER BEZIER BEZIER BEZIER BEZIER BEZIER BEZIER BEZIER BEZIER
BEZIER BEZIER BEZIER</Name_array><technique_common><accessor source="#hips-visibility-animation-interpolation-array" count="50"><param type="name"/></accessor></technique_common></source><sampler id="hips-visibility-animation"><input semantic="INPUT" source="#hips-visibility-animation-input"/><input semantic="OUTPUT" source="#hips-visibility-animation-output"/><input semantic="IN_TANGENT" source="#hips-visibility-animation-intan"/><input semantic="OUT_TANGENT" source="#hips-visibility-animation-outtan"/><input semantic="INTERPOLATION" source="#hips-visibility-animation-interpolation"/></sampler><channel source="#hips-visibility-animation" target="hips/visibility"/></animation></animation>
    <animation id="tentacleBase-anim" name="tentacleBase"><animation><source id="tentacleBase-Matrix-animation-input"><float_array id="tentacleBase-Matrix-animation-input-array" count="51">

0.033333 0.066667 0.100000 0.133333 0.166667 0.200000 0.233333 0.266667 0.300000 0.333333 0.366667 0.400000 0.433333 0.466667 0.500000 0.533333
0.566667 0.600000 0.633333 0.666667 0.700000 0.733333 0.766667 0.800000 0.833333 0.866667 0.900000 0.933333 0.966667 1.000000 1.033333 1.066667
1.100000 1.133333 1.166667 1.200000 1.233333 1.266667 1.300000 1.333333 1.366667 1.400000 1.433333 1.466667 1.500000 1.533333 1.566667 1.600000
1.633333 1.666667 1.700000</float_array><technique_common><accessor source="#tentacleBase-Matrix-animation-input-array" count="51"><param name="TIME" type="float"/></accessor></technique_common></source><source id="tentacleBase-Matrix-animation-output-transform"><float_array id="tentacleBase-Matrix-animation-output-transform-array" count="816">

1.000000 0.000000 0.000000 0.000000 0.000000 0.999984 0.005700 -0.158964 0.000000 -0.005700 0.999984 -0.007975 0.000000 0.000000 0.000000 1.000000
0.998273 0.049252 0.032035 0.000000 -0.048205 0.998303 -0.032684 -0.158964 -0.033590 0.031084 0.998952 -0.007975 0.000000 0.000000 0.000000 1.000000
0.980262 0.158562 0.118087 -0.000000 -0.142946 0.981062 -0.130707 -0.158964 -0.136576 0.111247 0.984363 -0.007975 0.000000 0.000000 0.000000 1.000000
0.933607 0.270671 0.234766 -0.000000 -0.209391 0.943858 -0.255515 -0.158964 -0.290746 0.189392 0.937868 -0.007975 0.000000 0.000000 0.000000 1.000000
0.874267 0.346002 0.340500 0.000000 -0.219435 0.907341 -0.358582 -0.158964 -0.433019 0.238779 0.869183 -0.007975 0.000000 0.000000 0.000000 1.000000
0.843901 0.369780 0.388708 0.000000 -0.209638 0.894207 -0.395531 -0.158964 -0.493845 0.252301 0.832142 -0.007975 0.000000 0.000000 0.000000 1.000000
0.846633 0.363108 0.389058 0.000000 -0.210566 0.899970 -0.381728 -0.158964 -0.488749 0.241261 0.838402 -0.007975 0.000000 0.000000 0.000000 1.000000
0.855021 0.352504 0.380367 -0.000000 -0.216305 0.909026 -0.356209 -0.158964 -0.471329 0.222290 0.853485 -0.007975 0.000000 0.000000 0.000000 1.000000
0.867644 0.338110 0.364521 0.000000 -0.224034 0.920391 -0.320451 -0.158964 -0.443849 0.196372 0.874320 -0.007975 0.000000 0.000000 0.000000 1.000000
0.882998 0.319933 0.343450 0.000000 -0.230691 0.933045 -0.276058 -0.158964 -0.408775 0.164528 0.897683 -0.007975 0.000000 0.000000 0.000000 1.000000
0.899624 0.298101 0.319081 0.000000 -0.233621 0.945924 -0.225053 -0.158964 -0.368915 0.127919 0.920619 -0.007975 0.000000 0.000000 0.000000 1.000000
0.916222 0.273023 0.293250 -0.000000 -0.231069 0.957978 -0.169957 -0.158964 -0.327329 0.087957 0.940808 -0.007975 0.000000 0.000000 0.000000 1.000000
0.931731 0.245483 0.267612 0.000000 -0.222459 0.968290 -0.113698 -0.158964 -0.287036 0.046403 0.956795 -0.007975 0.000000 0.000000 0.000000 1.000000
0.945384 0.216663 0.243527 0.000000 -0.208428 0.976232 -0.059411 -0.158964 -0.250611 0.005408 0.968073 -0.007975 0.000000 0.000000 0.000000 1.000000
0.956736 0.188093 0.221983 -0.000000 -0.190611 0.981612 -0.010223 -0.158964 -0.219825 -0.032532 0.974997 -0.007975 0.000000 0.000000 0.000000 1.000000
0.965639 0.161583 0.203549 0.000000 -0.171287 0.984737 0.030876 -0.158964 -0.195453 -0.064681 0.978578 -0.007975 0.000000 0.000000 0.000000 1.000000
0.972198 0.139096 0.188372 0.000000 -0.152963 0.986340 0.061125 -0.158964 -0.177297 -0.088239 0.980194 -0.007975 0.000000 0.000000 0.000000 1.000000
0.977990 0.119588 0.170981 0.000000 -0.134926 0.987534 0.081059 -0.158964 -0.159156 -0.102345 0.981934 -0.007975 0.000000 0.000000 0.000000 1.000000
0.984023 0.099894 0.147377 -0.000000 -0.114376 0.989048 0.093287 -0.158964 -0.136444 -0.108653 0.984671 -0.007975 0.000000 0.000000 0.000000 1.000000
0.989670 0.079039 0.119612 0.000000 -0.091028 0.990982 0.098330 -0.158964 -0.110762 -0.108202 0.987939 -0.007975 0.000000 0.000000 0.000000 1.000000
0.994371 0.056420 0.089688 0.000000 -0.065086 0.993171 0.096826 -0.158964 -0.083612 -0.102118 0.991252 -0.007975 0.000000 0.000000 0.000000 1.000000
0.997718 0.031931 0.059494 0.000000 -0.037197 0.995282 0.089614 -0.158964 -0.056352 -0.091622 0.994198 -0.007975 0.000000 0.000000 0.000000 1.000000
0.999510 0.006004 0.030713 0.000000 -0.008379 0.996934 0.077798 -0.158964 -0.030151 -0.078017 0.996496 -0.007975 0.000000 0.000000 0.000000 1.000000
0.999781 -0.020402 0.004724 0.000000 0.020065 0.997826 0.062776 -0.158964 -0.005994 -0.062667 0.998016 -0.007975 0.000000 0.000000 0.000000 1.000000
0.998793 -0.045906 -0.017477 0.000000 0.046671 0.997841 0.046206 -0.158964 0.015318 -0.046966 0.998779 -0.007975 0.000000 0.000000 0.000000 1.000000
0.997005 -0.068829 -0.035271 -0.000000 0.069896 0.997105 0.029947 -0.158964 0.033107 -0.032323 0.998929 -0.007975 0.000000 0.000000 0.000000 1.000000
0.995005 -0.087347 -0.048334 0.000000 0.088208 0.995974 0.015960 -0.158964 0.046745 -0.020144 0.998704 -0.007975 0.000000 0.000000 0.000000 1.000000
0.993420 -0.099645 -0.056462 0.000000 0.100152 0.994953 0.006212 -0.158964 0.055558 -0.011826 0.998385 -0.007975 0.000000 0.000000 0.000000 1.000000
0.992800 -0.104065 -0.059313 0.000000 0.104400 0.994532 0.002575 -0.158964 0.058721 -0.008749 0.998236 -0.007975 0.000000 0.000000 0.000000 1.000000
0.992831 -0.103393 -0.059966 -0.000000 0.104158 0.994513 0.009770 -0.158964 0.058627 -0.015946 0.998153 -0.007975 0.000000 0.000000 0.000000 1.000000
0.992920 -0.101484 -0.061731 0.000000 0.103459 0.994191 0.029678 -0.158964 0.058361 -0.035854 0.997651 -0.007975 0.000000 0.000000 0.000000 1.000000
0.993059 -0.098496 -0.064281 0.000000 0.102355 0.992950 0.059774 -0.158964 0.057941 -0.065939 0.996140 -0.007975 0.000000 0.000000 0.000000 1.000000
0.993240 -0.094599 -0.067268 0.000000 0.100904 0.990107 0.097497 -0.158964 0.057379 -0.103626 0.992960 -0.007975 0.000000 0.000000 0.000000 1.000000
0.993455 -0.089992 -0.070352 0.000000 0.099169 0.985138 0.140242 -0.158964 0.056686 -0.146301 0.987615 -0.007975 0.000000 0.000000 0.000000 1.000000
0.993694 -0.084905 -0.073233 0.000000 0.097214 0.977845 0.185389 -0.158964 0.055870 -0.191339 0.979933 -0.007975 0.000000 0.000000 0.000000 1.000000
0.993951 -0.079602 -0.075667 0.000000 0.095095 0.968452 0.230342 -0.158964 0.054945 -0.236144 0.970163 -0.007975 0.000000 0.000000 0.000000 1.000000
0.994217 -0.074359 -0.077476 0.000000 0.092865 0.957639 0.272587 -0.158964 0.053924 -0.278206 0.959007 -0.007975 0.000000 0.000000 0.000000 1.000000
0.994488 -0.069455 -0.078543 0.000000 0.090566 0.946499 0.309738 -0.158964 0.052828 -0.315144 0.947572 -0.007975 0.000000 0.000000 0.000000 1.000000
0.994759 -0.065148 -0.078808 0.000000 0.088228 0.936448 0.339530 -0.158964 0.051680 -0.344703 0.937288 -0.007975 0.000000 0.000000 0.000000 1.000000
0.995026 -0.061664 -0.078242 0.000000 0.085869 0.929063 0.359816 -0.158964 0.050504 -0.364745 0.929737 -0.007975 0.000000 0.000000 0.000000 1.000000
0.995287 -0.059177 -0.076829 0.000000 0.083494 0.925882 0.368473 -0.158964 0.049329 -0.373150 0.926458 -0.007975 0.000000 0.000000 0.000000 1.000000
0.995541 -0.057804 -0.074540 0.000000 0.081091 0.928145 0.363277 -0.158964 0.048185 -0.367702 0.928694 -0.007975 0.000000 0.000000 0.000000 1.000000
0.995790 -0.057593 -0.071314 0.000000 0.078639 0.936486 0.341775 -0.158964 0.047101 -0.345944 0.937072 -0.007975 0.000000 0.000000 0.000000 1.000000
0.996320 -0.055710 -0.065144 0.000000 0.073011 0.949728 0.304444 -0.158964 0.044908 -0.308080 0.950300 -0.007975 0.000000 0.000000 0.000000 1.000000
0.997227 -0.049974 -0.055154 0.000000 0.062511 0.964582 0.256271 -0.158964 0.040393 -0.259008 0.965030 -0.007975 0.000000 0.000000 0.000000 1.000000
0.998219 -0.041342 -0.043006 0.000000 0.049199 0.978234 0.201587 -0.158964 0.033736 -0.203344 0.978526 -0.007975 0.000000 0.000000 0.000000 1.000000
0.999063 -0.030899 -0.030312 0.000000 0.034985 0.988794 0.145130 -0.158964 0.025488 -0.146054 0.988948 -0.007975 0.000000 0.000000 0.000000 1.000000
0.999629 -0.019947 -0.018521 0.000000 0.021570 0.995525 0.092008 -0.158964 0.016603 -0.092374 0.995586 -0.007975 0.000000 0.000000 0.000000 1.000000
0.999911 -0.010012 -0.008867 0.000000 0.010423 0.998815 0.047529 -0.158964 0.008381 -0.047617 0.998831 -0.007975 0.000000 0.000000 0.000000 1.000000
0.999993 -0.002784 -0.002380 0.000000 0.002824 0.999851 0.017015 -0.158964 0.002333 -0.017021 0.999852 -0.007975 0.000000 0.000000 0.000000 1.000000
1.000000 0.000000 0.000000 0.000000 0.000000 1.000000 0.000000 -0.158964 0.000000 0.000000 1.000000 -0.007975 0.000000 0.000000 0.000000 1.000000</float_array><technique_common><accessor source="#tentacleBase-Matrix-animation-output-transform-array" count="51" stride="16"><param type="float4x4"/></accessor></technique_common></source><source id="tentacleBase-Interpolations"><Name_array id="tentacleBase-Interpolations-array" count="51">
 LINEAR LINEAR LINEAR LINEAR LINEAR LINEAR LINEAR LINEAR LINEAR LINEAR LINEAR
LINEAR LINEAR LINEAR LINEAR LINEAR LINEAR LINEAR LINEAR LINEAR LINEAR LINEAR LINEAR
LINEAR LINEAR LINEAR LINEAR LINEAR LINEAR LINEAR LINEAR LINEAR LINEAR LINEAR LINEAR
LINEAR LINEAR LINEAR LINEAR LINEAR LINEAR LINEAR LINEAR LINEAR LINEAR LINEAR LINEAR
LINEAR LINEAR LINEAR LINEAR</Name_array><technique_common><accessor source="#tentacleBase-Interpolations-array" count="51"><param type="name"/></accessor></technique_common></source><sampler id="tentacleBase-Matrix-animation-transform"><input semantic="INPUT" source="#tentacleBase-Matrix-animation-input"/><input semantic="OUTPUT" source="#tentacleBase-Matrix-animation-output-transform"/><input semantic="INTERPOLATION" source="#tentacleBase-Interpolations"/></sampler><channel source="#tentacleBase-Matrix-animation-transform" target="tentacleBase/matrix"/></animation><animation><source id="tentacleBase-visibility-animation-input"><float_array id="tentacleBase-visibility-animation-input-array" count="50">

0.033333 0.066667 0.100000 0.133333 0.166667 0.200000 0.233333 0.266667 0.300000 0.333333 0.366667 0.400000 0.433333 0.466667 0.500000 0.533333
0.566667 0.600000 0.633333 0.666667 0.700000 0.733333 0.766667 0.800000 0.833333 0.866667 0.900000 0.933333 0.966667 1.000000 1.033333 1.066667
1.100000 1.133333 1.166667 1.200000 1.233333 1.266667 1.300000 1.333333 1.366667 1.400000 1.433333 1.466667 1.500000 1.533333 1.566667 1.600000
1.633333 1.666667</float_array><technique_common><accessor source="#tentacleBase-visibility-animation-input-array" count="50"><param name="TIME" type="float"/></accessor></technique_common></source><source id="tentacleBase-visibility-animation-output"><float_array id="tentacleBase-visibility-animation-output-array" count="50">

1.000000 1.000000 1.000000 1.000000 1.000000 1.000000 1.000000 1.000000 1.000000 1.000000 1.000000 1.000000 1.000000 1.000000 1.000000 1.000000
1.000000 1.000000 1.000000 1.000000 1.000000 1.000000 1.000000 1.000000 1.000000 1.000000 1.000000 1.000000 1.000000 1.000000 1.000000 1.000000
1.000000 1.000000 1.000000 1.000000 1.000000 1.000000 1.000000 1.000000 1.000000 1.000000 1.000000 1.000000 1.000000 1.000000 1.000000 1.000000
1.000000 1.000000</float_array><technique_common><accessor source="#tentacleBase-visibility-animation-output-array" count="50"><param type="float"/></accessor></technique_common></source><source id="tentacleBase-visibility-animation-intan"><float_array id="tentacleBase-visibility-animation-intan-array" count="50">

0.000000 0.000000 0.000000 0.000000 0.000000 0.000000 0.000000 0.000000 0.000000 0.000000 0.000000 0.000000 0.000000 0.000000 0.000000 0.000000
0.000000 0.000000 0.000000 0.000000 0.000000 0.000000 0.000000 0.000000 0.000000 0.000000 0.000000 0.000000 0.000000 0.000000 0.000000 0.000000
0.000000 0.000000 0.000000 0.000000 0.000000 0.000000 0.000000 0.000000 0.000000 0.000000 0.000000 0.000000 0.000000 0.000000 0.000000 0.000000
