<?xml version="1.0" encoding="utf-8"?>
<COLLADA xmlns="http://www.collada.org/2005/11/COLLADASchema" version="1.4.1">
  <asset><contributor><author></author><authoring_tool>FBX COLLADA exporter</authoring_tool><comments></comments></contributor><created>2014-07-10T16:01:07Z</created><keywords></keywords><modified>2014-07-10T16:01:07Z</modified><revision></revision><subject></subject><title></title><unit meter="0.010000" name="centimeter"></unit><up_axis>Y_UP</up_axis></asset>
  <library_animations>
    <animation id="root-anim" name="root"><animation><source id="root-Matrix-animation-input"><float_array id="root-Matrix-animation-input-array" count="56">

0.033333 0.066667 0.100000 0.133333 0.166667 0.200000 0.233333 0.266667 0.300000 0.333333 0.366667 0.400000 0.433333 0.466667 0.500000 0.533333
0.566667 0.600000 0.633333 0.666667 0.700000 0.733333 0.766667 0.800000 0.833333 0.866667 0.900000 0.933333 0.966667 1.000000 1.033333 1.066667
1.100000 1.133333 1.166667 1.200000 1.233333 1.266667 1.300000 1.333333 1.366667 1.400000 1.433333 1.466667 1.500000 1.533333 1.566667 1.600000
1.633333 1.666667 1.700000 1.733333 1.766667 1.800000 1.833333 1.866667</float_array><technique_common><accessor source="#root-Matrix-animation-input-array" count="56"><param name="TIME" type="float"/></accessor></technique_common></source><source id="root-Matrix-animation-output-transform"><float_array id="root-Matrix-animation-output-transform-array" count="896">

1.000000 0.000000 0.000000 -0.000000 0.000000 -0.409619 -0.912256 -0.165427 0.000000 0.912256 -0.409619 0.058154 0.000000 0.000000 0.000000 1.000000
1.000000 0.000000 0.000000 -0.000000 0.000000 -0.409619 -0.912256 -0.165427 0.000000 0.912256 -0.409619 0.058154 0.000000 0.000000 0.000000 1.000000
1.000000 0.000000 0.000000 -0.000000 0.000000 -0.409619 -0.912256 -0.165427 0.000000 0.912256 -0.409619 0.058154 0.000000 0.000000 0.000000 1.000000
1.000000 0.000000 0.000000 -0.000000 0.000000 -0.409619 -0.912256 -0.165427 0.000000 0.912256 -0.409619 0.058154 0.000000 0.000000 0.000000 1.000000
1.000000 0.000000 0.000000 -0.000000 0.000000 -0.409619 -0.912256 -0.165427 0.000000 0.912256 -0.409619 0.058154 0.000000 0.000000 0.000000 1.000000
1.000000 0.000000 0.000000 -0.000000 0.000000 -0.409619 -0.912256 -0.165427 0.000000 0.912256 -0.409619 0.058154 0.000000 0.000000 0.000000 1.000000
1.000000 0.000000 0.000000 -0.000000 0.000000 -0.409619 -0.912256 -0.165427 0.000000 0.912256 -0.409619 0.058154 0.000000 0.000000 0.000000 1.000000
1.000000 0.000000 0.000000 -0.000000 0.000000 -0.409619 -0.912256 -0.165427 0.000000 0.912256 -0.409619 0.058154 0.000000 0.000000 0.000000 1.000000
1.000000 0.000000 0.000000 -0.000000 0.000000 -0.409619 -0.912256 -0.165427 0.000000 0.912256 -0.409619 0.058154 0.000000 0.000000 0.000000 1.000000
1.000000 0.000000 0.000000 -0.000000 0.000000 -0.409619 -0.912256 -0.165427 0.000000 0.912256 -0.409619 0.058154 0.000000 0.000000 0.000000 1.000000
1.000000 0.000000 0.000000 -0.000000 0.000000 -0.409619 -0.912256 -0.165427 0.000000 0.912256 -0.409619 0.058154 0.000000 0.000000 0.000000 1.000000
1.000000 0.000000 0.000000 -0.000000 0.000000 -0.409619 -0.912256 -0.165427 0.000000 0.912256 -0.409619 0.058154 0.000000 0.000000 0.000000 1.000000
1.000000 0.000000 0.000000 -0.000000 0.000000 -0.409619 -0.912256 -0.165427 0.000000 0.912256 -0.409619 0.058154 0.000000 0.000000 0.000000 1.000000
1.000000 0.000000 0.000000 -0.000000 0.000000 -0.409619 -0.912256 -0.165427 0.000000 0.912256 -0.409619 0.058154 0.000000 0.000000 0.000000 1.000000
1.000000 0.000000 0.000000 -0.000000 0.000000 -0.409619 -0.912256 -0.165427 0.000000 0.912256 -0.409619 0.058154 0.000000 0.000000 0.000000 1.000000
1.000000 0.000000 0.000000 -0.000000 0.000000 -0.409619 -0.912256 -0.165427 0.000000 0.912256 -0.409619 0.058154 0.000000 0.000000 0.000000 1.000000
1.000000 0.000000 0.000000 -0.000000 0.000000 -0.409619 -0.912256 -0.165427 0.000000 0.912256 -0.409619 0.058154 0.000000 0.000000 0.000000 1.000000
1.000000 0.000000 0.000000 -0.000000 0.000000 -0.409619 -0.912256 -0.165427 0.000000 0.912256 -0.409619 0.058154 0.000000 0.000000 0.000000 1.000000
1.000000 0.000000 0.000000 -0.000000 0.000000 -0.409619 -0.912256 -0.165427 0.000000 0.912256 -0.409619 0.058154 0.000000 0.000000 0.000000 1.000000
1.000000 0.000000 0.000000 -0.000000 0.000000 -0.409619 -0.912256 -0.165427 0.000000 0.912256 -0.409619 0.058154 0.000000 0.000000 0.000000 1.000000
1.000000 0.000000 0.000000 -0.000000 0.000000 -0.409619 -0.912256 -0.165427 0.000000 0.912256 -0.409619 0.058154 0.000000 0.000000 0.000000 1.000000
1.000000 0.000000 0.000000 -0.000000 0.000000 -0.409619 -0.912256 -0.165427 0.000000 0.912256 -0.409619 0.058154 0.000000 0.000000 0.000000 1.000000
1.000000 0.000000 0.000000 -0.000000 0.000000 -0.409619 -0.912256 -0.165427 0.000000 0.912256 -0.409619 0.058154 0.000000 0.000000 0.000000 1.000000
1.000000 0.000000 0.000000 -0.000000 0.000000 -0.409619 -0.912256 -0.165427 0.000000 0.912256 -0.409619 0.058154 0.000000 0.000000 0.000000 1.000000
1.000000 0.000000 0.000000 -0.000000 0.000000 -0.409619 -0.912256 -0.165427 0.000000 0.912256 -0.409619 0.058154 0.000000 0.000000 0.000000 1.000000
1.000000 0.000000 0.000000 -0.000000 0.000000 -0.409619 -0.912256 -0.165427 0.000000 0.912256 -0.409619 0.058154 0.000000 0.000000 0.000000 1.000000
1.000000 0.000000 0.000000 -0.000000 0.000000 -0.409619 -0.912256 -0.165427 0.000000 0.912256 -0.409619 0.058154 0.000000 0.000000 0.000000 1.000000
1.000000 0.000000 0.000000 -0.000000 0.000000 -0.409619 -0.912256 -0.165427 0.000000 0.912256 -0.409619 0.058154 0.000000 0.000000 0.000000 1.000000
1.000000 0.000000 0.000000 -0.000000 0.000000 -0.409619 -0.912256 -0.165427 0.000000 0.912256 -0.409619 0.058154 0.000000 0.000000 0.000000 1.000000
1.000000 0.000000 0.000000 -0.000000 0.000000 -0.409619 -0.912256 -0.165427 0.000000 0.912256 -0.409619 0.058154 0.000000 0.000000 0.000000 1.000000
1.000000 0.000000 0.000000 -0.000000 0.000000 -0.409619 -0.912256 -0.165427 0.000000 0.912256 -0.409619 0.058154 0.000000 0.000000 0.000000 1.000000
1.000000 0.000000 0.000000 -0.000000 0.000000 -0.409619 -0.912256 -0.165427 0.000000 0.912256 -0.409619 0.058154 0.000000 0.000000 0.000000 1.000000
1.000000 0.000000 0.000000 -0.000000 0.000000 -0.409619 -0.912256 -0.165427 0.000000 0.912256 -0.409619 0.058154 0.000000 0.000000 0.000000 1.000000
1.000000 0.000000 0.000000 -0.000000 0.000000 -0.409619 -0.912256 -0.165427 0.000000 0.912256 -0.409619 0.058154 0.000000 0.000000 0.000000 1.000000
1.000000 0.000000 0.000000 -0.000000 0.000000 -0.409619 -0.912256 -0.165427 0.000000 0.912256 -0.409619 0.058154 0.000000 0.000000 0.000000 1.000000
1.000000 0.000000 0.000000 -0.000000 0.000000 -0.409619 -0.912256 -0.165427 0.000000 0.912256 -0.409619 0.058154 0.000000 0.000000 0.000000 1.000000
1.000000 0.000000 0.000000 -0.000000 0.000000 -0.409619 -0.912256 -0.165427 0.000000 0.912256 -0.409619 0.058154 0.000000 0.000000 0.000000 1.000000
1.000000 0.000000 0.000000 -0.000000 0.000000 -0.409619 -0.912256 -0.165427 0.000000 0.912256 -0.409619 0.058154 0.000000 0.000000 0.000000 1.000000
1.000000 0.000000 0.000000 -0.000000 0.000000 -0.409619 -0.912256 -0.165427 0.000000 0.912256 -0.409619 0.058154 0.000000 0.000000 0.000000 1.000000
1.000000 0.000000 0.000000 -0.000000 0.000000 -0.409619 -0.912256 -0.165427 0.000000 0.912256 -0.409619 0.058154 0.000000 0.000000 0.000000 1.000000
1.000000 0.000000 0.000000 -0.000000 0.000000 -0.409619 -0.912256 -0.165427 0.000000 0.912256 -0.409619 0.058154 0.000000 0.000000 0.000000 1.000000
1.000000 0.000000 0.000000 -0.000000 0.000000 -0.409619 -0.912256 -0.165427 0.000000 0.912256 -0.409619 0.058154 0.000000 0.000000 0.000000 1.000000
1.000000 0.000000 0.000000 -0.000000 0.000000 -0.409619 -0.912256 -0.165427 0.000000 0.912256 -0.409619 0.058154 0.000000 0.000000 0.000000 1.000000
1.000000 0.000000 0.000000 -0.000000 0.000000 -0.409619 -0.912256 -0.165427 0.000000 0.912256 -0.409619 0.058154 0.000000 0.000000 0.000000 1.000000
1.000000 0.000000 0.000000 -0.000000 0.000000 -0.409619 -0.912256 -0.165427 0.000000 0.912256 -0.409619 0.058154 0.000000 0.000000 0.000000 1.000000
1.000000 0.000000 0.000000 -0.000000 0.000000 -0.409619 -0.912256 -0.165427 0.000000 0.912256 -0.409619 0.058154 0.000000 0.000000 0.000000 1.000000
1.000000 0.000000 0.000000 -0.000000 0.000000 -0.409619 -0.912256 -0.165427 0.000000 0.912256 -0.409619 0.058154 0.000000 0.000000 0.000000 1.000000
1.000000 0.000000 0.000000 -0.000000 0.000000 -0.409619 -0.912256 -0.165427 0.000000 0.912256 -0.409619 0.058154 0.000000 0.000000 0.000000 1.000000
1.000000 0.000000 0.000000 -0.000000 0.000000 -0.409619 -0.912256 -0.165427 0.000000 0.912256 -0.409619 0.058154 0.000000 0.000000 0.000000 1.000000
1.000000 0.000000 0.000000 -0.000000 0.000000 -0.409619 -0.912256 -0.165427 0.000000 0.912256 -0.409619 0.058154 0.000000 0.000000 0.000000 1.000000
1.000000 0.000000 0.000000 -0.000000 0.000000 -0.409619 -0.912256 -0.165427 0.000000 0.912256 -0.409619 0.058154 0.000000 0.000000 0.000000 1.000000
1.000000 0.000000 0.000000 -0.000000 0.000000 -0.409619 -0.912256 -0.165427 0.000000 0.912256 -0.409619 0.058154 0.000000 0.000000 0.000000 1.000000
1.000000 0.000000 0.000000 -0.000000 0.000000 -0.409619 -0.912256 -0.165427 0.000000 0.912256 -0.409619 0.058154 0.000000 0.000000 0.000000 1.000000
1.000000 0.000000 0.000000 -0.000000 0.000000 -0.409619 -0.912256 -0.165427 0.000000 0.912256 -0.409619 0.058154 0.000000 0.000000 0.000000 1.000000
1.000000 0.000000 0.000000 -0.000000 0.000000 -0.409619 -0.912256 -0.165427 0.000000 0.912256 -0.409619 0.058154 0.000000 0.000000 0.000000 1.000000
1.000000 0.000000 0.000000 -0.000000 0.000000 1.000000 0.000000 0.053282 0.000000 0.000000 1.000000 0.058154 0.000000 0.000000 0.000000 1.000000</float_array><technique_common><accessor source="#root-Matrix-animation-output-transform-array" count="56" stride="16"><param type="float4x4"/></accessor></technique_common></source><source id="root-Interpolations"><Name_array id="root-Interpolations-array" count="56">
 LINEAR LINEAR LINEAR LINEAR LINEAR LINEAR LINEAR LINEAR LINEAR LINEAR LINEAR
LINEAR LINEAR LINEAR LINEAR LINEAR LINEAR LINEAR LINEAR LINEAR LINEAR LINEAR LINEAR
LINEAR LINEAR LINEAR LINEAR LINEAR LINEAR LINEAR LINEAR LINEAR LINEAR LINEAR LINEAR
LINEAR LINEAR LINEAR LINEAR LINEAR LINEAR LINEAR LINEAR LINEAR LINEAR LINEAR LINEAR
LINEAR LINEAR LINEAR LINEAR LINEAR LINEAR LINEAR LINEAR LINEAR</Name_array><technique_common><accessor source="#root-Interpolations-array" count="56"><param type="name"/></accessor></technique_common></source><sampler id="root-Matrix-animation-transform"><input semantic="INPUT" source="#root-Matrix-animation-input"/><input semantic="OUTPUT" source="#root-Matrix-animation-output-transform"/><input semantic="INTERPOLATION" source="#root-Interpolations"/></sampler><channel source="#root-Matrix-animation-transform" target="root/matrix"/></animation><animation><source id="root-visibility-animation-input"><float_array id="root-visibility-animation-input-array" count="2">

0.033333 1.833333</float_array><technique_common><accessor source="#root-visibility-animation-input-array" count="2"><param name="TIME" type="float"/></accessor></technique_common></source><source id="root-visibility-animation-output"><float_array id="root-visibility-animation-output-array" count="2">

1.000000 1.000000</float_array><technique_common><accessor source="#root-visibility-animation-output-array" count="2"><param type="float"/></accessor></technique_common></source><source id="root-visibility-animation-intan"><float_array id="root-visibility-animation-intan-array" count="2">

0.000000 0.000000</float_array><technique_common><accessor source="#root-visibility-animation-intan-array" count="2"><param type="float"/></accessor></technique_common></source><source id="root-visibility-animation-outtan"><float_array id="root-visibility-animation-outtan-array" count="2">

0.000000 0.000000</float_array><technique_common><accessor source="#root-visibility-animation-outtan-array" count="2"><param type="float"/></accessor></technique_common></source><source id="root-visibility-animation-interpolation"><Name_array id="root-visibility-animation-interpolation-array" count="2">
 STEP STEP</Name_array><technique_common><accessor source="#root-visibility-animation-interpolation-array" count="2"><param type="name"/></accessor></technique_common></source><sampler id="root-visibility-animation"><input semantic="INPUT" source="#root-visibility-animation-input"/><input semantic="OUTPUT" source="#root-visibility-animation-output"/><input semantic="IN_TANGENT" source="#root-visibility-animation-intan"/><input semantic="OUT_TANGENT" source="#root-visibility-animation-outtan"/><input semantic="INTERPOLATION" source="#root-visibility-animation-interpolation"/></sampler><channel source="#root-visibility-animation" target="root/visibility"/></animation></animation>
    <animation id="hips-anim" name="hips"><animation><source id="hips-Matrix-animation-input"><float_array id="hips-Matrix-animation-input-array" count="56">

0.033333 0.066667 0.100000 0.133333 0.166667 0.200000 0.233333 0.266667 0.300000 0.333333 0.366667 0.400000 0.433333 0.466667 0.500000 0.533333
0.566667 0.600000 0.633333 0.666667 0.700000 0.733333 0.766667 0.800000 0.833333 0.866667 0.900000 0.933333 0.966667 1.000000 1.033333 1.066667
1.100000 1.133333 1.166667 1.200000 1.233333 1.266667 1.300000 1.333333 1.366667 1.400000 1.433333 1.466667 1.500000 1.533333 1.566667 1.600000
1.633333 1.666667 1.700000 1.733333 1.766667 1.800000 1.833333 1.866667</float_array><technique_common><accessor source="#hips-Matrix-animation-input-array" count="56"><param name="TIME" type="float"/></accessor></technique_common></source><source id="hips-Matrix-animation-output-transform"><float_array id="hips-Matrix-animation-output-transform-array" count="896">

1.000000 0.000000 0.000000 -0.000000 0.000000 0.903533 0.428518 -0.038776 0.000000 -0.428518 0.903533 0.002253 0.000000 0.000000 0.000000 1.000000
1.000000 0.000000 0.000000 -0.000000 0.000000 0.903533 0.428518 -0.038776 0.000000 -0.428518 0.903533 0.002253 0.000000 0.000000 0.000000 1.000000
1.000000 0.000000 0.000000 -0.000000 0.000000 0.903533 0.428518 -0.038776 0.000000 -0.428518 0.903533 0.002253 0.000000 0.000000 0.000000 1.000000
1.000000 0.000000 0.000000 -0.000000 0.000000 0.903533 0.428518 -0.038776 0.000000 -0.428518 0.903533 0.002253 0.000000 0.000000 0.000000 1.000000
1.000000 0.000000 0.000000 -0.000000 0.000000 0.903533 0.428518 -0.038776 0.000000 -0.428518 0.903533 0.002253 0.000000 0.000000 0.000000 1.000000
1.000000 0.000000 0.000000 -0.000000 0.000000 0.903533 0.428518 -0.038776 0.000000 -0.428518 0.903533 0.002253 0.000000 0.000000 0.000000 1.000000
1.000000 0.000000 0.000000 -0.000000 0.000000 0.903533 0.428518 -0.038776 0.000000 -0.428518 0.903533 0.002253 0.000000 0.000000 0.000000 1.000000
1.000000 0.000000 0.000000 -0.000000 0.000000 0.903533 0.428518 -0.038776 0.000000 -0.428518 0.903533 0.002253 0.000000 0.000000 0.000000 1.000000
1.000000 0.000000 0.000000 -0.000000 0.000000 0.903533 0.428518 -0.038776 0.000000 -0.428518 0.903533 0.002253 0.000000 0.000000 0.000000 1.000000
1.000000 0.000000 0.000000 -0.000000 0.000000 0.903533 0.428518 -0.038776 0.000000 -0.428518 0.903533 0.002253 0.000000 0.000000 0.000000 1.000000
1.000000 0.000000 0.000000 -0.000000 0.000000 0.903533 0.428518 -0.038776 0.000000 -0.428518 0.903533 0.002253 0.000000 0.000000 0.000000 1.000000
1.000000 0.000000 0.000000 -0.000000 0.000000 0.903533 0.428518 -0.038776 0.000000 -0.428518 0.903533 0.002253 0.000000 0.000000 0.000000 1.000000
1.000000 0.000000 0.000000 -0.000000 0.000000 0.903533 0.428518 -0.038776 0.000000 -0.428518 0.903533 0.002253 0.000000 0.000000 0.000000 1.000000
1.000000 0.000000 0.000000 -0.000000 0.000000 0.903533 0.428518 -0.038776 0.000000 -0.428518 0.903533 0.002253 0.000000 0.000000 0.000000 1.000000
1.000000 0.000000 0.000000 -0.000000 0.000000 0.903533 0.428518 -0.038776 0.000000 -0.428518 0.903533 0.002253 0.000000 0.000000 0.000000 1.000000
1.000000 0.000000 0.000000 -0.000000 0.000000 0.903533 0.428518 -0.038776 0.000000 -0.428518 0.903533 0.002253 0.000000 0.000000 0.000000 1.000000
1.000000 0.000000 0.000000 -0.000000 0.000000 0.903533 0.428518 -0.038776 0.000000 -0.428518 0.903533 0.002253 0.000000 0.000000 0.000000 1.000000
1.000000 0.000000 0.000000 -0.000000 0.000000 0.903533 0.428518 -0.038776 0.000000 -0.428518 0.903533 0.002253 0.000000 0.000000 0.000000 1.000000
1.000000 0.000000 0.000000 -0.000000 0.000000 0.903533 0.428518 -0.038776 0.000000 -0.428518 0.903533 0.002253 0.000000 0.000000 0.000000 1.000000
1.000000 0.000000 0.000000 -0.000000 0.000000 0.903533 0.428518 -0.038776 0.000000 -0.428518 0.903533 0.002253 0.000000 0.000000 0.000000 1.000000
1.000000 0.000000 0.000000 -0.000000 0.000000 0.903533 0.428518 -0.038776 0.000000 -0.428518 0.903533 0.002253 0.000000 0.000000 0.000000 1.000000
1.000000 0.000000 0.000000 -0.000000 0.000000 0.903533 0.428518 -0.038776 0.000000 -0.428518 0.903533 0.002253 0.000000 0.000000 0.000000 1.000000
1.000000 0.000000 0.000000 -0.000000 0.000000 0.903533 0.428518 -0.038776 0.000000 -0.428518 0.903533 0.002253 0.000000 0.000000 0.000000 1.000000
1.000000 0.000000 0.000000 -0.000000 0.000000 0.903533 0.428518 -0.038776 0.000000 -0.428518 0.903533 0.002253 0.000000 0.000000 0.000000 1.000000
1.000000 0.000000 0.000000 -0.000000 0.000000 0.903533 0.428518 -0.038776 0.000000 -0.428518 0.903533 0.002253 0.000000 0.000000 0.000000 1.000000
1.000000 0.000000 0.000000 -0.000000 0.000000 0.903533 0.428518 -0.038776 0.000000 -0.428518 0.903533 0.002253 0.000000 0.000000 0.000000 1.000000
1.000000 0.000000 0.000000 -0.000000 0.000000 0.903533 0.428518 -0.038776 0.000000 -0.428518 0.903533 0.002253 0.000000 0.000000 0.000000 1.000000
1.000000 0.000000 0.000000 -0.000000 0.000000 0.903533 0.428518 -0.038776 0.000000 -0.428518 0.903533 0.002253 0.000000 0.000000 0.000000 1.000000
1.000000 0.000000 0.000000 -0.000000 0.000000 0.903533 0.428518 -0.038776 0.000000 -0.428518 0.903533 0.002253 0.000000 0.000000 0.000000 1.000000
1.000000 0.000000 0.000000 -0.000000 0.000000 0.903533 0.428518 -0.038776 0.000000 -0.428518 0.903533 0.002253 0.000000 0.000000 0.000000 1.000000
1.000000 0.000000 0.000000 -0.000000 0.000000 0.903533 0.428518 -0.038776 0.000000 -0.428518 0.903533 0.002253 0.000000 0.000000 0.000000 1.000000
1.000000 0.000000 0.000000 -0.000000 0.000000 0.903533 0.428518 -0.038776 0.000000 -0.428518 0.903533 0.002253 0.000000 0.000000 0.000000 1.000000
1.000000 0.000000 0.000000 -0.000000 0.000000 0.903533 0.428518 -0.038776 0.000000 -0.428518 0.903533 0.002253 0.000000 0.000000 0.000000 1.000000
1.000000 0.000000 0.000000 -0.000000 0.000000 0.903533 0.428518 -0.038776 0.000000 -0.428518 0.903533 0.002253 0.000000 0.000000 0.000000 1.000000
1.000000 0.000000 0.000000 -0.000000 0.000000 0.903533 0.428518 -0.038776 0.000000 -0.428518 0.903533 0.002253 0.000000 0.000000 0.000000 1.000000
1.000000 0.000000 0.000000 -0.000000 0.000000 0.903533 0.428518 -0.038776 0.000000 -0.428518 0.903533 0.002253 0.000000 0.000000 0.000000 1.000000
1.000000 0.000000 0.000000 -0.000000 0.000000 0.903533 0.428518 -0.038776 0.000000 -0.428518 0.903533 0.002253 0.000000 0.000000 0.000000 1.000000
1.000000 0.000000 0.000000 -0.000000 0.000000 0.903533 0.428518 -0.038776 0.000000 -0.428518 0.903533 0.002253 0.000000 0.000000 0.000000 1.000000
1.000000 0.000000 0.000000 -0.000000 0.000000 0.903533 0.428518 -0.038776 0.000000 -0.428518 0.903533 0.002253 0.000000 0.000000 0.000000 1.000000
1.000000 0.000000 0.000000 -0.000000 0.000000 0.903533 0.428518 -0.038776 0.000000 -0.428518 0.903533 0.002253 0.000000 0.000000 0.000000 1.000000
1.000000 0.000000 0.000000 -0.000000 0.000000 0.903533 0.428518 -0.038776 0.000000 -0.428518 0.903533 0.002253 0.000000 0.000000 0.000000 1.000000
1.000000 0.000000 0.000000 -0.000000 0.000000 0.903533 0.428518 -0.038776 0.000000 -0.428518 0.903533 0.002253 0.000000 0.000000 0.000000 1.000000
1.000000 0.000000 0.000000 -0.000000 0.000000 0.903533 0.428518 -0.038776 0.000000 -0.428518 0.903533 0.002253 0.000000 0.000000 0.000000 1.000000
1.000000 0.000000 0.000000 -0.000000 0.000000 0.903533 0.428518 -0.038776 0.000000 -0.428518 0.903533 0.002253 0.000000 0.000000 0.000000 1.000000
1.000000 0.000000 0.000000 -0.000000 0.000000 0.903533 0.428518 -0.038776 0.000000 -0.428518 0.903533 0.002253 0.000000 0.000000 0.000000 1.000000
1.000000 0.000000 0.000000 -0.000000 0.000000 0.903533 0.428518 -0.038776 0.000000 -0.428518 0.903533 0.002253 0.000000 0.000000 0.000000 1.000000
1.000000 0.000000 0.000000 -0.000000 0.000000 0.903533 0.428518 -0.038776 0.000000 -0.428518 0.903533 0.002253 0.000000 0.000000 0.000000 1.000000
1.000000 0.000000 0.000000 -0.000000 0.000000 0.903533 0.428518 -0.038776 0.000000 -0.428518 0.903533 0.002253 0.000000 0.000000 0.000000 1.000000
1.000000 0.000000 0.000000 -0.000000 0.000000 0.903533 0.428518 -0.038776 0.000000 -0.428518 0.903533 0.002253 0.000000 0.000000 0.000000 1.000000
1.000000 0.000000 0.000000 -0.000000 0.000000 0.903533 0.428518 -0.038776 0.000000 -0.428518 0.903533 0.002253 0.000000 0.000000 0.000000 1.000000
1.000000 0.000000 0.000000 -0.000000 0.000000 0.903533 0.428518 -0.038776 0.000000 -0.428518 0.903533 0.002253 0.000000 0.000000 0.000000 1.000000
1.000000 0.000000 0.000000 -0.000000 0.000000 0.903533 0.428518 -0.038776 0.000000 -0.428518 0.903533 0.002253 0.000000 0.000000 0.000000 1.000000
1.000000 0.000000 0.000000 -0.000000 0.000000 0.903533 0.428518 -0.038776 0.000000 -0.428518 0.903533 0.002253 0.000000 0.000000 0.000000 1.000000
1.000000 0.000000 0.000000 -0.000000 0.000000 0.903533 0.428518 -0.038776 0.000000 -0.428518 0.903533 0.002253 0.000000 0.000000 0.000000 1.000000
1.000000 0.000000 0.000000 -0.000000 0.000000 0.903533 0.428518 -0.038776 0.000000 -0.428518 0.903533 0.002253 0.000000 0.000000 0.000000 1.000000
1.000000 0.000000 0.000000 -0.000000 0.000000 1.000000 0.000000 -0.038776 0.000000 0.000000 1.000000 0.002253 0.000000 0.000000 0.000000 1.000000</float_array><technique_common><accessor source="#hips-Matrix-animation-output-transform-array" count="56" stride="16"><param type="float4x4"/></accessor></technique_common></source><source id="hips-Interpolations"><Name_array id="hips-Interpolations-array" count="56">
 LINEAR LINEAR LINEAR LINEAR LINEAR LINEAR LINEAR LINEAR LINEAR LINEAR LINEAR
LINEAR LINEAR LINEAR LINEAR LINEAR LINEAR LINEAR LINEAR LINEAR LINEAR LINEAR LINEAR
LINEAR LINEAR LINEAR LINEAR LINEAR LINEAR LINEAR LINEAR LINEAR LINEAR LINEAR LINEAR
LINEAR LINEAR LINEAR LINEAR LINEAR LINEAR LINEAR LINEAR LINEAR LINEAR LINEAR LINEAR
LINEAR LINEAR LINEAR LINEAR LINEAR LINEAR LINEAR LINEAR LINEAR</Name_array><technique_common><accessor source="#hips-Interpolations-array" count="56"><param type="name"/></accessor></technique_common></source><sampler id="hips-Matrix-animation-transform"><input semantic="INPUT" source="#hips-Matrix-animation-input"/><input semantic="OUTPUT" source="#hips-Matrix-animation-output-transform"/><input semantic="INTERPOLATION" source="#hips-Interpolations"/></sampler><channel source="#hips-Matrix-animation-transform" target="hips/matrix"/></animation><animation><source id="hips-visibility-animation-input"><float_array id="hips-visibility-animation-input-array" count="55">

0.033333 0.066667 0.100000 0.133333 0.166667 0.200000 0.233333 0.266667 0.300000 0.333333 0.366667 0.400000 0.433333 0.466667 0.500000 0.533333
0.566667 0.600000 0.633333 0.666667 0.700000 0.733333 0.766667 0.800000 0.833333 0.866667 0.900000 0.933333 0.966667 1.000000 1.033333 1.066667
1.100000 1.133333 1.166667 1.200000 1.233333 1.266667 1.300000 1.333333 1.366667 1.400000 1.433333 1.466667 1.500000 1.533333 1.566667 1.600000
1.633333 1.666667 1.700000 1.733333 1.766667 1.800000 1.833333</float_array><technique_common><accessor source="#hips-visibility-animation-input-array" count="55"><param name="TIME" type="float"/></accessor></technique_common></source><source id="hips-visibility-animation-output"><float_array id="hips-visibility-animation-output-array" count="55">

1.000000 1.000000 1.000000 1.000000 1.000000 1.000000 1.000000 1.000000 1.000000 1.000000 1.000000 1.000000 1.000000 1.000000 1.000000 1.000000
1.000000 1.000000 1.000000 1.000000 1.000000 1.000000 1.000000 1.000000 1.000000 1.000000 1.000000 1.000000 1.000000 1.000000 1.000000 1.000000
1.000000 1.000000 1.000000 1.000000 1.000000 1.000000 1.000000 1.000000 1.000000 1.000000 1.000000 1.000000 1.000000 1.000000 1.000000 1.000000
1.000000 1.000000 1.000000 1.000000 1.000000 1.000000 1.000000</float_array><technique_common><accessor source="#hips-visibility-animation-output-array" count="55"><param type="float"/></accessor></technique_common></source><source id="hips-visibility-animation-intan"><float_array id="hips-visibility-animation-intan-array" count="55">

0.000000 0.000000 0.000000 0.000000 0.000000 0.000000 0.000000 0.000000 0.000000 0.000000 0.000000 0.000000 0.000000 0.000000 0.000000 0.000000
0.000000 0.000000 0.000000 0.000000 0.000000 0.000000 0.000000 0.000000 0.000000 0.000000 0.000000 0.000000 0.000000 0.000000 0.000000 0.000000
0.000000 0.000000 0.000000 0.000000 0.000000 0.000000 0.000000 0.000000 0.000000 0.000000 0.000000 0.000000 0.000000 0.000000 0.000000 0.000000
0.000000 0.000000 0.000000 0.000000 0.000000 0.000000 0.000000</float_array><technique_common><accessor source="#hips-visibility-animation-intan-array" count="55"><param type="float"/></accessor></technique_common></source><source id="hips-visibility-animation-outtan"><float_array id="hips-visibility-animation-outtan-array" count="55">

0.000000 0.000000 0.000000 0.000000 0.000000 0.000000 0.000000 0.000000 0.000000 0.000000 0.000000 0.000000 0.000000 0.000000 0.000000 0.000000
0.000000 0.000000 0.000000 0.000000 0.000000 0.000000 0.000000 0.000000 0.000000 0.000000 0.000000 0.000000 0.000000 0.000000 0.000000 0.000000
0.000000 0.000000 0.000000 0.000000 0.000000 0.000000 0.000000 0.000000 0.000000 0.000000 0.000000 0.000000 0.000000 0.000000 0.000000 0.000000
0.000000 0.000000 0.000000 0.000000 0.000000 0.000000 0.000000</float_array><technique_common><accessor source="#hips-visibility-animation-outtan-array" count="55"><param type="float"/></accessor></technique_common></source><source id="hips-visibility-animation-interpolation"><Name_array id="hips-visibility-animation-interpolation-array" count="55">
 BEZIER BEZIER BEZIER BEZIER BEZIER BEZIER BEZIER BEZIER BEZIER BEZIER BEZIER
BEZIER BEZIER BEZIER BEZIER BEZIER BEZIER BEZIER BEZIER BEZIER BEZIER BEZIER BEZIER
BEZIER BEZIER BEZIER BEZIER BEZIER BEZIER BEZIER BEZIER BEZIER BEZIER BEZIER BEZIER
BEZIER BEZIER BEZIER BEZIER BEZIER BEZIER BEZIER BEZIER BEZIER BEZIER BEZIER BEZIER
BEZIER BEZIER BEZIER BEZIER BEZIER BEZIER BEZIER BEZIER</Name_array><technique_common><accessor source="#hips-visibility-animation-interpolation-array" count="55"><param type="name"/></accessor></technique_common></source><sampler id="hips-visibility-animation"><input semantic="INPUT" source="#hips-visibility-animation-input"/><input semantic="OUTPUT" source="#hips-visibility-animation-output"/><input semantic="IN_TANGENT" source="#hips-visibility-animation-intan"/><input semantic="OUT_TANGENT" source="#hips-visibility-animation-outtan"/><input semantic="INTERPOLATION" source="#hips-visibility-animation-interpolation"/></sampler><channel source="#hips-visibility-animation" target="hips/visibility"/></animation></animation>
    <animation id="tentacleBase-anim" name="tentacleBase"><animation><source id="tentacleBase-Matrix-animation-input"><float_array id="tentacleBase-Matrix-animation-input-array" count="56">

0.033333 0.066667 0.100000 0.133333 0.166667 0.200000 0.233333 0.266667 0.300000 0.333333 0.366667 0.400000 0.433333 0.466667 0.500000 0.533333
0.566667 0.600000 0.633333 0.666667 0.700000 0.733333 0.766667 0.800000 0.833333 0.866667 0.900000 0.933333 0.966667 1.000000 1.033333 1.066667
1.100000 1.133333 1.166667 1.200000 1.233333 1.266667 1.300000 1.333333 1.366667 1.400000 1.433333 1.466667 1.500000 1.533333 1.566667 1.600000
1.633333 1.666667 1.700000 1.733333 1.766667 1.800000 1.833333 1.866667</float_array><technique_common><accessor source="#tentacleBase-Matrix-animation-input-array" count="56"><param name="TIME" type="float"/></accessor></technique_common></source><source id="tentacleBase-Matrix-animation-output-transform"><float_array id="tentacleBase-Matrix-animation-output-transform-array" count="896">

1.000000 0.000000 0.000000 0.000000 0.000000 0.967002 0.254770 -0.158964 0.000000 -0.254770 0.967002 -0.007975 0.000000 0.000000 0.000000 1.000000
1.000000 0.000008 0.000007 0.000000 -0.000010 0.967745 0.251932 -0.158964 -0.000005 -0.251932 0.967745 -0.007975 0.000000 0.000000 0.000000 1.000000
1.000000 0.000033 0.000028 0.000000 -0.000039 0.968550 0.248819 -0.158964 -0.000018 -0.248819 0.968550 -0.007975 0.000000 0.000000 0.000000 1.000000
1.000000 0.000072 0.000060 0.000000 -0.000085 0.969398 0.245493 -0.158964 -0.000040 -0.245493 0.969398 -0.007975 0.000000 0.000000 0.000000 1.000000
1.000000 0.000125 0.000103 0.000000 -0.000146 0.970272 0.242017 -0.158964 -0.000069 -0.242017 0.970272 -0.007975 0.000000 0.000000 0.000000 1.000000
1.000000 0.000190 0.000155 0.000000 -0.000222 0.971154 0.238455 -0.158964 -0.000105 -0.238455 0.971154 -0.007975 0.000000 0.000000 0.000000 1.000000
1.000000 0.000266 0.000215 0.000000 -0.000309 0.972027 0.234868 -0.158964 -0.000147 -0.234868 0.972027 -0.007975 0.000000 0.000000 0.000000 1.000000
1.000000 0.000351 0.000282 0.000000 -0.000407 0.972878 0.231320 -0.158964 -0.000193 -0.231320 0.972878 -0.007975 0.000000 0.000000 0.000000 1.000000
1.000000 0.000444 0.000354 0.000000 -0.000513 0.973691 0.227874 -0.158964 -0.000243 -0.227874 0.973691 -0.007975 0.000000 0.000000 0.000000 1.000000
1.000000 0.000543 0.000430 0.000000 -0.000626 0.974452 0.224594 -0.158964 -0.000297 -0.224594 0.974452 -0.007975 0.000000 0.000000 0.000000 1.000000
1.000000 0.000647 0.000509 0.000000 -0.000744 0.975150 0.221544 -0.158964 -0.000353 -0.221544 0.975150 -0.007975 0.000000 0.000000 0.000000 1.000000
1.000000 0.000755 0.000590 0.000000 -0.000865 0.975772 0.218787 -0.158964 -0.000410 -0.218788 0.975772 -0.007975 0.000000 0.000000 0.000000 1.000000
0.999999 0.000864 0.000672 0.000000 -0.000989 0.976307 0.216389 -0.158964 -0.000469 -0.216389 0.976307 -0.007975 0.000000 0.000000 0.000000 1.000000
0.999999 0.000973 0.000754 0.000000 -0.001112 0.976743 0.214411 -0.158964 -0.000527 -0.214412 0.976743 -0.007975 0.000000 0.000000 0.000000 1.000000
0.999999 0.001081 0.000834 0.000000 -0.001234 0.977069 0.212920 -0.158964 -0.000585 -0.212921 0.977069 -0.007975 0.000000 0.000000 0.000000 1.000000
0.999999 0.001185 0.000913 0.000000 -0.001352 0.977273 0.211978 -0.158964 -0.000641 -0.211979 0.977274 -0.007975 0.000000 0.000000 0.000000 1.000000
0.999999 0.001285 0.000989 0.000000 -0.001465 0.977344 0.211650 -0.158964 -0.000695 -0.211652 0.977345 -0.007975 0.000000 0.000000 0.000000 1.000000
0.999998 0.001377 0.001061 0.000000 -0.001571 0.977278 0.211956 -0.158964 -0.000745 -0.211958 0.977279 -0.007975 0.000000 0.000000 0.000000 1.000000
0.999998 0.001462 0.001128 0.000000 -0.001668 0.977086 0.212839 -0.158964 -0.000791 -0.212841 0.977087 -0.007975 0.000000 0.000000 0.000000 1.000000
0.999998 0.001537 0.001189 0.000000 -0.001756 0.976778 0.214246 -0.158964 -0.000833 -0.214248 0.976779 -0.007975 0.000000 0.000000 0.000000 1.000000
0.999998 0.001600 0.001244 0.000000 -0.001831 0.976364 0.216125 -0.158964 -0.000868 -0.216127 0.976365 -0.007975 0.000000 0.000000 0.000000 1.000000
0.999998 0.001651 0.001289 0.000000 -0.001892 0.975853 0.218422 -0.158964 -0.000898 -0.218424 0.975854 -0.007975 0.000000 0.000000 0.000000 1.000000
0.999998 0.001687 0.001325 0.000000 -0.001938 0.975253 0.221084 -0.158964 -0.000919 -0.221086 0.975254 -0.007975 0.000000 0.000000 0.000000 1.000000
0.999998 0.001708 0.001350 0.000000 -0.001967 0.974574 0.224058 -0.158964 -0.000933 -0.224061 0.974575 -0.007975 0.000000 0.000000 0.000000 1.000000
0.999998 0.001712 0.001363 0.000000 -0.001977 0.973825 0.227292 -0.158964 -0.000938 -0.227294 0.973826 -0.007975 0.000000 0.000000 0.000000 1.000000
0.999998 0.001708 0.001369 0.000000 -0.001977 0.973015 0.230733 -0.158964 -0.000938 -0.230735 0.973016 -0.007975 0.000000 0.000000 0.000000 1.000000
0.999998 0.001703 0.001375 0.000000 -0.001977 0.972156 0.234326 -0.158964 -0.000938 -0.234329 0.972157 -0.007975 0.000000 0.000000 0.000000 1.000000
0.999998 0.001697 0.001382 0.000000 -0.001977 0.971258 0.238021 -0.158964 -0.000938 -0.238024 0.971259 -0.007975 0.000000 0.000000 0.000000 1.000000
0.999998 0.001692 0.001388 0.000000 -0.001977 0.970333 0.241765 -0.158964 -0.000938 -0.241767 0.970334 -0.007975 0.000000 0.000000 0.000000 1.000000
0.999998 0.001687 0.001395 0.000000 -0.001977 0.969393 0.245505 -0.158964 -0.000938 -0.245507 0.969394 -0.007975 0.000000 0.000000 0.000000 1.000000
0.999998 0.001681 0.001401 0.000000 -0.001977 0.968453 0.249190 -0.158964 -0.000938 -0.249192 0.968454 -0.007975 0.000000 0.000000 0.000000 1.000000
0.999998 0.001676 0.001407 0.000000 -0.001977 0.967525 0.252767 -0.158964 -0.000938 -0.252769 0.967526 -0.007975 0.000000 0.000000 0.000000 1.000000
0.999998 0.001671 0.001413 0.000000 -0.001977 0.966626 0.256184 -0.158964 -0.000938 -0.256187 0.966627 -0.007975 0.000000 0.000000 0.000000 1.000000
0.999998 0.001666 0.001419 0.000000 -0.001977 0.965770 0.259392 -0.158964 -0.000938 -0.259394 0.965771 -0.007975 0.000000 0.000000 0.000000 1.000000
0.999998 0.001662 0.001424 0.000000 -0.001977 0.964974 0.262337 -0.158964 -0.000938 -0.262339 0.964975 -0.007975 0.000000 0.000000 0.000000 1.000000
0.999998 0.001658 0.001428 0.000000 -0.001977 0.964255 0.264969 -0.158964 -0.000938 -0.264972 0.964256 -0.007975 0.000000 0.000000 0.000000 1.000000
0.999998 0.001655 0.001432 0.000000 -0.001977 0.963629 0.267238 -0.158964 -0.000938 -0.267240 0.963630 -0.007975 0.000000 0.000000 0.000000 1.000000
0.999998 0.001652 0.001435 0.000000 -0.001977 0.963113 0.269091 -0.158964 -0.000938 -0.269093 0.963114 -0.007975 0.000000 0.000000 0.000000 1.000000
0.999998 0.001650 0.001438 0.000000 -0.001977 0.962724 0.270478 -0.158964 -0.000938 -0.270480 0.962725 -0.007975 0.000000 0.000000 0.000000 1.000000
0.999998 0.001649 0.001439 0.000000 -0.001977 0.962479 0.271348 -0.158964 -0.000938 -0.271350 0.962480 -0.007975 0.000000 0.000000 0.000000 1.000000
0.999998 0.001648 0.001440 0.000000 -0.001977 0.962394 0.271649 -0.158964 -0.000938 -0.271651 0.962395 -0.007975 0.000000 0.000000 0.000000 1.000000
0.999998 0.001648 0.001439 0.000000 -0.001977 0.962435 0.271505 -0.158964 -0.000938 -0.271507 0.962436 -0.007975 0.000000 0.000000 0.000000 1.000000
0.999998 0.001649 0.001439 0.000000 -0.001977 0.962552 0.271090 -0.158964 -0.000938 -0.271093 0.962553 -0.007975 0.000000 0.000000 0.000000 1.000000
0.999998 0.001650 0.001438 0.000000 -0.001977 0.962736 0.270437 -0.158964 -0.000938 -0.270439 0.962737 -0.007975 0.000000 0.000000 0.000000 1.000000
0.999998 0.001651 0.001436 0.000000 -0.001977 0.962978 0.269573 -0.158964 -0.000938 -0.269575 0.962979 -0.007975 0.000000 0.000000 0.000000 1.000000
0.999998 0.001653 0.001434 0.000000 -0.001977 0.963269 0.268529 -0.158964 -0.000938 -0.268531 0.963270 -0.007975 0.000000 0.000000 0.000000 1.000000
0.999998 0.001655 0.001432 0.000000 -0.001977 0.963601 0.267335 -0.158964 -0.000938 -0.267338 0.963602 -0.007975 0.000000 0.000000 0.000000 1.000000
0.999998 0.001657 0.001430 0.000000 -0.001977 0.963965 0.266021 -0.158964 -0.000938 -0.266024 0.963966 -0.007975 0.000000 0.000000 0.000000 1.000000
0.999998 0.001659 0.001428 0.000000 -0.001977 0.964352 0.264617 -0.158964 -0.000938 -0.264619 0.964353 -0.007975 0.000000 0.000000 0.000000 1.000000
0.999998 0.001661 0.001425 0.000000 -0.001977 0.964753 0.263151 -0.158964 -0.000938 -0.263154 0.964753 -0.007975 0.000000 0.000000 0.000000 1.000000
0.999998 0.001663 0.001423 0.000000 -0.001977 0.965159 0.261656 -0.158964 -0.000938 -0.261658 0.965160 -0.007975 0.000000 0.000000 0.000000 1.000000
0.999998 0.001665 0.001420 0.000000 -0.001977 0.965564 0.260159 -0.158964 -0.000938 -0.260161 0.965565 -0.007975 0.000000 0.000000 0.000000 1.000000
0.999998 0.001667 0.001417 0.000000 -0.001977 0.965958 0.258692 -0.158964 -0.000938 -0.258694 0.965959 -0.007975 0.000000 0.000000 0.000000 1.000000
0.999998 0.001670 0.001415 0.000000 -0.001977 0.966334 0.257284 -0.158964 -0.000938 -0.257287 0.966335 -0.007975 0.000000 0.000000 0.000000 1.000000
0.999998 0.001671 0.001413 0.000000 -0.001977 0.966684 0.255967 -0.158964 -0.000938 -0.255969 0.966685 -0.007975 0.000000 0.000000 0.000000 1.000000
1.000000 0.000000 0.000000 0.000000 0.000000 1.000000 0.000000 -0.158964 0.000000 0.000000 1.000000 -0.007975 0.000000 0.000000 0.000000 1.000000</float_array><technique_common><accessor source="#tentacleBase-Matrix-animation-output-transform-array" count="56" stride="16"><param type="float4x4"/></accessor></technique_common></source><source id="tentacleBase-Interpolations"><Name_array id="tentacleBase-Interpolations-array" count="56">
 LINEAR LINEAR LINEAR LINEAR LINEAR LINEAR LINEAR LINEAR LINEAR LINEAR LINEAR
LINEAR LINEAR LINEAR LINEAR LINEAR LINEAR LINEAR LINEAR LINEAR LINEAR LINEAR LINEAR
LINEAR LINEAR LINEAR LINEAR LINEAR LINEAR LINEAR LINEAR LINEAR LINEAR LINEAR LINEAR
LINEAR LINEAR LINEAR LINEAR LINEAR LINEAR LINEAR LINEAR LINEAR LINEAR LINEAR LINEAR
LINEAR LINEAR LINEAR LINEAR LINEAR LINEAR LINEAR LINEAR LINEAR</Name_array><technique_common><accessor source="#tentacleBase-Interpolations-array" count="56"><param type="name"/></accessor></technique_common></source><sampler id="tentacleBase-Matrix-animation-transform"><input semantic="INPUT" source="#tentacleBase-Matrix-animation-input"/><input semantic="OUTPUT" source="#tentacleBase-Matrix-animation-output-transform"/><input semantic="INTERPOLATION" source="#tentacleBase-Interpolations"/></sampler><channel source="#tentacleBase-Matrix-animation-transform" target="tentacleBase/matrix"/></animation><animation><source id="tentacleBase-visibility-animation-input"><float_array id="tentacleBase-visibility-animation-input-array" count="55">

0.033333 0.066667 0.100000 0.133333 0.166667 0.200000 0.233333 0.266667 0.300000 0.333333 0.366667 0.400000 0.433333 0.466667 0.500000 0.533333
0.566667 0.600000 0.633333 0.666667 0.700000 0.733333 0.766667 0.800000 0.833333 0.866667 0.900000 0.933333 0.966667 1.000000 1.033333 1.066667
1.100000 1.133333 1.166667 1.200000 1.233333 1.266667 1.300000 1.333333 1.366667 1.400000 1.433333 1.466667 1.500000 1.533333 1.566667 1.600000
1.633333 1.666667 1.700000 1.733333 1.766667 1.800000 1.833333</float_array><technique_common><accessor source="#tentacleBase-visibility-animation-input-array" count="55"><param name="TIME" type="float"/></accessor></technique_common></source><source id="tentacleBase-visibility-animation-output"><float_array id="tentacleBase-visibility-animation-output-array" count="55">

1.000000 1.000000 1.000000 1.000000 1.000000 1.000000 1.000000 1.000000 1.000000 1.000000 1.000000 1.000000 1.000000 1.000000 1.000000 1.000000
1.000000 1.000000 1.000000 1.000000 1.000000 1.000000 1.000000 1.000000 1.000000 1.000000 1.000000 1.000000 1.000000 1.000000 1.000000 1.000000
1.000000 1.000000 1.000000 1.000000 1.000000 1.000000 1.000000 1.000000 1.000000 1.000000 1.000000 1.000000 1.000000 1.000000 1.000000 1.000000
1.000000 1.000000 1.000000 1.000000 1.000000 1.000000 1.000000</float_array><technique_common><accessor source="#tentacleBase-visibility-animation-output-array" count="55"><param type="float"/></accessor></technique_common></source><source id="tentacleBase-visibility-animation-intan"><float_array id="tentacleBase-visibility-animation-intan-array" count="55">

