<?xml version="1.0" encoding="utf-8"?>
<COLLADA xmlns="http://www.collada.org/2005/11/COLLADASchema" version="1.4.1">
  <asset><contributor><author></author><authoring_tool>FBX COLLADA exporter</authoring_tool><comments></comments></contributor><created>2014-07-10T16:01:02Z</created><keywords></keywords><modified>2014-07-10T16:01:02Z</modified><revision></revision><subject></subject><title></title><unit meter="0.010000" name="centimeter"></unit><up_axis>Y_UP</up_axis></asset>
  <library_animations>
    <animation id="root-anim" name="root"><animation><source id="root-Matrix-animation-input"><float_array id="root-Matrix-animation-input-array" count="56">

0.033333 0.066667 0.100000 0.133333 0.166667 0.200000 0.233333 0.266667 0.300000 0.333333 0.366667 0.400000 0.433333 0.466667 0.500000 0.533333
0.566667 0.600000 0.633333 0.666667 0.700000 0.733333 0.766667 0.800000 0.833333 0.866667 0.900000 0.933333 0.966667 1.000000 1.033333 1.066667
1.100000 1.133333 1.166667 1.200000 1.233333 1.266667 1.300000 1.333333 1.366667 1.400000 1.433333 1.466667 1.500000 1.533333 1.566667 1.600000
1.633333 1.666667 1.700000 1.733333 1.766667 1.800000 1.833333 1.866667</float_array><technique_common><accessor source="#root-Matrix-animation-input-array" count="56"><param name="TIME" type="float"/></accessor></technique_common></source><source id="root-Matrix-animation-output-transform"><float_array id="root-Matrix-animation-output-transform-array" count="896">

1.000000 0.000000 0.000000 -0.000000 0.000000 1.000000 0.000000 0.067787 0.000000 0.000000 1.000000 0.118562 0.000000 0.000000 0.000000 1.000000
0.999971 0.006369 -0.004187 0.005804 -0.006267 0.999694 0.023909 0.069043 0.004338 -0.023882 0.999705 0.095389 0.000000 0.000000 0.000000 1.000000
0.999616 0.024075 -0.013723 0.021407 -0.022788 0.995923 0.087284 0.072353 0.015769 -0.086938 0.996089 0.033075 0.000000 0.000000 0.000000 1.000000
0.998426 0.051040 -0.023258 0.044094 -0.046134 0.983121 0.177045 0.077033 0.031902 -0.175693 0.983928 -0.057570 0.000000 0.000000 0.000000 1.000000
0.996071 0.083993 -0.028056 0.071155 -0.072867 0.957432 0.279309 0.082399 0.050322 -0.276168 0.959791 -0.165751 0.000000 0.000000 0.000000 1.000000
0.992665 0.118121 -0.025778 0.099869 -0.099545 0.919528 0.380209 0.087763 0.068614 -0.374854 0.924541 -0.280631 0.000000 0.000000 0.000000 1.000000
0.988838 0.147971 -0.017425 0.127525 -0.122760 0.875418 0.467519 0.092443 0.084433 -0.460161 0.883811 -0.391414 0.000000 0.000000 0.000000 1.000000
0.985654 0.168630 -0.007014 0.151409 -0.139140 0.835401 0.531739 0.095754 0.095527 -0.523135 0.846879 -0.487290 0.000000 0.000000 0.000000 1.000000
0.984344 0.176259 -0.000000 0.168806 -0.145344 0.811694 0.565709 0.097009 0.099711 -0.556853 0.824605 -0.557451 0.000000 0.000000 0.000000 1.000000
0.984397 0.175924 0.003717 0.181213 -0.145099 0.799599 0.582742 0.083903 0.099546 -0.574188 0.812649 -0.605825 0.000000 0.000000 0.000000 1.000000
0.984551 0.174938 0.007430 0.191967 -0.144379 0.787098 0.599693 0.048494 0.099061 -0.591501 0.800196 -0.644691 0.000000 0.000000 0.000000 1.000000
0.984802 0.173345 0.010822 0.201120 -0.143208 0.775170 0.615307 -0.003353 0.098271 -0.607505 0.788213 -0.675759 0.000000 0.000000 0.000000 1.000000
0.985140 0.171213 0.013596 0.208723 -0.141607 0.764890 0.628404 -0.065784 0.097192 -0.620991 0.777768 -0.700746 0.000000 0.000000 0.000000 1.000000
0.985559 0.168621 0.015473 0.214825 -0.139599 0.757399 0.637855 -0.132919 0.095837 -0.630804 0.770001 -0.721359 0.000000 0.000000 0.000000 1.000000
0.986051 0.165653 0.016210 0.219478 -0.137208 0.753855 0.642555 -0.198901 0.094221 -0.635816 0.766068 -0.739313 0.000000 0.000000 0.000000 1.000000
0.986606 0.162374 0.015594 0.222731 -0.134455 0.755371 0.641355 -0.257867 0.092360 -0.634861 0.767086 -0.756320 0.000000 0.000000 0.000000 1.000000
0.987216 0.158819 0.013453 0.224635 -0.131363 0.762932 0.632992 -0.303952 0.090267 -0.626667 0.774042 -0.774094 0.000000 0.000000 0.000000 1.000000
0.987872 0.154971 0.009655 0.225242 -0.127955 0.777282 0.616003 -0.331293 0.087958 -0.609768 0.787684 -0.794347 0.000000 0.000000 0.000000 1.000000
0.988565 0.150748 0.003864 0.224374 -0.124253 0.799764 0.587314 -0.341305 0.085447 -0.581078 0.809350 -0.817322 0.000000 0.000000 0.000000 1.000000
0.989285 0.145948 -0.003683 0.221940 -0.120280 0.829074 0.546049 -0.340716 0.082748 -0.539755 0.837745 -0.841550 0.000000 0.000000 0.000000 1.000000
0.990025 0.140358 -0.012233 0.218128 -0.116058 0.861683 0.493996 -0.331634 0.079877 -0.487649 0.869378 -0.866160 0.000000 0.000000 0.000000 1.000000
0.990776 0.133861 -0.021071 0.213121 -0.111611 0.894302 0.433321 -0.316167 0.076849 -0.426973 0.900993 -0.890292 0.000000 0.000000 0.000000 1.000000
0.991530 0.126478 -0.029537 0.207103 -0.106961 0.924165 0.366714 -0.296421 0.073678 -0.360448 0.929865 -0.913081 0.000000 0.000000 0.000000 1.000000
0.992278 0.118366 -0.037061 0.200261 -0.102130 0.949282 0.297378 -0.274505 0.070381 -0.291296 0.954040 -0.933664 0.000000 0.000000 0.000000 1.000000
0.993015 0.109801 -0.043193 0.192777 -0.097142 0.968587 0.228917 -0.252525 0.066971 -0.223122 0.972487 -0.951177 0.000000 0.000000 0.000000 1.000000
0.993733 0.101133 -0.047621 0.184837 -0.092020 0.981964 0.165161 -0.232588 0.063466 -0.159743 0.985116 -0.964756 0.000000 0.000000 0.000000 1.000000
0.994426 0.092736 -0.050175 0.176626 -0.086787 0.990138 0.109980 -0.216802 0.059879 -0.105012 0.992667 -0.973537 0.000000 0.000000 0.000000 1.000000
0.995089 0.084950 -0.050808 0.168327 -0.081464 0.994412 0.067149 -0.207274 0.056228 -0.062681 0.996448 -0.976656 0.000000 0.000000 0.000000 1.000000
0.995717 0.077637 -0.050193 0.159664 -0.076077 0.996579 0.032286 -0.202884 0.052528 -0.028329 0.998218 -0.969500 0.000000 0.000000 0.000000 1.000000
0.996307 0.070497 -0.049014 0.150306 -0.070648 0.997500 -0.001361 -0.200629 0.048796 0.004819 0.998797 -0.949013 0.000000 0.000000 0.000000 1.000000
0.996855 0.063574 -0.047314 0.140365 -0.065200 0.997304 -0.033658 -0.199799 0.045047 0.036637 0.998313 -0.916666 0.000000 0.000000 0.000000 1.000000
0.997358 0.056908 -0.045142 0.129950 -0.059756 0.996128 -0.064482 -0.199680 0.041298 0.067009 0.996897 -0.873928 0.000000 0.000000 0.000000 1.000000
0.997816 0.050532 -0.042550 0.119173 -0.054341 0.994115 -0.093715 -0.199562 0.037564 0.095823 0.994689 -0.822272 0.000000 0.000000 0.000000 1.000000
0.998226 0.044470 -0.039596 0.108143 -0.048976 0.991413 -0.121252 -0.198731 0.033864 0.122976 0.991832 -0.763167 0.000000 0.000000 0.000000 1.000000
0.998588 0.038740 -0.036336 0.096969 -0.043685 0.988172 -0.146997 -0.196476 0.030211 0.148377 0.988469 -0.698077 0.000000 0.000000 0.000000 1.000000
0.998904 0.033356 -0.032831 0.085764 -0.038492 0.984544 -0.170853 -0.192086 0.026625 0.171929 0.984749 -0.628487 0.000000 0.000000 0.000000 1.000000
0.999174 0.028323 -0.029142 0.074638 -0.033420 0.980681 -0.192739 -0.176481 0.023120 0.193554 0.980817 -0.555861 0.000000 0.000000 0.000000 1.000000
0.999400 0.023642 -0.025329 0.063700 -0.028493 0.976728 -0.212578 -0.144096 0.019714 0.213173 0.976816 -0.481669 0.000000 0.000000 0.000000 1.000000
0.999583 0.019308 -0.021452 0.053061 -0.023733 0.972831 -0.230299 -0.099493 0.016422 0.230712 0.972884 -0.407382 0.000000 0.000000 0.000000 1.000000
0.999728 0.015313 -0.017569 0.042832 -0.019165 0.969123 -0.245831 -0.047237 0.013262 0.246101 0.969154 -0.334472 0.000000 0.000000 0.000000 1.000000
0.999838 0.011647 -0.013738 0.033121 -0.014810 0.965735 -0.259109 0.008112 0.010249 0.259270 0.965750 -0.264408 0.000000 0.000000 0.000000 1.000000
0.999915 0.008297 -0.010014 0.024041 -0.010693 0.962782 -0.270067 0.061992 0.007401 0.270151 0.962790 -0.198661 0.000000 0.000000 0.000000 1.000000
0.999965 0.005247 -0.006449 0.015700 -0.006837 0.960371 -0.278640 0.109843 0.004732 0.278674 0.960374 -0.138696 0.000000 0.000000 0.000000 1.000000
0.999992 0.002486 -0.003096 0.008211 -0.003265 0.958594 -0.284758 0.147094 0.002260 0.284766 0.958595 -0.085997 0.000000 0.000000 0.000000 1.000000
1.000000 0.000000 0.000000 0.001682 0.000000 0.957525 -0.288351 0.169187 0.000000 0.288351 0.957525 -0.042028 0.000000 0.000000 0.000000 1.000000
0.999995 -0.001956 0.002430 -0.003326 0.002565 0.958901 -0.283729 0.177564 -0.001775 0.283734 0.958901 -0.005961 0.000000 0.000000 0.000000 1.000000
0.999987 -0.003236 0.003881 -0.006513 0.004155 0.963700 -0.266957 0.177746 -0.002876 0.266969 0.963701 0.024336 0.000000 0.000000 0.000000 1.000000
0.999982 -0.003960 0.004493 -0.008164 0.004924 0.970627 -0.240539 0.171293 -0.003408 0.240556 0.970629 0.049357 0.000000 0.000000 0.000000 1.000000
0.999981 -0.004198 0.004444 -0.008562 0.005027 0.978330 -0.206991 0.159762 -0.003479 0.207010 0.978333 0.069592 0.000000 0.000000 0.000000 1.000000
0.999984 -0.004011 0.003929 -0.007988 0.004617 0.985622 -0.168905 0.144710 -0.003195 0.168920 0.985625 0.085536 0.000000 0.000000 0.000000 1.000000
0.999989 -0.003472 0.003137 -0.006726 0.003847 0.991639 -0.128985 0.127700 -0.002663 0.128996 0.991642 0.097676 0.000000 0.000000 0.000000 1.000000
0.999994 -0.002682 0.002239 -0.005059 0.002873 0.995937 -0.090010 0.110287 -0.001988 0.090016 0.995938 0.106506 0.000000 0.000000 0.000000 1.000000
0.999997 -0.001774 0.001377 -0.003270 0.001847 0.998495 -0.054807 0.094031 -0.001278 0.054809 0.998496 0.112518 0.000000 0.000000 0.000000 1.000000
0.999999 -0.000906 0.000663 -0.001642 0.000923 0.999656 -0.026205 0.080490 -0.000639 0.026206 0.999656 0.116204 0.000000 0.000000 0.000000 1.000000
1.000000 -0.000255 0.000179 -0.000458 0.000256 0.999975 -0.007011 0.071223 -0.000178 0.007011 0.999975 0.118054 0.000000 0.000000 0.000000 1.000000
1.000000 0.000000 0.000000 -0.000000 0.000000 1.000000 0.000000 0.053282 0.000000 0.000000 1.000000 0.058154 0.000000 0.000000 0.000000 1.000000</float_array><technique_common><accessor source="#root-Matrix-animation-output-transform-array" count="56" stride="16"><param type="float4x4"/></accessor></technique_common></source><source id="root-Interpolations"><Name_array id="root-Interpolations-array" count="56">
 LINEAR LINEAR LINEAR LINEAR LINEAR LINEAR LINEAR LINEAR LINEAR LINEAR LINEAR
LINEAR LINEAR LINEAR LINEAR LINEAR LINEAR LINEAR LINEAR LINEAR LINEAR LINEAR LINEAR
LINEAR LINEAR LINEAR LINEAR LINEAR LINEAR LINEAR LINEAR LINEAR LINEAR LINEAR LINEAR
LINEAR LINEAR LINEAR LINEAR LINEAR LINEAR LINEAR LINEAR LINEAR LINEAR LINEAR LINEAR
LINEAR LINEAR LINEAR LINEAR LINEAR LINEAR LINEAR LINEAR LINEAR</Name_array><technique_common><accessor source="#root-Interpolations-array" count="56"><param type="name"/></accessor></technique_common></source><sampler id="root-Matrix-animation-transform"><input semantic="INPUT" source="#root-Matrix-animation-input"/><input semantic="OUTPUT" source="#root-Matrix-animation-output-transform"/><input semantic="INTERPOLATION" source="#root-Interpolations"/></sampler><channel source="#root-Matrix-animation-transform" target="root/matrix"/></animation><animation><source id="root-visibility-animation-input"><float_array id="root-visibility-animation-input-array" count="55">

0.033333 0.066667 0.100000 0.133333 0.166667 0.200000 0.233333 0.266667 0.300000 0.333333 0.366667 0.400000 0.433333 0.466667 0.500000 0.533333
0.566667 0.600000 0.633333 0.666667 0.700000 0.733333 0.766667 0.800000 0.833333 0.866667 0.900000 0.933333 0.966667 1.000000 1.033333 1.066667
1.100000 1.133333 1.166667 1.200000 1.233333 1.266667 1.300000 1.333333 1.366667 1.400000 1.433333 1.466667 1.500000 1.533333 1.566667 1.600000
1.633333 1.666667 1.700000 1.733333 1.766667 1.800000 1.833333</float_array><technique_common><accessor source="#root-visibility-animation-input-array" count="55"><param name="TIME" type="float"/></accessor></technique_common></source><source id="root-visibility-animation-output"><float_array id="root-visibility-animation-output-array" count="55">

1.000000 1.000000 1.000000 1.000000 1.000000 1.000000 1.000000 1.000000 1.000000 1.000000 1.000000 1.000000 1.000000 1.000000 1.000000 1.000000
1.000000 1.000000 1.000000 1.000000 1.000000 1.000000 1.000000 1.000000 1.000000 1.000000 1.000000 1.000000 1.000000 1.000000 1.000000 1.000000
1.000000 1.000000 1.000000 1.000000 1.000000 1.000000 1.000000 1.000000 1.000000 1.000000 1.000000 1.000000 1.000000 1.000000 1.000000 1.000000
1.000000 1.000000 1.000000 1.000000 1.000000 1.000000 1.000000</float_array><technique_common><accessor source="#root-visibility-animation-output-array" count="55"><param type="float"/></accessor></technique_common></source><source id="root-visibility-animation-intan"><float_array id="root-visibility-animation-intan-array" count="55">

0.000000 0.000000 0.000000 0.000000 0.000000 0.000000 0.000000 0.000000 0.000000 0.000000 0.000000 0.000000 0.000000 0.000000 0.000000 0.000000
0.000000 0.000000 0.000000 0.000000 0.000000 0.000000 0.000000 0.000000 0.000000 0.000000 0.000000 0.000000 0.000000 0.000000 0.000000 0.000000
0.000000 0.000000 0.000000 0.000000 0.000000 0.000000 0.000000 0.000000 0.000000 0.000000 0.000000 0.000000 0.000000 0.000000 0.000000 0.000000
0.000000 0.000000 0.000000 0.000000 0.000000 0.000000 0.000000</float_array><technique_common><accessor source="#root-visibility-animation-intan-array" count="55"><param type="float"/></accessor></technique_common></source><source id="root-visibility-animation-outtan"><float_array id="root-visibility-animation-outtan-array" count="55">

0.000000 0.000000 0.000000 0.000000 0.000000 0.000000 0.000000 0.000000 0.000000 0.000000 0.000000 0.000000 0.000000 0.000000 0.000000 0.000000
0.000000 0.000000 0.000000 0.000000 0.000000 0.000000 0.000000 0.000000 0.000000 0.000000 0.000000 0.000000 0.000000 0.000000 0.000000 0.000000
0.000000 0.000000 0.000000 0.000000 0.000000 0.000000 0.000000 0.000000 0.000000 0.000000 0.000000 0.000000 0.000000 0.000000 0.000000 0.000000
0.000000 0.000000 0.000000 0.000000 0.000000 0.000000 0.000000</float_array><technique_common><accessor source="#root-visibility-animation-outtan-array" count="55"><param type="float"/></accessor></technique_common></source><source id="root-visibility-animation-interpolation"><Name_array id="root-visibility-animation-interpolation-array" count="55">
 BEZIER BEZIER BEZIER BEZIER BEZIER BEZIER BEZIER BEZIER BEZIER BEZIER BEZIER
BEZIER BEZIER BEZIER BEZIER BEZIER BEZIER BEZIER BEZIER BEZIER BEZIER BEZIER BEZIER
BEZIER BEZIER BEZIER BEZIER BEZIER BEZIER BEZIER BEZIER BEZIER BEZIER BEZIER BEZIER
BEZIER BEZIER BEZIER BEZIER BEZIER BEZIER BEZIER BEZIER BEZIER BEZIER BEZIER BEZIER
BEZIER BEZIER BEZIER BEZIER BEZIER BEZIER BEZIER BEZIER</Name_array><technique_common><accessor source="#root-visibility-animation-interpolation-array" count="55"><param type="name"/></accessor></technique_common></source><sampler id="root-visibility-animation"><input semantic="INPUT" source="#root-visibility-animation-input"/><input semantic="OUTPUT" source="#root-visibility-animation-output"/><input semantic="IN_TANGENT" source="#root-visibility-animation-intan"/><input semantic="OUT_TANGENT" source="#root-visibility-animation-outtan"/><input semantic="INTERPOLATION" source="#root-visibility-animation-interpolation"/></sampler><channel source="#root-visibility-animation" target="root/visibility"/></animation></animation>
    <animation id="hips-anim" name="hips"><animation><source id="hips-Matrix-animation-input"><float_array id="hips-Matrix-animation-input-array" count="56">

0.033333 0.066667 0.100000 0.133333 0.166667 0.200000 0.233333 0.266667 0.300000 0.333333 0.366667 0.400000 0.433333 0.466667 0.500000 0.533333
0.566667 0.600000 0.633333 0.666667 0.700000 0.733333 0.766667 0.800000 0.833333 0.866667 0.900000 0.933333 0.966667 1.000000 1.033333 1.066667
1.100000 1.133333 1.166667 1.200000 1.233333 1.266667 1.300000 1.333333 1.366667 1.400000 1.433333 1.466667 1.500000 1.533333 1.566667 1.600000
1.633333 1.666667 1.700000 1.733333 1.766667 1.800000 1.833333 1.866667</float_array><technique_common><accessor source="#hips-Matrix-animation-input-array" count="56"><param name="TIME" type="float"/></accessor></technique_common></source><source id="hips-Matrix-animation-output-transform"><float_array id="hips-Matrix-animation-output-transform-array" count="896">

1.000000 0.000000 0.000000 -0.000000 0.000000 0.904934 0.425551 -0.038776 0.000000 -0.425551 0.904934 0.002253 0.000000 0.000000 0.000000 1.000000
1.000000 -0.000000 0.000000 -0.000000 -0.000000 0.904507 0.426459 -0.038776 -0.000000 -0.426459 0.904507 0.002253 0.000000 0.000000 0.000000 1.000000
1.000000 -0.000000 0.000000 0.000000 -0.000000 0.903376 0.428850 -0.038776 0.000000 -0.428850 0.903376 0.002253 0.000000 0.000000 0.000000 1.000000
1.000000 0.000000 0.000000 0.000000 -0.000000 0.901766 0.432225 -0.038776 0.000000 -0.432225 0.901766 0.002253 0.000000 0.000000 0.000000 1.000000
1.000000 0.000000 0.000000 0.000000 -0.000000 0.899905 0.436087 -0.038776 0.000000 -0.436087 0.899905 0.002253 0.000000 0.000000 0.000000 1.000000
1.000000 0.000000 0.000000 0.000000 0.000000 0.898027 0.439940 -0.038776 -0.000000 -0.439940 0.898027 0.002253 0.000000 0.000000 0.000000 1.000000
1.000000 0.000000 0.000000 0.000000 -0.000000 0.896376 0.443295 -0.038776 -0.000000 -0.443295 0.896376 0.002253 0.000000 0.000000 0.000000 1.000000
1.000000 0.000000 -0.000000 0.000000 0.000000 0.895200 0.445664 -0.038776 0.000000 -0.445664 0.895200 0.002253 0.000000 0.000000 0.000000 1.000000
1.000000 0.000000 -0.000000 0.000000 -0.000000 0.894753 0.446562 -0.038776 0.000000 -0.446562 0.894753 0.002253 0.000000 0.000000 0.000000 1.000000
1.000000 0.000000 -0.000000 0.000000 0.000000 0.901861 0.432026 -0.038776 -0.000000 -0.432026 0.901861 0.002253 0.000000 0.000000 0.000000 1.000000
1.000000 0.000000 0.000000 -0.000000 -0.000000 0.919787 0.392418 -0.038776 0.000000 -0.392418 0.919787 0.002253 0.000000 0.000000 0.000000 1.000000
1.000000 0.000000 0.000000 0.000000 -0.000000 0.942727 0.333564 -0.038776 0.000000 -0.333564 0.942727 0.002253 0.000000 0.000000 0.000000 1.000000
1.000000 -0.000000 -0.000000 0.000000 -0.000000 0.965145 0.261714 -0.038776 0.000000 -0.261714 0.965145 0.002253 0.000000 0.000000 0.000000 1.000000
1.000000 0.000000 0.000000 0.000000 -0.000000 0.982932 0.183970 -0.038776 0.000000 -0.183970 0.982932 0.002253 0.000000 0.000000 0.000000 1.000000
1.000000 0.000000 0.000000 -0.000000 0.000000 0.994136 0.108139 -0.038776 -0.000000 -0.108139 0.994136 0.002253 0.000000 0.000000 0.000000 1.000000
1.000000 -0.000000 -0.000000 0.000000 -0.000000 0.999102 0.042366 -0.038776 0.000000 -0.042366 0.999102 0.002253 0.000000 0.000000 0.000000 1.000000
1.000000 -0.000000 0.000000 0.000000 -0.000000 0.999986 -0.005292 -0.038776 0.000000 0.005292 0.999986 0.002253 0.000000 0.000000 0.000000 1.000000
1.000000 0.000000 0.000000 0.000000 0.000000 0.999634 -0.027061 -0.038776 0.000000 0.027061 0.999634 0.002253 0.000000 0.000000 0.000000 1.000000
1.000000 0.000000 0.000000 0.000000 -0.000000 0.999763 -0.021782 -0.038776 0.000000 0.021782 0.999763 0.002253 0.000000 0.000000 0.000000 1.000000
1.000000 -0.000000 0.000000 0.000000 0.000000 0.999994 0.003421 -0.038776 0.000000 -0.003421 0.999994 0.002253 0.000000 0.000000 0.000000 1.000000
1.000000 -0.000000 0.000000 0.000000 0.000000 0.999044 0.043708 -0.038776 -0.000000 -0.043708 0.999044 0.002253 0.000000 0.000000 0.000000 1.000000
1.000000 0.000000 0.000000 -0.000000 0.000000 0.995557 0.094158 -0.038776 0.000000 -0.094158 0.995557 0.002253 0.000000 0.000000 0.000000 1.000000
1.000000 0.000000 0.000000 0.000000 0.000000 0.988722 0.149760 -0.038776 -0.000000 -0.149760 0.988722 0.002253 0.000000 0.000000 0.000000 1.000000
1.000000 0.000000 -0.000000 0.000000 0.000000 0.978656 0.205507 -0.038776 -0.000000 -0.205507 0.978656 0.002253 0.000000 0.000000 0.000000 1.000000
1.000000 0.000000 -0.000000 0.000000 -0.000000 0.966533 0.256543 -0.038776 0.000000 -0.256543 0.966533 0.002253 0.000000 0.000000 0.000000 1.000000
1.000000 0.000000 -0.000000 0.000000 0.000000 0.954479 0.298279 -0.038776 0.000000 -0.298279 0.954479 0.002253 0.000000 0.000000 0.000000 1.000000
1.000000 -0.000000 0.000000 0.000000 0.000000 0.945231 0.326402 -0.038776 -0.000000 -0.326402 0.945231 0.002253 0.000000 0.000000 0.000000 1.000000
1.000000 0.000000 0.000000 0.000000 -0.000000 0.941603 0.336724 -0.038776 -0.000000 -0.336724 0.941603 0.002253 0.000000 0.000000 0.000000 1.000000
1.000000 0.000000 0.000000 0.000000 0.000000 0.941890 0.335921 -0.038776 0.000000 -0.335921 0.941890 0.002253 0.000000 0.000000 0.000000 1.000000
1.000000 0.000000 -0.000000 0.000000 -0.000000 0.942701 0.333639 -0.038776 0.000000 -0.333639 0.942701 0.002253 0.000000 0.000000 0.000000 1.000000
1.000000 0.000000 0.000000 0.000000 -0.000000 0.943955 0.330073 -0.038776 0.000000 -0.330073 0.943955 0.002253 0.000000 0.000000 0.000000 1.000000
1.000000 0.000000 -0.000000 -0.000000 0.000000 0.945571 0.325415 -0.038776 -0.000000 -0.325415 0.945571 0.002253 0.000000 0.000000 0.000000 1.000000
1.000000 -0.000000 -0.000000 0.000000 -0.000000 0.947465 0.319858 -0.038776 -0.000000 -0.319858 0.947465 0.002253 0.000000 0.000000 0.000000 1.000000
1.000000 0.000000 -0.000000 -0.000000 0.000000 0.949557 0.313596 -0.038776 0.000000 -0.313596 0.949557 0.002253 0.000000 0.000000 0.000000 1.000000
1.000000 -0.000000 0.000000 0.000000 0.000000 0.951767 0.306822 -0.038776 0.000000 -0.306822 0.951767 0.002253 0.000000 0.000000 0.000000 1.000000
1.000000 -0.000000 -0.000000 -0.000000 -0.000000 0.954023 0.299733 -0.038776 0.000000 -0.299733 0.954023 0.002253 0.000000 0.000000 0.000000 1.000000
1.000000 -0.000000 0.000000 0.000000 0.000000 0.956257 0.292528 -0.038776 0.000000 -0.292528 0.956257 0.002253 0.000000 0.000000 0.000000 1.000000
1.000000 0.000000 0.000000 0.000000 0.000000 0.958406 0.285407 -0.038776 0.000000 -0.285407 0.958406 0.002253 0.000000 0.000000 0.000000 1.000000
1.000000 0.000000 0.000000 0.000000 0.000000 0.960416 0.278571 -0.038776 0.000000 -0.278571 0.960416 0.002253 0.000000 0.000000 0.000000 1.000000
1.000000 -0.000000 -0.000000 -0.000000 -0.000000 0.962234 0.272224 -0.038776 -0.000000 -0.272224 0.962234 0.002253 0.000000 0.000000 0.000000 1.000000
1.000000 0.000000 0.000000 -0.000000 -0.000000 0.963815 0.266570 -0.038776 -0.000000 -0.266570 0.963815 0.002253 0.000000 0.000000 0.000000 1.000000
1.000000 -0.000000 0.000000 0.000000 -0.000000 0.965118 0.261815 -0.038776 0.000000 -0.261815 0.965118 0.002253 0.000000 0.000000 0.000000 1.000000
1.000000 0.000000 -0.000000 0.000000 0.000000 0.966101 0.258165 -0.038776 0.000000 -0.258165 0.966101 0.002253 0.000000 0.000000 0.000000 1.000000
1.000000 0.000000 0.000000 0.000000 0.000000 0.966723 0.255824 -0.038776 -0.000000 -0.255824 0.966723 0.002253 0.000000 0.000000 0.000000 1.000000
1.000000 0.000000 0.000000 -0.000000 0.000000 0.966941 0.254999 -0.038776 0.000000 -0.254999 0.966941 0.002253 0.000000 0.000000 0.000000 1.000000
1.000000 -0.000000 -0.000000 -0.000000 -0.000000 0.965853 0.259089 -0.038776 -0.000000 -0.259089 0.965853 0.002253 0.000000 0.000000 0.000000 1.000000
1.000000 -0.000000 -0.000000 -0.000000 0.000000 0.962782 0.270280 -0.038776 0.000000 -0.270280 0.962782 0.002253 0.000000 0.000000 0.000000 1.000000
1.000000 0.000000 -0.000000 -0.000000 0.000000 0.957951 0.286933 -0.038776 -0.000000 -0.286933 0.957951 0.002253 0.000000 0.000000 0.000000 1.000000
1.000000 -0.000000 0.000000 0.000000 -0.000000 0.951581 0.307399 -0.038776 0.000000 -0.307399 0.951581 0.002253 0.000000 0.000000 0.000000 1.000000
1.000000 -0.000000 0.000000 -0.000000 -0.000000 0.943964 0.330048 -0.038776 -0.000000 -0.330048 0.943964 0.002253 0.000000 0.000000 0.000000 1.000000
1.000000 0.000000 0.000000 -0.000000 0.000000 0.935521 0.353272 -0.038776 -0.000000 -0.353272 0.935521 0.002253 0.000000 0.000000 0.000000 1.000000
1.000000 0.000000 -0.000000 -0.000000 0.000000 0.926814 0.375521 -0.038776 0.000000 -0.375521 0.926814 0.002253 0.000000 0.000000 0.000000 1.000000
1.000000 0.000000 0.000000 -0.000000 -0.000000 0.918552 0.395300 -0.038776 -0.000000 -0.395300 0.918552 0.002253 0.000000 0.000000 0.000000 1.000000
1.000000 0.000000 0.000000 -0.000000 -0.000000 0.911560 0.411166 -0.038776 0.000000 -0.411166 0.911560 0.002253 0.000000 0.000000 0.000000 1.000000
1.000000 0.000000 -0.000000 -0.000000 -0.000000 0.906727 0.421717 -0.038776 -0.000000 -0.421717 0.906727 0.002253 0.000000 0.000000 0.000000 1.000000
1.000000 0.000000 0.000000 -0.000000 0.000000 1.000000 0.000000 -0.038776 0.000000 0.000000 1.000000 0.002253 0.000000 0.000000 0.000000 1.000000</float_array><technique_common><accessor source="#hips-Matrix-animation-output-transform-array" count="56" stride="16"><param type="float4x4"/></accessor></technique_common></source><source id="hips-Interpolations"><Name_array id="hips-Interpolations-array" count="56">
 LINEAR LINEAR LINEAR LINEAR LINEAR LINEAR LINEAR LINEAR LINEAR LINEAR LINEAR
LINEAR LINEAR LINEAR LINEAR LINEAR LINEAR LINEAR LINEAR LINEAR LINEAR LINEAR LINEAR
LINEAR LINEAR LINEAR LINEAR LINEAR LINEAR LINEAR LINEAR LINEAR LINEAR LINEAR LINEAR
LINEAR LINEAR LINEAR LINEAR LINEAR LINEAR LINEAR LINEAR LINEAR LINEAR LINEAR LINEAR
LINEAR LINEAR LINEAR LINEAR LINEAR LINEAR LINEAR LINEAR LINEAR</Name_array><technique_common><accessor source="#hips-Interpolations-array" count="56"><param type="name"/></accessor></technique_common></source><sampler id="hips-Matrix-animation-transform"><input semantic="INPUT" source="#hips-Matrix-animation-input"/><input semantic="OUTPUT" source="#hips-Matrix-animation-output-transform"/><input semantic="INTERPOLATION" source="#hips-Interpolations"/></sampler><channel source="#hips-Matrix-animation-transform" target="hips/matrix"/></animation><animation><source id="hips-visibility-animation-input"><float_array id="hips-visibility-animation-input-array" count="55">

0.033333 0.066667 0.100000 0.133333 0.166667 0.200000 0.233333 0.266667 0.300000 0.333333 0.366667 0.400000 0.433333 0.466667 0.500000 0.533333
0.566667 0.600000 0.633333 0.666667 0.700000 0.733333 0.766667 0.800000 0.833333 0.866667 0.900000 0.933333 0.966667 1.000000 1.033333 1.066667
1.100000 1.133333 1.166667 1.200000 1.233333 1.266667 1.300000 1.333333 1.366667 1.400000 1.433333 1.466667 1.500000 1.533333 1.566667 1.600000
1.633333 1.666667 1.700000 1.733333 1.766667 1.800000 1.833333</float_array><technique_common><accessor source="#hips-visibility-animation-input-array" count="55"><param name="TIME" type="float"/></accessor></technique_common></source><source id="hips-visibility-animation-output"><float_array id="hips-visibility-animation-output-array" count="55">

1.000000 1.000000 1.000000 1.000000 1.000000 1.000000 1.000000 1.000000 1.000000 1.000000 1.000000 1.000000 1.000000 1.000000 1.000000 1.000000
1.000000 1.000000 1.000000 1.000000 1.000000 1.000000 1.000000 1.000000 1.000000 1.000000 1.000000 1.000000 1.000000 1.000000 1.000000 1.000000
1.000000 1.000000 1.000000 1.000000 1.000000 1.000000 1.000000 1.000000 1.000000 1.000000 1.000000 1.000000 1.000000 1.000000 1.000000 1.000000
1.000000 1.000000 1.000000 1.000000 1.000000 1.000000 1.000000</float_array><technique_common><accessor source="#hips-visibility-animation-output-array" count="55"><param type="float"/></accessor></technique_common></source><source id="hips-visibility-animation-intan"><float_array id="hips-visibility-animation-intan-array" count="55">

0.000000 0.000000 0.000000 0.000000 0.000000 0.000000 0.000000 0.000000 0.000000 0.000000 0.000000 0.000000 0.000000 0.000000 0.000000 0.000000
0.000000 0.000000 0.000000 0.000000 0.000000 0.000000 0.000000 0.000000 0.000000 0.000000 0.000000 0.000000 0.000000 0.000000 0.000000 0.000000
0.000000 0.000000 0.000000 0.000000 0.000000 0.000000 0.000000 0.000000 0.000000 0.000000 0.000000 0.000000 0.000000 0.000000 0.000000 0.000000
0.000000 0.000000 0.000000 0.000000 0.000000 0.000000 0.000000</float_array><technique_common><accessor source="#hips-visibility-animation-intan-array" count="55"><param type="float"/></accessor></technique_common></source><source id="hips-visibility-animation-outtan"><float_array id="hips-visibility-animation-outtan-array" count="55">

0.000000 0.000000 0.000000 0.000000 0.000000 0.000000 0.000000 0.000000 0.000000 0.000000 0.000000 0.000000 0.000000 0.000000 0.000000 0.000000
0.000000 0.000000 0.000000 0.000000 0.000000 0.000000 0.000000 0.000000 0.000000 0.000000 0.000000 0.000000 0.000000 0.000000 0.000000 0.000000
0.000000 0.000000 0.000000 0.000000 0.000000 0.000000 0.000000 0.000000 0.000000 0.000000 0.000000 0.000000 0.000000 0.000000 0.000000 0.000000
0.000000 0.000000 0.000000 0.000000 0.000000 0.000000 0.000000</float_array><technique_common><accessor source="#hips-visibility-animation-outtan-array" count="55"><param type="float"/></accessor></technique_common></source><source id="hips-visibility-animation-interpolation"><Name_array id="hips-visibility-animation-interpolation-array" count="55">
 BEZIER BEZIER BEZIER BEZIER BEZIER BEZIER BEZIER BEZIER BEZIER BEZIER BEZIER
BEZIER BEZIER BEZIER BEZIER BEZIER BEZIER BEZIER BEZIER BEZIER BEZIER BEZIER BEZIER
BEZIER BEZIER BEZIER BEZIER BEZIER BEZIER BEZIER BEZIER BEZIER BEZIER BEZIER BEZIER
BEZIER BEZIER BEZIER BEZIER BEZIER BEZIER BEZIER BEZIER BEZIER BEZIER BEZIER BEZIER
BEZIER BEZIER BEZIER BEZIER BEZIER BEZIER BEZIER BEZIER</Name_array><technique_common><accessor source="#hips-visibility-animation-interpolation-array" count="55"><param type="name"/></accessor></technique_common></source><sampler id="hips-visibility-animation"><input semantic="INPUT" source="#hips-visibility-animation-input"/><input semantic="OUTPUT" source="#hips-visibility-animation-output"/><input semantic="IN_TANGENT" source="#hips-visibility-animation-intan"/><input semantic="OUT_TANGENT" source="#hips-visibility-animation-outtan"/><input semantic="INTERPOLATION" source="#hips-visibility-animation-interpolation"/></sampler><channel source="#hips-visibility-animation" target="hips/visibility"/></animation></animation>
    <animation id="tentacleBase-anim" name="tentacleBase"><animation><source id="tentacleBase-Matrix-animation-input"><float_array id="tentacleBase-Matrix-animation-input-array" count="56">

0.033333 0.066667 0.100000 0.133333 0.166667 0.200000 0.233333 0.266667 0.300000 0.333333 0.366667 0.400000 0.433333 0.466667 0.500000 0.533333
0.566667 0.600000 0.633333 0.666667 0.700000 0.733333 0.766667 0.800000 0.833333 0.866667 0.900000 0.933333 0.966667 1.000000 1.033333 1.066667
1.100000 1.133333 1.166667 1.200000 1.233333 1.266667 1.300000 1.333333 1.366667 1.400000 1.433333 1.466667 1.500000 1.533333 1.566667 1.600000
1.633333 1.666667 1.700000 1.733333 1.766667 1.800000 1.833333 1.866667</float_array><technique_common><accessor source="#tentacleBase-Matrix-animation-input-array" count="56"><param name="TIME" type="float"/></accessor></technique_common></source><source id="tentacleBase-Matrix-animation-output-transform"><float_array id="tentacleBase-Matrix-animation-output-transform-array" count="896">

1.000000 0.000000 0.000000 0.000000 0.000000 0.999984 0.005700 -0.158964 0.000000 -0.005700 0.999984 -0.007975 0.000000 0.000000 0.000000 1.000000
0.999971 -0.007547 0.001064 0.000000 0.007546 0.999971 0.000887 -0.158964 -0.001071 -0.000879 0.999999 -0.007975 0.000000 0.000000 0.000000 1.000000
0.999616 -0.027609 0.002392 0.000000 0.027634 0.999552 -0.011520 -0.158964 -0.002073 0.011582 0.999931 -0.007975 0.000000 0.000000 0.000000 1.000000
0.998426 -0.056087 0.000513 0.000000 0.056079 0.998019 -0.028520 -0.158964 0.001088 0.028504 0.999593 -0.007975 0.000000 0.000000 0.000000 1.000000
0.996071 -0.088259 -0.007234 -0.000000 0.087820 0.995009 -0.047387 -0.158964 0.011380 0.046565 0.998850 -0.007975 0.000000 0.000000 0.000000 1.000000
0.992665 -0.119028 -0.021200 0.000000 0.117417 0.990913 -0.065613 -0.158964 0.028817 0.062642 0.997620 -0.007975 0.000000 0.000000 0.000000 1.000000
0.988838 -0.143828 -0.038891 0.000000 0.140362 0.986811 -0.080636 -0.158964 0.049976 0.074277 0.995985 -0.007975 0.000000 0.000000 0.000000 1.000000
0.985654 -0.159399 -0.055474 0.000000 0.154084 0.983983 -0.089641 -0.158964 0.068874 0.079807 0.994428 -0.007975 0.000000 0.000000 0.000000 1.000000
0.984344 -0.163793 -0.065107 0.000000 0.157708 0.983408 -0.089648 -0.158964 0.078711 0.077976 0.993843 -0.007975 0.000000 0.000000 0.000000 1.000000
0.984397 -0.161718 -0.069358 0.000000 0.157053 0.985235 -0.068159 -0.158964 0.079356 0.056202 0.995261 -0.007975 0.000000 0.000000 0.000000 1.000000
0.984551 -0.159028 -0.073271 0.000000 0.157990 0.987242 -0.019784 -0.158964 0.075482 0.007902 0.997116 -0.007975 0.000000 0.000000 0.000000 1.000000
0.984802 -0.155914 -0.076528 -0.000000 0.159807 0.985997 0.047667 -0.158964 0.068024 -0.059172 0.995927 -0.007975 0.000000 0.000000 0.000000 1.000000
0.985140 -0.152588 -0.078840 0.000000 0.161687 0.978758 0.126055 -0.158964 0.057931 -0.136929 0.988885 -0.007975 0.000000 0.000000 0.000000 1.000000
0.985559 -0.149266 -0.079952 0.000000 0.162897 0.964684 0.207002 -0.158964 0.046231 -0.217037 0.975068 -0.007975 0.000000 0.000000 0.000000 1.000000
0.986051 -0.146151 -0.079646 0.000000 0.162929 0.945372 0.282358 -0.158964 0.034028 -0.291396 0.955997 -0.007975 0.000000 0.000000 0.000000 1.000000
0.986606 -0.143410 -0.077731 0.000000 0.161568 0.924736 0.344615 -0.158964 0.022460 -0.352558 0.935520 -0.007975 0.000000 0.000000 0.000000 1.000000
0.987216 -0.141148 -0.074038 0.000000 0.158888 0.908260 0.387065 -0.158964 0.012613 -0.393880 0.919075 -0.007975 0.000000 0.000000 0.000000 1.000000
0.987872 -0.139386 -0.068416 -0.000000 0.155175 0.901746 0.403454 -0.158964 0.005458 -0.409177 0.912439 -0.007975 0.000000 0.000000 0.000000 1.000000
0.988565 -0.138181 -0.060383 0.000000 0.150797 0.907381 0.392326 -0.158964 0.000579 -0.396945 0.917842 -0.007975 0.000000 0.000000 0.000000 1.000000
0.989285 -0.137146 -0.050054 0.000000 0.145960 0.921628 0.359580 -0.158964 -0.003183 -0.363033 0.931771 -0.007975 0.000000 0.000000 0.000000 1.000000
0.990025 -0.135614 -0.038192 0.000000 0.140758 0.940355 0.309710 -0.158964 -0.006087 -0.311997 0.950064 -0.007975 0.000000 0.000000 0.000000 1.000000
0.990776 -0.133071 -0.025589 0.000000 0.135250 0.959423 0.247417 -0.158964 -0.008374 -0.248596 0.968571 -0.007975 0.000000 0.000000 0.000000 1.000000
0.991530 -0.129224 -0.013049 0.000000 0.129475 0.975490 0.177921 -0.158964 -0.010263 -0.178103 0.983958 -0.007975 0.000000 0.000000 0.000000 1.000000
0.992278 -0.124025 -0.001340 0.000000 0.123456 0.986568 0.106968 -0.158964 -0.011945 -0.106308 0.994262 -0.007975 0.000000 0.000000 0.000000 1.000000
0.993015 -0.117657 0.008867 -0.000000 0.117207 0.992276 0.040629 -0.158964 -0.013579 -0.039306 0.999135 -0.007975 0.000000 0.000000 0.000000 1.000000
0.993733 -0.110476 0.017050 0.000000 0.110733 0.993737 -0.014988 -0.158964 -0.015288 0.016782 0.999742 -0.007975 0.000000 0.000000 0.000000 1.000000
0.994426 -0.102930 0.022868 0.000000 0.104034 0.993110 -0.053939 -0.158964 -0.017158 0.056018 0.998282 -0.007975 0.000000 0.000000 0.000000 1.000000
0.995089 -0.095467 0.026153 0.000000 0.097098 0.992776 -0.070476 -0.158964 -0.019236 0.072669 0.997171 -0.007975 0.000000 0.000000 0.000000 1.000000
0.995717 -0.088178 0.027776 0.000000 0.089987 0.993300 -0.072507 -0.158964 -0.021197 0.074696 0.996981 -0.007975 0.000000 0.000000 0.000000 1.000000
0.996307 -0.080930 0.028680 0.000000 0.082810 0.993966 -0.071934 -0.158964 -0.022685 0.074044 0.996997 -0.007975 0.000000 0.000000 0.000000 1.000000
0.996855 -0.073781 0.028925 -0.000000 0.075628 0.994742 -0.069051 -0.158964 -0.023678 0.071021 0.997194 -0.007975 0.000000 0.000000 0.000000 1.000000
0.997358 -0.066781 0.028576 0.000000 0.068501 0.995586 -0.064152 -0.158964 -0.024166 0.065940 0.997531 -0.007975 0.000000 0.000000 0.000000 1.000000
0.997816 -0.059972 0.027701 0.000000 0.061487 0.996448 -0.057534 -0.158964 -0.024152 0.059111 0.997959 -0.007975 0.000000 0.000000 0.000000 1.000000
0.998226 -0.053387 0.026367 0.000000 0.054644 0.997279 -0.049492 -0.158964 -0.023653 0.050845 0.998426 -0.007975 0.000000 0.000000 0.000000 1.000000
0.998588 -0.047051 0.024643 0.000000 0.048020 0.998032 -0.040326 -0.158964 -0.022697 0.041452 0.998883 -0.007975 0.000000 0.000000 0.000000 1.000000
0.998904 -0.040986 0.022597 0.000000 0.041663 0.998671 -0.030339 -0.158964 -0.021324 0.031248 0.999284 -0.007975 0.000000 0.000000 0.000000 1.000000
0.999174 -0.035206 0.020297 -0.000000 0.035609 0.999169 -0.019836 -0.158964 -0.019582 0.020543 0.999597 -0.007975 0.000000 0.000000 0.000000 1.000000
0.999400 -0.029721 0.017808 0.000000 0.029887 0.999512 -0.009124 -0.158964 -0.017528 0.009650 0.999800 -0.007975 0.000000 0.000000 0.000000 1.000000
0.999583 -0.024539 0.015192 0.000000 0.024519 0.999698 0.001490 -0.158964 -0.015224 -0.001117 0.999883 -0.007975 0.000000 0.000000 0.000000 1.000000
0.999728 -0.019664 0.012510 -0.000000 0.019518 0.999741 0.011694 -0.158964 -0.012737 -0.011446 0.999853 -0.007975 0.000000 0.000000 0.000000 1.000000
0.999838 -0.015098 0.009820 0.000000 0.014888 0.999665 0.021177 -0.158964 -0.010136 -0.021028 0.999728 -0.007975 0.000000 0.000000 0.000000 1.000000
0.999915 -0.010846 0.007175 0.000000 0.010629 0.999504 0.029629 -0.158964 -0.007492 -0.029551 0.999535 -0.007975 0.000000 0.000000 0.000000 1.000000
0.999965 -0.006909 0.004626 0.000000 0.006734 0.999302 0.036740 -0.158964 -0.004876 -0.036707 0.999314 -0.007975 0.000000 0.000000 0.000000 1.000000
0.999992 -0.003292 0.002220 0.000000 0.003195 0.999104 0.042195 -0.158964 -0.002357 -0.042188 0.999107 -0.007975 0.000000 0.000000 0.000000 1.000000
1.000000 0.000000 0.000000 0.000000 0.000000 0.998956 0.045686 -0.158964 0.000000 -0.045686 0.998956 -0.007975 0.000000 0.000000 0.000000 1.000000
0.999995 0.002602 -0.001720 0.000000 -0.002518 0.998904 0.046748 -0.158964 0.001840 -0.046744 0.998905 -0.007975 0.000000 0.000000 0.000000 1.000000
0.999987 0.004290 -0.002669 0.000000 -0.004165 0.998959 0.045436 -0.158964 0.002861 -0.045424 0.998964 -0.007975 0.000000 0.000000 0.000000 1.000000
0.999982 0.005212 -0.002950 0.000000 -0.005083 0.999095 0.042224 -0.158964 0.003168 -0.042208 0.999104 -0.007975 0.000000 0.000000 0.000000 1.000000
0.999981 0.005468 -0.002735 0.000000 -0.005361 0.999279 0.037589 -0.158964 0.002939 -0.037573 0.999290 -0.007975 0.000000 0.000000 0.000000 1.000000
0.999984 0.005156 -0.002221 0.000000 -0.005083 0.999475 0.032010 -0.158964 0.002385 -0.031999 0.999485 -0.007975 0.000000 0.000000 0.000000 1.000000
0.999989 0.004399 -0.001594 0.000000 -0.004356 0.999653 0.025972 -0.158964 0.001708 -0.025964 0.999661 -0.007975 0.000000 0.000000 0.000000 1.000000
0.999994 0.003347 -0.001001 0.000000 -0.003326 0.999795 0.019954 -0.158964 0.001068 -0.019950 0.999800 -0.007975 0.000000 0.000000 0.000000 1.000000
0.999997 0.002182 -0.000533 0.000000 -0.002174 0.999893 0.014437 -0.158964 0.000564 -0.014436 0.999896 -0.007975 0.000000 0.000000 0.000000 1.000000
0.999999 0.001101 -0.000221 0.000000 -0.001099 0.999950 0.009903 -0.158964 0.000232 -0.009903 0.999951 -0.007975 0.000000 0.000000 0.000000 1.000000
1.000000 0.000307 -0.000053 0.000000 -0.000307 0.999977 0.006831 -0.158964 0.000055 -0.006831 0.999977 -0.007975 0.000000 0.000000 0.000000 1.000000
1.000000 0.000000 0.000000 0.000000 0.000000 1.000000 0.000000 -0.158964 0.000000 0.000000 1.000000 -0.007975 0.000000 0.000000 0.000000 1.000000</float_array><technique_common><accessor source="#tentacleBase-Matrix-animation-output-transform-array" count="56" stride="16"><param type="float4x4"/></accessor></technique_common></source><source id="tentacleBase-Interpolations"><Name_array id="tentacleBase-Interpolations-array" count="56">
 LINEAR LINEAR LINEAR LINEAR LINEAR LINEAR LINEAR LINEAR LINEAR LINEAR LINEAR
LINEAR LINEAR LINEAR LINEAR LINEAR LINEAR LINEAR LINEAR LINEAR LINEAR LINEAR LINEAR
LINEAR LINEAR LINEAR LINEAR LINEAR LINEAR LINEAR LINEAR LINEAR LINEAR LINEAR LINEAR
LINEAR LINEAR LINEAR LINEAR LINEAR LINEAR LINEAR LINEAR LINEAR LINEAR LINEAR LINEAR
