<?xml version="1.0" encoding="utf-8"?>
<COLLADA xmlns="http://www.collada.org/2005/11/COLLADASchema" version="1.4.1">
  <asset><contributor><author></author><authoring_tool>FBX COLLADA exporter</authoring_tool><comments></comments></contributor><created>2014-07-10T16:01:04Z</created><keywords></keywords><modified>2014-07-10T16:01:04Z</modified><revision></revision><subject></subject><title></title><unit meter="0.010000" name="centimeter"></unit><up_axis>Y_UP</up_axis></asset>
  <library_animations>
    <animation id="root-anim" name="root"><animation><source id="root-Matrix-animation-input"><float_array id="root-Matrix-animation-input-array" count="101">

0.033333 0.066667 0.100000 0.133333 0.166667 0.200000 0.233333 0.266667 0.300000 0.333333 0.366667 0.400000 0.433333 0.466667 0.500000 0.533333
0.566667 0.600000 0.633333 0.666667 0.700000 0.733333 0.766667 0.800000 0.833333 0.866667 0.900000 0.933333 0.966667 1.000000 1.033333 1.066667
1.100000 1.133333 1.166667 1.200000 1.233333 1.266667 1.300000 1.333333 1.366667 1.400000 1.433333 1.466667 1.500000 1.533333 1.566667 1.600000
1.633333 1.666667 1.700000 1.733333 1.766667 1.800000 1.833333 1.866667 1.900000 1.933333 1.966667 2.000000 2.033333 2.066667 2.100000 2.133333
2.166667 2.200000 2.233333 2.266667 2.300000 2.333333 2.366667 2.400000 2.433333 2.466667 2.500000 2.533333 2.566667 2.600000 2.633333 2.666667
2.700000 2.733333 2.766667 2.800000 2.833333 2.866667 2.900000 2.933333 2.966667 3.000000 3.033333 3.066667 3.100000 3.133333 3.166667 3.200000
3.233333 3.266667 3.300000 3.333333 3.366667</float_array><technique_common><accessor source="#root-Matrix-animation-input-array" count="101"><param name="TIME" type="float"/></accessor></technique_common></source><source id="root-Matrix-animation-output-transform"><float_array id="root-Matrix-animation-output-transform-array" count="1616">

1.000000 0.000000 0.000000 -0.000000 0.000000 1.000000 0.000000 0.064070 0.000000 0.000000 1.000000 0.103080 0.000000 0.000000 0.000000 1.000000
0.999984 -0.000545 -0.005702 -0.000021 0.000551 0.999999 0.001078 0.063485 0.005702 -0.001081 0.999983 0.102811 0.000000 0.000000 0.000000 1.000000
0.999905 -0.002088 -0.013591 -0.000081 0.002145 0.999989 0.004193 0.061992 0.013582 -0.004222 0.999899 0.102540 0.000000 0.000000 0.000000 1.000000
0.999714 -0.004473 -0.023478 -0.000180 0.004690 0.999947 0.009169 0.059794 0.023435 -0.009276 0.999682 0.102269 0.000000 0.000000 0.000000 1.000000
0.999353 -0.007535 -0.035178 -0.000316 0.008096 0.999842 0.015827 0.057093 0.035053 -0.016101 0.999256 0.101995 0.000000 0.000000 0.000000 1.000000
0.998761 -0.011097 -0.048510 -0.000487 0.012272 0.999637 0.023989 0.054088 0.048226 -0.024554 0.998535 0.101721 0.000000 0.000000 0.000000 1.000000
0.997883 -0.014983 -0.063289 -0.000691 0.017127 0.999293 0.033475 0.050983 0.062743 -0.034489 0.997434 0.101445 0.000000 0.000000 0.000000 1.000000
0.996667 -0.019020 -0.079327 -0.000926 0.022571 0.998772 0.044106 0.047978 0.078391 -0.045750 0.995872 0.101169 0.000000 0.000000 0.000000 1.000000
0.995073 -0.023046 -0.096427 -0.001192 0.028512 0.998040 0.055700 0.045275 0.094955 -0.058175 0.993780 0.100891 0.000000 0.000000 0.000000 1.000000
0.993072 -0.026911 -0.114386 -0.001485 0.034860 0.997071 0.068075 0.043075 0.112219 -0.071591 0.991101 0.100612 0.000000 0.000000 0.000000 1.000000
0.990649 -0.030483 -0.132990 -0.001805 0.041523 0.995845 0.081047 0.041581 0.129967 -0.085812 0.987798 0.100331 0.000000 0.000000 0.000000 1.000000
0.987804 -0.033655 -0.152020 -0.002150 0.048411 0.994353 0.094435 0.040993 0.147983 -0.100642 0.983856 0.100050 0.000000 0.000000 0.000000 1.000000
0.984557 -0.036341 -0.171248 -0.002518 0.055433 0.992598 0.108054 0.042630 0.166054 -0.115878 0.979285 0.099768 0.000000 0.000000 0.000000 1.000000
0.980943 -0.038486 -0.190444 -0.002907 0.062496 0.990594 0.121725 0.047363 0.183969 -0.131307 0.974122 0.099484 0.000000 0.000000 0.000000 1.000000
0.977015 -0.040059 -0.209373 -0.003315 0.069512 0.988368 0.135267 0.054724 0.201519 -0.146711 0.968435 0.099200 0.000000 0.000000 0.000000 1.000000
0.972842 -0.041062 -0.227800 -0.003742 0.076388 0.985957 0.148502 0.064242 0.218503 -0.161871 0.962317 0.098914 0.000000 0.000000 0.000000 1.000000
0.968509 -0.041522 -0.245490 -0.004185 0.083035 0.983413 0.161258 0.075447 0.234723 -0.176564 0.955893 0.098628 0.000000 0.000000 0.000000 1.000000
0.964117 -0.041495 -0.262216 -0.004642 0.089363 0.980796 0.173361 0.087870 0.249987 -0.190573 0.949310 0.098340 0.000000 0.000000 0.000000 1.000000
0.959775 -0.041059 -0.277752 -0.005112 0.095281 0.978176 0.184644 0.101042 0.264109 -0.203681 0.942741 0.098052 0.000000 0.000000 0.000000 1.000000
0.955605 -0.040312 -0.291880 -0.005593 0.100699 0.975632 0.194942 0.114492 0.276909 -0.215680 0.936378 0.097763 0.000000 0.000000 0.000000 1.000000
0.951734 -0.039366 -0.304389 -0.006084 0.105529 0.973247 0.204093 0.127752 0.288211 -0.226364 0.930427 0.097473 0.000000 0.000000 0.000000 1.000000
0.948293 -0.038342 -0.315073 -0.006582 0.109681 0.971109 0.211936 0.140350 0.297844 -0.235535 0.925101 0.097182 0.000000 0.000000 0.000000 1.000000
0.945411 -0.037365 -0.323731 -0.007086 0.113066 0.969306 0.218315 0.151818 0.305638 -0.243000 0.920618 0.096890 0.000000 0.000000 0.000000 1.000000
0.943215 -0.036553 -0.330165 -0.007595 0.115594 0.967925 0.223070 0.161687 0.311421 -0.248568 0.917186 0.096598 0.000000 0.000000 0.000000 1.000000
0.941823 -0.036009 -0.334174 -0.008106 0.117177 0.967044 0.226042 0.169486 0.315022 -0.252049 0.915004 0.096305 0.000000 0.000000 0.000000 1.000000
0.941339 -0.035815 -0.335557 -0.008618 0.117724 0.966737 0.227069 0.174745 0.316263 -0.253252 0.914243 0.096011 0.000000 0.000000 0.000000 1.000000
0.941933 -0.036305 -0.333831 -0.009129 0.117721 0.966748 0.227025 0.178329 0.314488 -0.253141 0.914886 0.095716 0.000000 0.000000 0.000000 1.000000
0.943642 -0.037714 -0.328813 -0.009637 0.117700 0.966781 0.226894 0.181432 0.309334 -0.252808 0.916734 0.095421 0.000000 0.000000 0.000000 1.000000
0.946327 -0.039947 -0.320734 -0.010141 0.117642 0.966838 0.226684 0.184085 0.301042 -0.252248 0.919644 0.095125 0.000000 0.000000 0.000000 1.000000
0.949828 -0.042910 -0.309816 -0.010640 0.117528 0.966918 0.226398 0.186315 0.289852 -0.251452 0.923449 0.094829 0.000000 0.000000 0.000000 1.000000
0.953969 -0.046502 -0.296278 -0.011130 0.117342 0.967024 0.226044 0.188152 0.275997 -0.250405 0.927967 0.094532 0.000000 0.000000 0.000000 1.000000
0.958565 -0.050623 -0.280341 -0.011611 0.117063 0.967155 0.225626 0.189624 0.259712 -0.249095 0.933007 0.094234 0.000000 0.000000 0.000000 1.000000
0.963428 -0.055170 -0.262226 -0.012081 0.116674 0.967313 0.225151 0.190760 0.241233 -0.247511 0.938373 0.093936 0.000000 0.000000 0.000000 1.000000
0.968377 -0.060040 -0.242161 -0.012539 0.116156 0.967498 0.224622 0.191589 0.220804 -0.245647 0.943876 0.093637 0.000000 0.000000 0.000000 1.000000
0.973237 -0.065128 -0.220382 -0.012982 0.115492 0.967711 0.224047 0.192140 0.198674 -0.243503 0.949334 0.093338 0.000000 0.000000 0.000000 1.000000
0.977851 -0.070331 -0.197132 -0.013408 0.114661 0.967953 0.223429 0.192442 0.175101 -0.241084 0.954578 0.093039 0.000000 0.000000 0.000000 1.000000
0.982079 -0.075546 -0.172665 -0.013817 0.113647 0.968223 0.222776 0.192524 0.150348 -0.238406 0.959457 0.092739 0.000000 0.000000 0.000000 1.000000
0.985805 -0.080673 -0.147243 -0.014206 0.112431 0.968522 0.222091 0.192414 0.124691 -0.235493 0.963844 0.092438 0.000000 0.000000 0.000000 1.000000
0.988937 -0.085615 -0.121137 -0.014574 0.110994 0.968850 0.221381 0.192141 0.098410 -0.232377 0.967634 0.092137 0.000000 0.000000 0.000000 1.000000
0.991411 -0.090279 -0.094624 -0.014918 0.109317 0.969208 0.220650 0.191734 0.071790 -0.229099 0.970752 0.091836 0.000000 0.000000 0.000000 1.000000
0.993193 -0.094577 -0.067987 -0.015238 0.107383 0.969593 0.219904 0.191222 0.045122 -0.225708 0.973149 0.091535 0.000000 0.000000 0.000000 1.000000
0.994278 -0.098424 -0.041513 -0.015532 0.105172 0.970007 0.219148 0.190634 0.018698 -0.222260 0.974808 0.091233 0.000000 0.000000 0.000000 1.000000
0.994690 -0.101745 -0.015489 -0.015797 0.102666 0.970447 0.218387 0.189998 -0.007188 -0.218817 0.975739 0.090931 0.000000 0.000000 0.000000 1.000000
0.994480 -0.104466 0.009798 -0.016033 0.099846 0.970912 0.217625 0.189344 -0.032247 -0.215445 0.975983 0.090629 0.000000 0.000000 0.000000 1.000000
0.993727 -0.106521 0.034062 -0.016237 0.096694 0.971400 0.216868 0.188700 -0.056189 -0.212214 0.975607 0.090327 0.000000 0.000000 0.000000 1.000000
0.992531 -0.107849 0.057022 -0.016407 0.093192 0.971909 0.216120 0.188096 -0.078729 -0.209192 0.974700 0.090024 0.000000 0.000000 0.000000 1.000000
0.991012 -0.108391 0.078403 -0.016543 0.089319 0.972436 0.215386 0.187559 -0.099588 -0.206447 0.973377 0.089721 0.000000 0.000000 0.000000 1.000000
0.989305 -0.108093 0.097934 -0.016642 0.085058 0.972976 0.214670 0.187119 -0.118492 -0.204044 0.971764 0.089419 0.000000 0.000000 0.000000 1.000000
0.987556 -0.106902 0.115350 -0.016703 0.080390 0.973525 0.213977 0.186805 -0.135171 -0.202042 0.970004 0.089116 0.000000 0.000000 0.000000 1.000000
0.985912 -0.104764 0.130391 -0.016724 0.075295 0.974079 0.213311 0.186646 -0.149359 -0.200488 0.968244 0.088813 0.000000 0.000000 0.000000 1.000000
0.984457 -0.100922 0.143735 -0.016705 0.068858 0.974678 0.212746 0.185813 -0.161566 -0.199542 0.966478 0.088510 0.000000 0.000000 0.000000 1.000000
0.983155 -0.094851 0.156238 -0.016648 0.060354 0.975333 0.212327 0.183555 -0.172523 -0.199321 0.964628 0.088207 0.000000 0.000000 0.000000 1.000000
0.981969 -0.086842 0.167913 -0.016557 0.050059 0.975984 0.212013 0.180010 -0.182292 -0.199784 0.962734 0.087904 0.000000 0.000000 0.000000 1.000000
0.980858 -0.077179 0.178777 -0.016431 0.038245 0.976573 0.211761 0.175319 -0.190932 -0.200871 0.960831 0.087601 0.000000 0.000000 0.000000 1.000000
0.979777 -0.066143 0.188845 -0.016273 0.025187 0.977046 0.211534 0.169620 -0.198502 -0.202500 0.958953 0.087298 0.000000 0.000000 0.000000 1.000000
0.978686 -0.054012 0.198132 -0.016084 0.011164 0.977359 0.211292 0.163054 -0.205059 -0.204577 0.957131 0.086995 0.000000 0.000000 0.000000 1.000000
0.977552 -0.041060 0.206653 -0.015865 -0.003548 0.977479 0.211001 0.155759 -0.210662 -0.206998 0.955392 0.086692 0.000000 0.000000 0.000000 1.000000
0.976353 -0.027558 0.214419 -0.015618 -0.018669 0.977388 0.210628 0.147875 -0.215375 -0.209650 0.953761 0.086390 0.000000 0.000000 0.000000 1.000000
0.975076 -0.013776 0.221442 -0.015345 -0.033919 0.977082 0.210144 0.139543 -0.219262 -0.212418 0.952262 0.086087 0.000000 0.000000 0.000000 1.000000
0.973724 0.000017 0.227731 -0.015047 -0.049020 0.976574 0.209525 0.130901 -0.222392 -0.215182 0.950914 0.085785 0.000000 0.000000 0.000000 1.000000
0.972312 0.013555 0.233294 -0.014725 -0.063691 0.975893 0.208747 0.122088 -0.224841 -0.217826 0.949736 0.085483 0.000000 0.000000 0.000000 1.000000
0.970868 0.026571 0.238139 -0.014382 -0.077656 0.975085 0.207794 0.113246 -0.226685 -0.220233 0.948742 0.085181 0.000000 0.000000 0.000000 1.000000
0.969432 0.038803 0.242272 -0.014018 -0.090639 0.974208 0.206650 0.104512 -0.228005 -0.222293 0.947945 0.084880 0.000000 0.000000 0.000000 1.000000
0.968056 0.049986 0.245701 -0.013635 -0.102366 0.973330 0.205303 0.096027 -0.228886 -0.223896 0.947355 0.084579 0.000000 0.000000 0.000000 1.000000
0.966798 0.059856 0.248434 -0.013235 -0.112566 0.972532 0.203741 0.087931 -0.229415 -0.224941 0.946980 0.084278 0.000000 0.000000 0.000000 1.000000
0.965720 0.068151 0.250480 -0.012818 -0.120968 0.971896 0.201954 0.080362 -0.229677 -0.225331 0.946823 0.083978 0.000000 0.000000 0.000000 1.000000
0.964885 0.074605 0.251854 -0.012388 -0.127303 0.971505 0.199932 0.073460 -0.229761 -0.224973 0.946888 0.083678 0.000000 0.000000 0.000000 1.000000
0.964352 0.078954 0.252572 -0.011944 -0.131303 0.971437 0.197662 0.067365 -0.229751 -0.223779 0.947173 0.083378 0.000000 0.000000 0.000000 1.000000
0.964166 0.080927 0.252657 -0.011490 -0.132696 0.971760 0.195127 0.062217 -0.229731 -0.221661 0.947676 0.083079 0.000000 0.000000 0.000000 1.000000
0.964369 0.081381 0.251734 -0.011025 -0.132318 0.972323 0.192563 0.057699 -0.229095 -0.219011 0.948446 0.082780 0.000000 0.000000 0.000000 1.000000
0.964958 0.081372 0.249469 -0.010552 -0.131215 0.972939 0.190191 0.053409 -0.227242 -0.216260 0.949522 0.082482 0.000000 0.000000 0.000000 1.000000
0.965898 0.080926 0.245952 -0.010073 -0.129435 0.973609 0.187968 0.049350 -0.224249 -0.213393 0.950882 0.082185 0.000000 0.000000 0.000000 1.000000
0.967150 0.080068 0.241267 -0.009588 -0.127026 0.974332 0.185853 0.045530 -0.220193 -0.210395 0.952496 0.081887 0.000000 0.000000 0.000000 1.000000
0.968672 0.078827 0.235501 -0.009099 -0.124036 0.975106 0.183803 0.041952 -0.215150 -0.207256 0.954335 0.081591 0.000000 0.000000 0.000000 1.000000
0.970420 0.077228 0.228738 -0.008608 -0.120513 0.975927 0.181777 0.038624 -0.209194 -0.203966 0.956366 0.081295 0.000000 0.000000 0.000000 1.000000
0.972348 0.075298 0.221064 -0.008116 -0.116504 0.976792 0.179732 0.035549 -0.202400 -0.200517 0.958555 0.081000 0.000000 0.000000 0.000000 1.000000
0.974412 0.073063 0.212564 -0.007625 -0.112058 0.977697 0.177626 0.032735 -0.194846 -0.196901 0.960867 0.080705 0.000000 0.000000 0.000000 1.000000
0.976566 0.070549 0.203325 -0.007136 -0.107221 0.978638 0.175417 0.030186 -0.186606 -0.193107 0.963269 0.080411 0.000000 0.000000 0.000000 1.000000
0.978769 0.067783 0.193433 -0.006651 -0.102043 0.979610 0.173062 0.027909 -0.177759 -0.189127 0.965729 0.080118 0.000000 0.000000 0.000000 1.000000
0.980980 0.064789 0.182979 -0.006171 -0.096571 0.980611 0.170520 0.025907 -0.168383 -0.184947 0.968216 0.079826 0.000000 0.000000 0.000000 1.000000
0.983161 0.061594 0.172051 -0.005698 -0.090853 0.981635 0.167747 0.024188 -0.158559 -0.180554 0.970701 0.079534 0.000000 0.000000 0.000000 1.000000
0.985278 0.058222 0.160741 -0.005234 -0.084938 0.982679 0.164703 0.022757 -0.148367 -0.175931 0.973157 0.079243 0.000000 0.000000 0.000000 1.000000
0.987302 0.054699 0.149143 -0.004779 -0.078875 0.983741 0.161344 0.021618 -0.137892 -0.171059 0.975564 0.078953 0.000000 0.000000 0.000000 1.000000
0.989206 0.051050 0.137350 -0.004336 -0.072711 0.984818 0.157629 0.020779 -0.127218 -0.165915 0.977900 0.078664 0.000000 0.000000 0.000000 1.000000
0.990607 0.048991 0.127665 -0.004040 -0.067890 0.986628 0.148174 0.021265 -0.118698 -0.155449 0.980687 0.078938 0.000000 0.000000 0.000000 1.000000
0.992023 0.046535 0.117152 -0.003719 -0.062619 0.988508 0.137591 0.022639 -0.109403 -0.143829 0.983537 0.079713 0.000000 0.000000 0.000000 1.000000
0.993403 0.043673 0.106037 -0.003379 -0.056998 0.990381 0.126080 0.024774 -0.099511 -0.131292 0.986337 0.080917 0.000000 0.000000 0.000000 1.000000
0.994700 0.040411 0.094544 -0.003026 -0.051129 0.992182 0.113848 0.027543 -0.089204 -0.118078 0.988989 0.082479 0.000000 0.000000 0.000000 1.000000
0.995880 0.036775 0.082893 -0.002666 -0.045117 0.993851 0.101114 0.030819 -0.078665 -0.104437 0.991416 0.084327 0.000000 0.000000 0.000000 1.000000
0.996915 0.032815 0.071300 -0.002305 -0.039065 0.995345 0.088107 0.034476 -0.068077 -0.090620 0.993556 0.086389 0.000000 0.000000 0.000000 1.000000
0.997790 0.028603 0.059973 -0.001950 -0.033081 0.996629 0.075069 0.038387 -0.057624 -0.076887 0.995373 0.088595 0.000000 0.000000 0.000000 1.000000
0.998499 0.024231 0.049111 -0.001606 -0.027273 0.997688 0.062250 0.042424 -0.047489 -0.063496 0.996852 0.090872 0.000000 0.000000 0.000000 1.000000
0.999046 0.019815 0.038905 -0.001279 -0.021748 0.998517 0.049912 0.046462 -0.037858 -0.050711 0.997996 0.093149 0.000000 0.000000 0.000000 1.000000
0.999444 0.015486 0.029534 -0.000977 -0.016613 0.999127 0.038323 0.050372 -0.028915 -0.038792 0.998829 0.095355 0.000000 0.000000 0.000000 1.000000
0.999711 0.011391 0.021169 -0.000704 -0.011977 0.999543 0.027756 0.054029 -0.020844 -0.028002 0.999391 0.097417 0.000000 0.000000 0.000000 1.000000
0.999873 0.007689 0.013973 -0.000467 -0.007947 0.999797 0.018491 0.057305 -0.013828 -0.018599 0.999731 0.099265 0.000000 0.000000 0.000000 1.000000
0.999957 0.004540 0.008103 -0.000272 -0.004628 0.999931 0.010806 0.060075 -0.008053 -0.010843 0.999909 0.100827 0.000000 0.000000 0.000000 1.000000
0.999991 0.002108 0.003712 -0.000125 -0.002127 0.999985 0.004980 0.062210 -0.003701 -0.004988 0.999981 0.102031 0.000000 0.000000 0.000000 1.000000
0.999999 0.000548 0.000957 -0.000032 -0.000549 0.999999 0.001289 0.063584 -0.000956 -0.001289 0.999999 0.102806 0.000000 0.000000 0.000000 1.000000
1.000000 0.000000 0.000000 -0.000000 0.000000 1.000000 0.000000 0.064070 0.000000 0.000000 1.000000 0.103080 0.000000 0.000000 0.000000 1.000000
1.000000 0.000000 0.000000 -0.000000 0.000000 1.000000 0.000000 0.053282 0.000000 0.000000 1.000000 0.058154 0.000000 0.000000 0.000000 1.000000</float_array><technique_common><accessor source="#root-Matrix-animation-output-transform-array" count="101" stride="16"><param type="float4x4"/></accessor></technique_common></source><source id="root-Interpolations"><Name_array id="root-Interpolations-array" count="101">
 LINEAR LINEAR LINEAR LINEAR LINEAR LINEAR LINEAR LINEAR LINEAR LINEAR LINEAR
LINEAR LINEAR LINEAR LINEAR LINEAR LINEAR LINEAR LINEAR LINEAR LINEAR LINEAR LINEAR
LINEAR LINEAR LINEAR LINEAR LINEAR LINEAR LINEAR LINEAR LINEAR LINEAR LINEAR LINEAR
LINEAR LINEAR LINEAR LINEAR LINEAR LINEAR LINEAR LINEAR LINEAR LINEAR LINEAR LINEAR
LINEAR LINEAR LINEAR LINEAR LINEAR LINEAR LINEAR LINEAR LINEAR LINEAR LINEAR LINEAR
LINEAR LINEAR LINEAR LINEAR LINEAR LINEAR LINEAR LINEAR LINEAR LINEAR LINEAR LINEAR
LINEAR LINEAR LINEAR LINEAR LINEAR LINEAR LINEAR LINEAR LINEAR LINEAR LINEAR LINEAR
LINEAR LINEAR LINEAR LINEAR LINEAR LINEAR LINEAR LINEAR LINEAR LINEAR LINEAR LINEAR
LINEAR LINEAR LINEAR LINEAR LINEAR LINEAR</Name_array><technique_common><accessor source="#root-Interpolations-array" count="101"><param type="name"/></accessor></technique_common></source><sampler id="root-Matrix-animation-transform"><input semantic="INPUT" source="#root-Matrix-animation-input"/><input semantic="OUTPUT" source="#root-Matrix-animation-output-transform"/><input semantic="INTERPOLATION" source="#root-Interpolations"/></sampler><channel source="#root-Matrix-animation-transform" target="root/matrix"/></animation><animation><source id="root-visibility-animation-input"><float_array id="root-visibility-animation-input-array" count="85">

0.033333 0.066667 0.100000 0.133333 0.166667 0.200000 0.233333 0.266667 0.300000 0.333333 0.366667 0.400000 0.433333 0.466667 0.500000 0.533333
0.566667 0.600000 0.633333 0.666667 0.700000 0.733333 0.766667 0.800000 0.833333 0.866667 0.900000 0.933333 0.966667 1.000000 1.033333 1.066667
1.100000 1.133333 1.166667 1.200000 1.233333 1.266667 1.300000 1.333333 1.366667 1.400000 1.433333 1.466667 1.500000 1.533333 1.566667 1.600000
1.633333 1.666667 1.700000 1.733333 1.766667 1.800000 1.833333 1.866667 1.900000 1.933333 1.966667 2.000000 2.033333 2.066667 2.100000 2.133333
2.166667 2.200000 2.233333 2.266667 2.300000 2.333333 2.366667 2.400000 2.433333 2.466667 2.500000 2.533333 2.566667 2.600000 2.633333 2.666667
2.700000 2.733333 2.766667 2.800000 3.333333</float_array><technique_common><accessor source="#root-visibility-animation-input-array" count="85"><param name="TIME" type="float"/></accessor></technique_common></source><source id="root-visibility-animation-output"><float_array id="root-visibility-animation-output-array" count="85">

1.000000 1.000000 1.000000 1.000000 1.000000 1.000000 1.000000 1.000000 1.000000 1.000000 1.000000 1.000000 1.000000 1.000000 1.000000 1.000000
1.000000 1.000000 1.000000 1.000000 1.000000 1.000000 1.000000 1.000000 1.000000 1.000000 1.000000 1.000000 1.000000 1.000000 1.000000 1.000000
1.000000 1.000000 1.000000 1.000000 1.000000 1.000000 1.000000 1.000000 1.000000 1.000000 1.000000 1.000000 1.000000 1.000000 1.000000 1.000000
1.000000 1.000000 1.000000 1.000000 1.000000 1.000000 1.000000 1.000000 1.000000 1.000000 1.000000 1.000000 1.000000 1.000000 1.000000 1.000000
1.000000 1.000000 1.000000 1.000000 1.000000 1.000000 1.000000 1.000000 1.000000 1.000000 1.000000 1.000000 1.000000 1.000000 1.000000 1.000000
1.000000 1.000000 1.000000 1.000000 1.000000</float_array><technique_common><accessor source="#root-visibility-animation-output-array" count="85"><param type="float"/></accessor></technique_common></source><source id="root-visibility-animation-intan"><float_array id="root-visibility-animation-intan-array" count="85">

0.000000 0.000000 0.000000 0.000000 0.000000 0.000000 0.000000 0.000000 0.000000 0.000000 0.000000 0.000000 0.000000 0.000000 0.000000 0.000000
0.000000 0.000000 0.000000 0.000000 0.000000 0.000000 0.000000 0.000000 0.000000 0.000000 0.000000 0.000000 0.000000 0.000000 0.000000 0.000000
0.000000 0.000000 0.000000 0.000000 0.000000 0.000000 0.000000 0.000000 0.000000 0.000000 0.000000 0.000000 0.000000 0.000000 0.000000 0.000000
0.000000 0.000000 0.000000 0.000000 0.000000 0.000000 0.000000 0.000000 0.000000 0.000000 0.000000 0.000000 0.000000 0.000000 0.000000 0.000000
0.000000 0.000000 0.000000 0.000000 0.000000 0.000000 0.000000 0.000000 0.000000 0.000000 0.000000 0.000000 0.000000 0.000000 0.000000 0.000000
0.000000 0.000000 0.000000 0.000000 0.000000</float_array><technique_common><accessor source="#root-visibility-animation-intan-array" count="85"><param type="float"/></accessor></technique_common></source><source id="root-visibility-animation-outtan"><float_array id="root-visibility-animation-outtan-array" count="85">

0.000000 0.000000 0.000000 0.000000 0.000000 0.000000 0.000000 0.000000 0.000000 0.000000 0.000000 0.000000 0.000000 0.000000 0.000000 0.000000
0.000000 0.000000 0.000000 0.000000 0.000000 0.000000 0.000000 0.000000 0.000000 0.000000 0.000000 0.000000 0.000000 0.000000 0.000000 0.000000
0.000000 0.000000 0.000000 0.000000 0.000000 0.000000 0.000000 0.000000 0.000000 0.000000 0.000000 0.000000 0.000000 0.000000 0.000000 0.000000
0.000000 0.000000 0.000000 0.000000 0.000000 0.000000 0.000000 0.000000 0.000000 0.000000 0.000000 0.000000 0.000000 0.000000 0.000000 0.000000
0.000000 0.000000 0.000000 0.000000 0.000000 0.000000 0.000000 0.000000 0.000000 0.000000 0.000000 0.000000 0.000000 0.000000 0.000000 0.000000
0.000000 0.000000 0.000000 0.000000 0.000000</float_array><technique_common><accessor source="#root-visibility-animation-outtan-array" count="85"><param type="float"/></accessor></technique_common></source><source id="root-visibility-animation-interpolation"><Name_array id="root-visibility-animation-interpolation-array" count="85">
 BEZIER BEZIER BEZIER BEZIER BEZIER BEZIER BEZIER BEZIER BEZIER BEZIER BEZIER
BEZIER BEZIER BEZIER BEZIER BEZIER BEZIER BEZIER BEZIER BEZIER BEZIER BEZIER BEZIER
BEZIER BEZIER BEZIER BEZIER BEZIER BEZIER BEZIER BEZIER BEZIER BEZIER BEZIER BEZIER
BEZIER BEZIER BEZIER BEZIER BEZIER BEZIER BEZIER BEZIER BEZIER BEZIER BEZIER BEZIER
BEZIER BEZIER BEZIER BEZIER BEZIER BEZIER BEZIER BEZIER BEZIER BEZIER BEZIER BEZIER
BEZIER BEZIER BEZIER BEZIER BEZIER BEZIER BEZIER BEZIER BEZIER BEZIER BEZIER BEZIER
BEZIER BEZIER BEZIER BEZIER BEZIER BEZIER BEZIER BEZIER BEZIER BEZIER BEZIER BEZIER
BEZIER BEZIER</Name_array><technique_common><accessor source="#root-visibility-animation-interpolation-array" count="85"><param type="name"/></accessor></technique_common></source><sampler id="root-visibility-animation"><input semantic="INPUT" source="#root-visibility-animation-input"/><input semantic="OUTPUT" source="#root-visibility-animation-output"/><input semantic="IN_TANGENT" source="#root-visibility-animation-intan"/><input semantic="OUT_TANGENT" source="#root-visibility-animation-outtan"/><input semantic="INTERPOLATION" source="#root-visibility-animation-interpolation"/></sampler><channel source="#root-visibility-animation" target="root/visibility"/></animation></animation>
    <animation id="hips-anim" name="hips"><animation><source id="hips-Matrix-animation-input"><float_array id="hips-Matrix-animation-input-array" count="101">

0.033333 0.066667 0.100000 0.133333 0.166667 0.200000 0.233333 0.266667 0.300000 0.333333 0.366667 0.400000 0.433333 0.466667 0.500000 0.533333
0.566667 0.600000 0.633333 0.666667 0.700000 0.733333 0.766667 0.800000 0.833333 0.866667 0.900000 0.933333 0.966667 1.000000 1.033333 1.066667
1.100000 1.133333 1.166667 1.200000 1.233333 1.266667 1.300000 1.333333 1.366667 1.400000 1.433333 1.466667 1.500000 1.533333 1.566667 1.600000
1.633333 1.666667 1.700000 1.733333 1.766667 1.800000 1.833333 1.866667 1.900000 1.933333 1.966667 2.000000 2.033333 2.066667 2.100000 2.133333
2.166667 2.200000 2.233333 2.266667 2.300000 2.333333 2.366667 2.400000 2.433333 2.466667 2.500000 2.533333 2.566667 2.600000 2.633333 2.666667
2.700000 2.733333 2.766667 2.800000 2.833333 2.866667 2.900000 2.933333 2.966667 3.000000 3.033333 3.066667 3.100000 3.133333 3.166667 3.200000
3.233333 3.266667 3.300000 3.333333 3.366667</float_array><technique_common><accessor source="#hips-Matrix-animation-input-array" count="101"><param name="TIME" type="float"/></accessor></technique_common></source><source id="hips-Matrix-animation-output-transform"><float_array id="hips-Matrix-animation-output-transform-array" count="1616">

1.000000 0.000000 0.000000 -0.000000 0.000000 1.000000 0.000000 -0.038776 0.000000 0.000000 1.000000 0.002253 0.000000 0.000000 0.000000 1.000000
0.999991 -0.001181 -0.003979 -0.000000 0.001186 0.999998 0.001379 -0.038776 0.003977 -0.001383 0.999991 0.002253 0.000000 0.000000 0.000000 1.000000
0.999965 -0.002401 -0.007960 -0.000000 0.002424 0.999993 0.002918 -0.038776 0.007953 -0.002937 0.999964 0.002253 0.000000 0.000000 0.000000 1.000000
0.999922 -0.003646 -0.011943 -0.000000 0.003701 0.999983 0.004563 -0.038776 0.011926 -0.004607 0.999918 0.002253 0.000000 0.000000 0.000000 1.000000
0.999861 -0.004905 -0.015926 -0.000000 0.005005 0.999968 0.006262 -0.038776 0.015895 -0.006340 0.999854 0.002253 0.000000 0.000000 0.000000 1.000000
0.999783 -0.006163 -0.019909 -0.000000 0.006323 0.999948 0.007960 -0.038776 0.019859 -0.008084 0.999770 0.002253 0.000000 0.000000 0.000000 1.000000
0.999687 -0.007408 -0.023891 -0.000000 0.007639 0.999925 0.009604 -0.038776 0.023818 -0.009784 0.999668 0.002253 0.000000 0.000000 0.000000 1.000000
0.999574 -0.008627 -0.027871 0.000000 0.008940 0.999898 0.011141 -0.038776 0.027772 -0.011386 0.999549 0.002253 0.000000 0.000000 0.000000 1.000000
0.999445 -0.009806 -0.031848 0.000000 0.010209 0.999870 0.012518 -0.038776 0.031721 -0.012836 0.999414 0.002253 0.000000 0.000000 0.000000 1.000000
0.999298 -0.010932 -0.035821 0.000000 0.011429 0.999841 0.013681 -0.038776 0.035666 -0.014081 0.999265 0.002253 0.000000 0.000000 0.000000 1.000000
0.999136 -0.011993 -0.039790 0.000000 0.012582 0.999815 0.014576 -0.038776 0.039608 -0.015065 0.999102 0.002253 0.000000 0.000000 0.000000 1.000000
0.998958 -0.012976 -0.043753 -0.000000 0.013650 0.999792 0.015152 -0.038776 0.043547 -0.015733 0.998927 0.002253 0.000000 0.000000 0.000000 1.000000
0.998765 -0.013867 -0.047709 -0.000000 0.014614 0.999775 0.015353 -0.038776 0.047485 -0.016032 0.998743 0.002253 0.000000 0.000000 0.000000 1.000000
0.998541 -0.014698 -0.051958 0.000000 0.015506 0.999764 0.015193 -0.038776 0.051723 -0.015976 0.998534 0.002253 0.000000 0.000000 0.000000 1.000000
0.998271 -0.015503 -0.056692 0.000000 0.016364 0.999757 0.014744 -0.038776 0.056450 -0.015647 0.998283 0.002253 0.000000 0.000000 0.000000 1.000000
0.997959 -0.016274 -0.061747 0.000000 0.017172 0.999754 0.014048 -0.038776 0.061503 -0.015080 0.997993 0.002253 0.000000 0.000000 0.000000 1.000000
0.997611 -0.017000 -0.066960 0.000000 0.017919 0.999753 0.013146 -0.038776 0.066720 -0.014314 0.997669 0.002253 0.000000 0.000000 0.000000 1.000000
0.997236 -0.017674 -0.072168 0.000000 0.018593 0.999754 0.012076 -0.038776 0.071937 -0.013385 0.997319 0.002253 0.000000 0.000000 0.000000 1.000000
0.996847 -0.018286 -0.077208 0.000000 0.019182 0.999757 0.010881 -0.038776 0.076990 -0.012328 0.996956 0.002253 0.000000 0.000000 0.000000 1.000000
0.996461 -0.018827 -0.081917 0.000000 0.019679 0.999760 0.009600 -0.038776 0.081716 -0.011178 0.996593 0.002253 0.000000 0.000000 0.000000 1.000000
0.996097 -0.019289 -0.086133 0.000000 0.020076 0.999764 0.008275 -0.038776 0.085953 -0.009972 0.996249 0.002253 0.000000 0.000000 0.000000 1.000000
0.995775 -0.019664 -0.089694 0.000000 0.020368 0.999768 0.006944 -0.038776 0.089537 -0.008742 0.995945 0.002253 0.000000 0.000000 0.000000 1.000000
0.995519 -0.019941 -0.092438 -0.000000 0.020551 0.999773 0.005649 -0.038776 0.092305 -0.007524 0.995702 0.002253 0.000000 0.000000 0.000000 1.000000
0.995350 -0.020115 -0.094204 0.000000 0.020623 0.999778 0.004429 -0.038776 0.094094 -0.006351 0.995543 0.002253 0.000000 0.000000 0.000000 1.000000
0.995289 -0.020174 -0.094828 0.000000 0.020582 0.999783 0.003324 -0.038776 0.094740 -0.005260 0.995488 0.002253 0.000000 0.000000 0.000000 1.000000
0.995366 -0.020051 -0.094044 0.000000 0.020352 0.999790 0.002238 -0.038776 0.093979 -0.004141 0.995566 0.002253 0.000000 0.000000 0.000000 1.000000
0.995583 -0.019698 -0.091798 0.000000 0.019879 0.999802 0.001057 -0.038776 0.091759 -0.002877 0.995777 0.002253 0.000000 0.000000 0.000000 1.000000
0.995914 -0.019141 -0.088253 0.000000 0.019198 0.999816 -0.000201 -0.038776 0.088240 -0.001494 0.996098 0.002253 0.000000 0.000000 0.000000 1.000000
0.996332 -0.018405 -0.083569 -0.000000 0.018342 0.999831 -0.001522 -0.038776 0.083583 -0.000016 0.996501 0.002253 0.000000 0.000000 0.000000 1.000000
0.996807 -0.017513 -0.077908 0.000000 0.017341 0.999845 -0.002890 -0.038776 0.077947 0.001529 0.996956 0.002253 0.000000 0.000000 0.000000 1.000000
0.997309 -0.016493 -0.071432 0.000000 0.016228 0.999859 -0.004288 -0.038776 0.071493 0.003117 0.997436 0.002253 0.000000 0.000000 0.000000 1.000000
0.997812 -0.015367 -0.064302 0.000000 0.015032 0.999871 -0.005700 -0.038776 0.064381 0.004721 0.997914 0.002253 0.000000 0.000000 0.000000 1.000000
0.998292 -0.014163 -0.056680 0.000000 0.013782 0.999880 -0.007111 -0.038776 0.056774 0.006317 0.998367 0.002253 0.000000 0.000000 0.000000 1.000000
0.998729 -0.012905 -0.048729 0.000000 0.012505 0.999886 -0.008502 -0.038776 0.048833 0.007882 0.998776 0.002253 0.000000 0.000000 0.000000 1.000000
0.999107 -0.011620 -0.040612 0.000000 0.011228 0.999888 -0.009859 -0.038776 0.040723 0.009394 0.999126 0.002253 0.000000 0.000000 0.000000 1.000000
0.999419 -0.010333 -0.032493 0.000000 0.009975 0.999888 -0.011164 -0.038776 0.032605 0.010834 0.999410 0.002253 0.000000 0.000000 0.000000 1.000000
0.999658 -0.009070 -0.024534 0.000000 0.008768 0.999885 -0.012401 -0.038776 0.024644 0.012182 0.999622 0.002253 0.000000 0.000000 0.000000 1.000000
0.999826 -0.007859 -0.016900 0.000000 0.007630 0.999879 -0.013553 -0.038776 0.017005 0.013422 0.999765 0.002253 0.000000 0.000000 0.000000 1.000000
0.999930 -0.006724 -0.009754 -0.000000 0.006581 0.999872 -0.014604 -0.038776 0.009851 0.014538 0.999846 0.002253 0.000000 0.000000 0.000000 1.000000
0.999978 -0.005692 -0.003260 0.000000 0.005641 0.999863 -0.015537 -0.038776 0.003348 0.015518 0.999874 0.002253 0.000000 0.000000 0.000000 1.000000
0.999986 -0.004789 0.002419 -0.000000 0.004828 0.999855 -0.016336 -0.038776 -0.002341 0.016348 0.999864 0.002253 0.000000 0.000000 0.000000 1.000000
0.999966 -0.004042 0.007120 -0.000000 0.004163 0.999847 -0.016986 -0.038776 -0.007050 0.017015 0.999830 0.002253 0.000000 0.000000 0.000000 1.000000
0.999937 -0.003476 0.010680 -0.000000 0.003663 0.999841 -0.017470 -0.038776 -0.010617 0.017508 0.999790 0.002253 0.000000 0.000000 0.000000 1.000000
0.999911 -0.003118 0.012935 0.000000 0.003347 0.999836 -0.017772 -0.038776 -0.012878 0.017814 0.999758 0.002253 0.000000 0.000000 0.000000 1.000000
0.999901 -0.002993 0.013723 -0.000000 0.003238 0.999835 -0.017876 -0.038776 -0.013667 0.017919 0.999746 0.002253 0.000000 0.000000 0.000000 1.000000
0.999906 -0.003240 0.013312 0.000000 0.003474 0.999839 -0.017584 -0.038776 -0.013253 0.017629 0.999757 0.002253 0.000000 0.000000 0.000000 1.000000
0.999919 -0.003950 0.012131 0.000000 0.004153 0.999851 -0.016744 -0.038776 -0.012063 0.016793 0.999786 0.002253 0.000000 0.000000 0.000000 1.000000
0.999935 -0.005078 0.010256 0.000000 0.005236 0.999868 -0.015412 -0.038776 -0.010176 0.015464 0.999829 0.002253 0.000000 0.000000 0.000000 1.000000
0.999948 -0.006576 0.007764 -0.000000 0.006682 0.999885 -0.013640 -0.038776 -0.007674 0.013692 0.999877 0.002253 0.000000 0.000000 0.000000 1.000000
0.999954 -0.008399 0.004734 -0.000000 0.008453 0.999898 -0.011486 -0.038776 -0.004637 0.011525 0.999923 0.002253 0.000000 0.000000 0.000000 1.000000
0.999944 -0.010500 0.001241 -0.000000 0.010510 0.999904 -0.009002 -0.038776 -0.001146 0.009014 0.999959 0.002253 0.000000 0.000000 0.000000 1.000000
0.999914 -0.012832 -0.002638 -0.000000 0.012815 0.999898 -0.006244 -0.038776 0.002718 0.006210 0.999977 0.002253 0.000000 0.000000 0.000000 1.000000
0.999859 -0.015349 -0.006824 0.000000 0.015327 0.999877 -0.003267 -0.038776 0.006874 0.003162 0.999971 0.002253 0.000000 0.000000 0.000000 1.000000
0.999775 -0.018005 -0.011242 0.000000 0.018004 0.999838 -0.000125 -0.038776 0.011243 -0.000077 0.999937 0.002253 0.000000 0.000000 0.000000 1.000000
0.999660 -0.020752 -0.015814 -0.000000 0.020804 0.999779 0.003125 -0.038776 0.015745 -0.003453 0.999870 0.002253 0.000000 0.000000 0.000000 1.000000
0.999513 -0.023545 -0.020462 0.000000 0.023681 0.999699 0.006430 -0.038776 0.020304 -0.006912 0.999770 0.002253 0.000000 0.000000 0.000000 1.000000
0.999338 -0.026337 -0.025110 0.000000 0.026588 0.999599 0.009734 -0.038776 0.024843 -0.010395 0.999637 0.002253 0.000000 0.000000 0.000000 1.000000
0.999136 -0.029080 -0.029680 0.000000 0.029476 0.999481 0.012983 -0.038776 0.029287 -0.013846 0.999475 0.002253 0.000000 0.000000 0.000000 1.000000
0.998915 -0.031730 -0.034095 0.000000 0.032294 0.999348 0.016120 -0.038776 0.033562 -0.017204 0.999289 0.002253 0.000000 0.000000 0.000000 1.000000
0.998680 -0.034240 -0.038279 0.000000 0.034990 0.999205 0.019092 -0.038776 0.037595 -0.020406 0.999085 0.002253 0.000000 0.000000 0.000000 1.000000
0.998442 -0.036564 -0.042155 0.000000 0.037509 0.999058 0.021844 -0.038776 0.041316 -0.023391 0.998872 0.002253 0.000000 0.000000 0.000000 1.000000
0.998210 -0.038655 -0.045644 0.000000 0.039794 0.998912 0.024322 -0.038776 0.044655 -0.026094 0.998662 0.002253 0.000000 0.000000 0.000000 1.000000
0.997995 -0.040469 -0.048672 0.000000 0.041791 0.998776 0.026470 -0.038776 0.047541 -0.028451 0.998464 0.002253 0.000000 0.000000 0.000000 1.000000
0.997809 -0.041959 -0.051160 0.000000 0.043442 0.998657 0.028235 -0.038776 0.049907 -0.030396 0.998291 0.002253 0.000000 0.000000 0.000000 1.000000
0.997663 -0.043080 -0.053033 0.000000 0.044690 0.998563 0.029564 -0.038776 0.051683 -0.031864 0.998155 0.002253 0.000000 0.000000 0.000000 1.000000
0.997569 -0.043786 -0.054212 0.000000 0.045479 0.998503 0.030400 -0.038776 0.052800 -0.032792 0.998067 0.002253 0.000000 0.000000 0.000000 1.000000
0.997536 -0.044031 -0.054623 0.000000 0.045754 0.998481 0.030691 -0.038776 0.053188 -0.033115 0.998035 0.002253 0.000000 0.000000 0.000000 1.000000
0.997581 -0.043695 -0.054069 -0.000000 0.045385 0.998506 0.030441 -0.038776 0.052658 -0.032821 0.998073 0.002253 0.000000 0.000000 0.000000 1.000000
0.997708 -0.042727 -0.052475 -0.000000 0.044327 0.998575 0.029720 -0.038776 0.051131 -0.031978 0.998180 0.002253 0.000000 0.000000 0.000000 1.000000
0.997902 -0.041191 -0.049947 0.000000 0.042653 0.998681 0.028576 -0.038776 0.048704 -0.030647 0.998343 0.002253 0.000000 0.000000 0.000000 1.000000
0.998147 -0.039148 -0.046586 0.000000 0.040437 0.998816 0.027056 -0.038776 0.045472 -0.028889 0.998548 0.002253 0.000000 0.000000 0.000000 1.000000
0.998424 -0.036662 -0.042497 0.000000 0.037755 0.998969 0.025205 -0.038776 0.041530 -0.026769 0.998779 0.002253 0.000000 0.000000 0.000000 1.000000
0.998714 -0.033794 -0.037784 0.000000 0.034681 0.999132 0.023070 -0.038776 0.036972 -0.024350 0.999020 0.002253 0.000000 0.000000 0.000000 1.000000
0.999001 -0.030608 -0.032550 -0.000000 0.031291 0.999296 0.020698 -0.038776 0.031893 -0.021696 0.999256 0.002253 0.000000 0.000000 0.000000 1.000000
0.999269 -0.027165 -0.026898 0.000000 0.027659 0.999453 0.018136 -0.038776 0.026391 -0.018866 0.999474 0.002253 0.000000 0.000000 0.000000 1.000000
0.999504 -0.023531 -0.020934 0.000000 0.023856 0.999596 0.015431 -0.038776 0.020563 -0.015922 0.999662 0.002253 0.000000 0.000000 0.000000 1.000000
0.999696 -0.019767 -0.014761 0.000000 0.019954 0.999721 0.012630 -0.038776 0.014508 -0.012920 0.999811 0.002253 0.000000 0.000000 0.000000 1.000000
0.999837 -0.015938 -0.008484 -0.000000 0.016021 0.999824 0.009780 -0.038776 0.008326 -0.009915 0.999916 0.002253 0.000000 0.000000 0.000000 1.000000
0.999924 -0.012108 -0.002206 0.000000 0.012123 0.999902 0.006930 -0.038776 0.002122 -0.006957 0.999974 0.002253 0.000000 0.000000 0.000000 1.000000
0.999957 -0.008341 0.003968 -0.000000 0.008324 0.999957 0.004127 -0.038776 -0.004003 -0.004094 0.999984 0.002253 0.000000 0.000000 0.000000 1.000000
0.999940 -0.004700 0.009934 0.000000 0.004686 0.999988 0.001418 -0.038776 -0.009941 -0.001372 0.999950 0.002253 0.000000 0.000000 0.000000 1.000000
0.999878 -0.001250 0.015587 -0.000000 0.001268 0.999999 -0.001148 -0.038776 -0.015586 0.001168 0.999878 0.002253 0.000000 0.000000 0.000000 1.000000
0.999781 0.001945 0.020824 0.000000 -0.001872 0.999992 -0.003526 -0.038776 -0.020831 0.003486 0.999777 0.002253 0.000000 0.000000 0.000000 1.000000
0.999662 0.004823 0.025540 -0.000000 -0.004679 0.999973 -0.005666 -0.038776 -0.025566 0.005545 0.999658 0.002253 0.000000 0.000000 0.000000 1.000000
0.999534 0.007319 0.029631 0.000000 -0.007099 0.999947 -0.007523 -0.038776 -0.029685 0.007309 0.999533 0.002253 0.000000 0.000000 0.000000 1.000000
0.999412 0.009370 0.032994 0.000000 -0.009076 0.999918 -0.009049 -0.038776 -0.033076 0.008744 0.999415 0.002253 0.000000 0.000000 0.000000 1.000000
0.999309 0.010913 0.035524 -0.000000 -0.010557 0.999892 -0.010197 -0.038776 -0.035632 0.009815 0.999317 0.002253 0.000000 0.000000 0.000000 1.000000
0.999240 0.011885 0.037119 0.000000 -0.011487 0.999874 -0.010920 -0.038776 -0.037244 0.010486 0.999251 0.002253 0.000000 0.000000 0.000000 1.000000
0.999215 0.012223 0.037674 0.000000 -0.011810 0.999868 -0.011172 -0.038776 -0.037805 0.010718 0.999228 0.002253 0.000000 0.000000 0.000000 1.000000
0.999236 0.012061 0.037172 -0.000000 -0.011659 0.999871 -0.011023 -0.038776 -0.037301 0.010582 0.999248 0.002253 0.000000 0.000000 0.000000 1.000000
0.999293 0.011602 0.035756 0.000000 -0.011229 0.999881 -0.010604 -0.038776 -0.035875 0.010195 0.999304 0.002253 0.000000 0.000000 0.000000 1.000000
0.999378 0.010888 0.033555 0.000000 -0.010560 0.999895 -0.009952 -0.038776 -0.033659 0.009591 0.999387 0.002253 0.000000 0.000000 0.000000 1.000000
0.999479 0.009962 0.030699 -0.000000 -0.009687 0.999912 -0.009105 -0.038776 -0.030787 0.008803 0.999487 0.002253 0.000000 0.000000 0.000000 1.000000
0.999587 0.008866 0.027321 0.000000 -0.008648 0.999930 -0.008104 -0.038776 -0.027391 0.007864 0.999594 0.002253 0.000000 0.000000 0.000000 1.000000
0.999693 0.007643 0.023549 0.000000 -0.007480 0.999948 -0.006986 -0.038776 -0.023602 0.006807 0.999698 0.002253 0.000000 0.000000 0.000000 1.000000
0.999817 0.005877 0.018195 -0.000000 -0.005781 0.999969 -0.005367 -0.038776 -0.018226 0.005261 0.999820 0.002253 0.000000 0.000000 0.000000 1.000000
0.999921 0.003852 0.011994 -0.000000 -0.003810 0.999987 -0.003514 -0.038776 -0.012008 0.003468 0.999922 0.002253 0.000000 0.000000 0.000000 1.000000
0.999979 0.001953 0.006113 -0.000000 -0.001942 0.999997 -0.001779 -0.038776 -0.006117 0.001767 0.999980 0.002253 0.000000 0.000000 0.000000 1.000000
0.999998 0.000548 0.001724 -0.000000 -0.000547 1.000000 -0.000499 -0.038776 -0.001724 0.000498 0.999998 0.002253 0.000000 0.000000 0.000000 1.000000
