<?xml version="1.0" encoding="utf-8"?>
<COLLADA xmlns="http://www.collada.org/2005/11/COLLADASchema" version="1.4.1">
  <asset><contributor><author></author><authoring_tool>FBX COLLADA exporter</authoring_tool><comments></comments></contributor><created>2014-07-10T16:01:00Z</created><keywords></keywords><modified>2014-07-10T16:01:00Z</modified><revision></revision><subject></subject><title></title><unit meter="0.010000" name="centimeter"></unit><up_axis>Y_UP</up_axis></asset>
  <library_animations>
    <animation id="root-anim" name="root"><animation><source id="root-Matrix-animation-input"><float_array id="root-Matrix-animation-input-array" count="51">

0.033333 0.066667 0.100000 0.133333 0.166667 0.200000 0.233333 0.266667 0.300000 0.333333 0.366667 0.400000 0.433333 0.466667 0.500000 0.533333
0.566667 0.600000 0.633333 0.666667 0.700000 0.733333 0.766667 0.800000 0.833333 0.866667 0.900000 0.933333 0.966667 1.000000 1.033333 1.066667
1.100000 1.133333 1.166667 1.200000 1.233333 1.266667 1.300000 1.333333 1.366667 1.400000 1.433333 1.466667 1.500000 1.533333 1.566667 1.600000
1.633333 1.666667 1.700000</float_array><technique_common><accessor source="#root-Matrix-animation-input-array" count="51"><param name="TIME" type="float"/></accessor></technique_common></source><source id="root-Matrix-animation-output-transform"><float_array id="root-Matrix-animation-output-transform-array" count="816">

1.000000 0.000000 0.000000 -0.000000 0.000000 1.000000 0.000000 0.067787 0.000000 0.000000 1.000000 0.118562 0.000000 0.000000 0.000000 1.000000
0.999650 -0.003079 -0.026286 0.000254 0.003776 0.999642 0.026495 0.068333 0.026195 -0.026585 0.999303 0.114438 0.000000 0.000000 0.000000 1.000000
0.995664 -0.005309 -0.092868 0.000942 0.013664 0.995887 0.089563 0.069891 0.092011 -0.090444 0.991642 0.103245 0.000000 0.000000 0.000000 1.000000
0.983672 0.002553 -0.179952 0.001957 0.027498 0.986027 0.164300 0.072345 0.177857 -0.166565 0.969857 0.086751 0.000000 0.000000 0.000000 1.000000
0.963561 0.019301 -0.266791 0.003190 0.043113 0.973147 0.226112 0.075579 0.263991 -0.229375 0.936854 0.066722 0.000000 0.000000 0.000000 1.000000
0.941553 0.030515 -0.335481 0.004531 0.058344 0.966066 0.251621 0.079476 0.331775 -0.256488 0.907821 0.044926 0.000000 0.000000 0.000000 1.000000
0.919290 0.019583 -0.393092 0.005872 0.071879 0.973611 0.216599 0.083919 0.386961 -0.227372 0.893624 0.023129 0.000000 0.000000 0.000000 1.000000
0.893256 -0.016775 -0.449235 0.007104 0.085152 0.987526 0.132441 0.088792 0.441410 -0.156557 0.883543 0.003100 0.000000 0.000000 0.000000 1.000000
0.867250 -0.071957 -0.492645 0.008119 0.100127 0.994491 0.031006 0.093978 0.487700 -0.076217 0.869678 -0.013395 0.000000 0.000000 0.000000 1.000000
0.846372 -0.129515 -0.516605 0.008807 0.118751 0.991454 -0.054007 0.099361 0.519185 -0.015638 0.854519 -0.024587 0.000000 0.000000 0.000000 1.000000
0.836078 -0.168530 -0.522084 0.009061 0.142949 0.985697 -0.089263 0.104823 0.529660 -0.000000 0.848210 -0.028711 0.000000 0.000000 0.000000 1.000000
0.887487 -0.182224 -0.423274 0.007900 0.179107 0.982681 -0.047516 0.111459 0.424602 -0.033641 0.904755 -0.018750 0.000000 0.000000 0.000000 1.000000
0.962168 -0.214237 -0.168333 0.004898 0.225674 0.972824 0.051811 0.119971 0.152659 -0.087839 0.984368 0.007563 0.000000 0.000000 0.000000 1.000000
0.942458 -0.298491 0.150587 0.000778 0.272764 0.946955 0.169931 0.129657 -0.193322 -0.119078 0.973882 0.044873 0.000000 0.000000 0.000000 1.000000
0.818556 -0.401089 0.411210 -0.003736 0.310888 0.911288 0.270005 0.139815 -0.483027 -0.093174 0.870634 0.087828 0.000000 0.000000 0.000000 1.000000
0.699826 -0.459506 0.546899 -0.007920 0.331009 0.887077 0.321758 0.149743 -0.632991 -0.044146 0.772899 0.131067 0.000000 0.000000 0.000000 1.000000
0.669519 -0.458689 0.584251 -0.012407 0.328520 0.888301 0.320930 0.159717 -0.666198 -0.022930 0.745423 0.178351 0.000000 0.000000 0.000000 1.000000
0.700642 -0.422757 0.574785 -0.017678 0.309607 0.905913 0.288903 0.170206 -0.642841 -0.024460 0.765609 0.233254 0.000000 0.000000 0.000000 1.000000
0.762271 -0.366945 0.533192 -0.022786 0.281548 0.929733 0.237333 0.180794 -0.582815 -0.030793 0.812022 0.290132 0.000000 0.000000 0.000000 1.000000
0.823541 -0.307815 0.476476 -0.026784 0.251779 0.951045 0.179222 0.191066 -0.508318 -0.027630 0.860726 0.343347 0.000000 0.000000 0.000000 1.000000
0.862694 -0.261971 0.432586 -0.028725 0.227992 0.964985 0.129709 0.200606 -0.451419 -0.013273 0.892214 0.387262 0.000000 0.000000 0.000000 1.000000
0.884491 -0.225734 0.408313 -0.028006 0.210012 0.974117 0.083607 0.210497 -0.416618 0.011801 0.909005 0.423426 0.000000 0.000000 0.000000 1.000000
0.903273 -0.189722 0.384842 -0.025261 0.192756 0.980754 0.031076 0.221015 -0.383331 0.046110 0.922459 0.455595 0.000000 0.000000 0.000000 1.000000
0.919330 -0.158337 0.360223 -0.021390 0.176692 0.984095 -0.018378 0.230537 -0.351584 0.080544 0.932685 0.481448 0.000000 0.000000 0.000000 1.000000
0.932943 -0.135014 0.333748 -0.017295 0.162293 0.985202 -0.055112 0.237441 -0.321369 0.105582 0.941050 0.498663 0.000000 0.000000 0.000000 1.000000
0.944379 -0.122130 0.305339 -0.013878 0.150031 0.986232 -0.069553 0.240103 -0.292641 0.111495 0.949700 0.504918 0.000000 0.000000 0.000000 1.000000
0.953792 -0.116655 0.276899 -0.010991 0.140993 0.987561 -0.069606 0.238297 -0.265335 0.105431 0.958375 0.501661 0.000000 0.000000 0.000000 1.000000
0.961497 -0.113633 0.250220 -0.007993 0.134873 0.988431 -0.069384 0.233064 -0.239441 0.100461 0.965700 0.492629 0.000000 0.000000 0.000000 1.000000
0.967932 -0.111639 0.225043 -0.005048 0.130048 0.989127 -0.068665 0.224677 -0.214931 0.095729 0.971926 0.478937 0.000000 0.000000 0.000000 1.000000
0.973471 -0.109162 0.201092 -0.002320 0.124889 0.989891 -0.067219 0.213411 -0.191721 0.090550 0.977263 0.461695 0.000000 0.000000 0.000000 1.000000
0.978435 -0.104632 0.178092 0.000026 0.117766 0.990924 -0.064818 0.199541 -0.169694 0.084393 0.981877 0.442019 0.000000 0.000000 0.000000 1.000000
0.983074 -0.096424 0.155785 0.001827 0.107037 0.992368 -0.061221 0.183341 -0.148693 0.076859 0.985892 0.421019 0.000000 0.000000 0.000000 1.000000
0.987516 -0.085041 0.132591 0.003026 0.090416 0.995287 -0.035046 0.159451 -0.128986 0.046596 0.990551 0.395036 0.000000 0.000000 0.000000 1.000000
0.991437 -0.070754 0.109757 0.003753 0.068813 0.997400 0.021381 0.127072 -0.110984 -0.013646 0.993728 0.362607 0.000000 0.000000 0.000000 1.000000
0.994464 -0.053312 0.090546 0.004126 0.045396 0.995143 0.087348 0.093314 -0.094763 -0.082754 0.992054 0.328141 0.000000 0.000000 0.000000 1.000000
0.996485 -0.034465 0.076348 0.004263 0.023355 0.989605 0.141902 0.065286 -0.080445 -0.139621 0.986932 0.296046 0.000000 0.000000 0.000000 1.000000
0.997656 -0.017014 0.066279 0.004283 0.005888 0.986348 0.164566 0.050097 -0.068174 -0.163790 0.984137 0.270727 0.000000 0.000000 0.000000 1.000000
0.998335 -0.001028 0.057679 0.004205 -0.008443 0.986471 0.163717 0.045419 -0.057067 -0.163932 0.984820 0.251283 0.000000 0.000000 0.000000 1.000000
0.998666 0.015021 0.049399 0.003992 -0.022813 0.986660 0.161185 0.043725 -0.046319 -0.162097 0.985687 0.233715 0.000000 0.000000 0.000000 1.000000
0.998674 0.030447 0.041521 0.003676 -0.036617 0.986913 0.157038 0.044341 -0.036196 -0.158350 0.986719 0.217798 0.000000 0.000000 0.000000 1.000000
0.998422 0.044576 0.034144 0.003290 -0.049254 0.987252 0.151350 0.046591 -0.026962 -0.152793 0.987890 0.203305 0.000000 0.000000 0.000000 1.000000
0.998013 0.056747 0.027399 0.002866 -0.060121 0.987721 0.144198 0.049798 -0.018880 -0.145559 0.989169 0.190011 0.000000 0.000000 0.000000 1.000000
0.997568 0.066315 0.021452 0.002436 -0.068621 0.988376 0.135659 0.053287 -0.012206 -0.136801 0.990523 0.177690 0.000000 0.000000 0.000000 1.000000
0.997220 0.072654 0.016514 0.002032 -0.074159 0.989279 0.125808 0.056381 -0.007197 -0.126683 0.991917 0.166115 0.000000 0.000000 0.000000 1.000000
0.997089 0.075158 0.012847 0.001686 -0.076138 0.990477 0.114712 0.058405 -0.004103 -0.115356 0.993316 0.155061 0.000000 0.000000 0.000000 1.000000
0.997508 0.069931 0.009308 0.001348 -0.070508 0.992670 0.098156 0.059978 -0.002375 -0.098568 0.995128 0.144810 0.000000 0.000000 0.000000 1.000000
0.998406 0.056174 0.005439 0.000977 -0.056424 0.995607 0.074723 0.061961 -0.001217 -0.074911 0.997189 0.135937 0.000000 0.000000 0.000000 1.000000
0.999274 0.038026 0.002372 0.000613 -0.038096 0.998085 0.048739 0.064044 -0.000514 -0.048794 0.998809 0.128660 0.000000 0.000000 0.000000 1.000000
0.999805 0.019747 0.000639 0.000301 -0.019757 0.999501 0.024637 0.065917 -0.000152 -0.024645 0.999696 0.123194 0.000000 0.000000 0.000000 1.000000
0.999984 0.005645 0.000058 0.000082 -0.005645 0.999960 0.006900 0.067268 -0.000019 -0.006901 0.999976 0.119756 0.000000 0.000000 0.000000 1.000000
1.000000 0.000000 0.000000 -0.000000 0.000000 1.000000 0.000000 0.053282 0.000000 0.000000 1.000000 0.058154 0.000000 0.000000 0.000000 1.000000</float_array><technique_common><accessor source="#root-Matrix-animation-output-transform-array" count="51" stride="16"><param type="float4x4"/></accessor></technique_common></source><source id="root-Interpolations"><Name_array id="root-Interpolations-array" count="51">
 LINEAR LINEAR LINEAR LINEAR LINEAR LINEAR LINEAR LINEAR LINEAR LINEAR LINEAR
LINEAR LINEAR LINEAR LINEAR LINEAR LINEAR LINEAR LINEAR LINEAR LINEAR LINEAR LINEAR
LINEAR LINEAR LINEAR LINEAR LINEAR LINEAR LINEAR LINEAR LINEAR LINEAR LINEAR LINEAR
LINEAR LINEAR LINEAR LINEAR LINEAR LINEAR LINEAR LINEAR LINEAR LINEAR LINEAR LINEAR
LINEAR LINEAR LINEAR LINEAR</Name_array><technique_common><accessor source="#root-Interpolations-array" count="51"><param type="name"/></accessor></technique_common></source><sampler id="root-Matrix-animation-transform"><input semantic="INPUT" source="#root-Matrix-animation-input"/><input semantic="OUTPUT" source="#root-Matrix-animation-output-transform"/><input semantic="INTERPOLATION" source="#root-Interpolations"/></sampler><channel source="#root-Matrix-animation-transform" target="root/matrix"/></animation><animation><source id="root-visibility-animation-input"><float_array id="root-visibility-animation-input-array" count="50">

0.033333 0.066667 0.100000 0.133333 0.166667 0.200000 0.233333 0.266667 0.300000 0.333333 0.366667 0.400000 0.433333 0.466667 0.500000 0.533333
0.566667 0.600000 0.633333 0.666667 0.700000 0.733333 0.766667 0.800000 0.833333 0.866667 0.900000 0.933333 0.966667 1.000000 1.033333 1.066667
1.100000 1.133333 1.166667 1.200000 1.233333 1.266667 1.300000 1.333333 1.366667 1.400000 1.433333 1.466667 1.500000 1.533333 1.566667 1.600000
1.633333 1.666667</float_array><technique_common><accessor source="#root-visibility-animation-input-array" count="50"><param name="TIME" type="float"/></accessor></technique_common></source><source id="root-visibility-animation-output"><float_array id="root-visibility-animation-output-array" count="50">

1.000000 1.000000 1.000000 1.000000 1.000000 1.000000 1.000000 1.000000 1.000000 1.000000 1.000000 1.000000 1.000000 1.000000 1.000000 1.000000
1.000000 1.000000 1.000000 1.000000 1.000000 1.000000 1.000000 1.000000 1.000000 1.000000 1.000000 1.000000 1.000000 1.000000 1.000000 1.000000
1.000000 1.000000 1.000000 1.000000 1.000000 1.000000 1.000000 1.000000 1.000000 1.000000 1.000000 1.000000 1.000000 1.000000 1.000000 1.000000
1.000000 1.000000</float_array><technique_common><accessor source="#root-visibility-animation-output-array" count="50"><param type="float"/></accessor></technique_common></source><source id="root-visibility-animation-intan"><float_array id="root-visibility-animation-intan-array" count="50">

0.000000 0.000000 0.000000 0.000000 0.000000 0.000000 0.000000 0.000000 0.000000 0.000000 0.000000 0.000000 0.000000 0.000000 0.000000 0.000000
0.000000 0.000000 0.000000 0.000000 0.000000 0.000000 0.000000 0.000000 0.000000 0.000000 0.000000 0.000000 0.000000 0.000000 0.000000 0.000000
0.000000 0.000000 0.000000 0.000000 0.000000 0.000000 0.000000 0.000000 0.000000 0.000000 0.000000 0.000000 0.000000 0.000000 0.000000 0.000000
0.000000 0.000000</float_array><technique_common><accessor source="#root-visibility-animation-intan-array" count="50"><param type="float"/></accessor></technique_common></source><source id="root-visibility-animation-outtan"><float_array id="root-visibility-animation-outtan-array" count="50">

0.000000 0.000000 0.000000 0.000000 0.000000 0.000000 0.000000 0.000000 0.000000 0.000000 0.000000 0.000000 0.000000 0.000000 0.000000 0.000000
0.000000 0.000000 0.000000 0.000000 0.000000 0.000000 0.000000 0.000000 0.000000 0.000000 0.000000 0.000000 0.000000 0.000000 0.000000 0.000000
0.000000 0.000000 0.000000 0.000000 0.000000 0.000000 0.000000 0.000000 0.000000 0.000000 0.000000 0.000000 0.000000 0.000000 0.000000 0.000000
0.000000 0.000000</float_array><technique_common><accessor source="#root-visibility-animation-outtan-array" count="50"><param type="float"/></accessor></technique_common></source><source id="root-visibility-animation-interpolation"><Name_array id="root-visibility-animation-interpolation-array" count="50">
 BEZIER BEZIER BEZIER BEZIER BEZIER BEZIER BEZIER BEZIER BEZIER BEZIER BEZIER
BEZIER BEZIER BEZIER BEZIER BEZIER BEZIER BEZIER BEZIER BEZIER BEZIER BEZIER BEZIER
BEZIER BEZIER BEZIER BEZIER BEZIER BEZIER BEZIER BEZIER BEZIER BEZIER BEZIER BEZIER
BEZIER BEZIER BEZIER BEZIER BEZIER BEZIER BEZIER BEZIER BEZIER BEZIER BEZIER BEZIER
BEZIER BEZIER BEZIER</Name_array><technique_common><accessor source="#root-visibility-animation-interpolation-array" count="50"><param type="name"/></accessor></technique_common></source><sampler id="root-visibility-animation"><input semantic="INPUT" source="#root-visibility-animation-input"/><input semantic="OUTPUT" source="#root-visibility-animation-output"/><input semantic="IN_TANGENT" source="#root-visibility-animation-intan"/><input semantic="OUT_TANGENT" source="#root-visibility-animation-outtan"/><input semantic="INTERPOLATION" source="#root-visibility-animation-interpolation"/></sampler><channel source="#root-visibility-animation" target="root/visibility"/></animation></animation>
    <animation id="hips-anim" name="hips"><animation><source id="hips-Matrix-animation-input"><float_array id="hips-Matrix-animation-input-array" count="51">

0.033333 0.066667 0.100000 0.133333 0.166667 0.200000 0.233333 0.266667 0.300000 0.333333 0.366667 0.400000 0.433333 0.466667 0.500000 0.533333
0.566667 0.600000 0.633333 0.666667 0.700000 0.733333 0.766667 0.800000 0.833333 0.866667 0.900000 0.933333 0.966667 1.000000 1.033333 1.066667
1.100000 1.133333 1.166667 1.200000 1.233333 1.266667 1.300000 1.333333 1.366667 1.400000 1.433333 1.466667 1.500000 1.533333 1.566667 1.600000
1.633333 1.666667 1.700000</float_array><technique_common><accessor source="#hips-Matrix-animation-input-array" count="51"><param name="TIME" type="float"/></accessor></technique_common></source><source id="hips-Matrix-animation-output-transform"><float_array id="hips-Matrix-animation-output-transform-array" count="816">

1.000000 0.000000 0.000000 -0.000000 0.000000 0.904934 0.425551 -0.038776 0.000000 -0.425551 0.904934 0.002253 0.000000 0.000000 0.000000 1.000000
1.000000 0.000053 0.000010 -0.000000 -0.000052 0.896265 0.443518 -0.038776 0.000015 -0.443518 0.896265 0.002253 0.000000 0.000000 0.000000 1.000000
1.000000 0.000209 0.000037 0.000000 -0.000200 0.870945 0.491381 -0.038776 0.000070 -0.491381 0.870945 0.002253 0.000000 0.000000 0.000000 1.000000
1.000000 0.000459 0.000082 0.000000 -0.000426 0.829002 0.559246 -0.038776 0.000189 -0.559245 0.829002 0.002253 0.000000 0.000000 0.000000 1.000000
1.000000 0.000797 0.000142 -0.000000 -0.000705 0.771006 0.636827 -0.038776 0.000398 -0.636827 0.771006 0.002253 0.000000 0.000000 0.000000 1.000000
0.999999 0.001216 0.000217 0.000000 -0.001006 0.699693 0.714443 -0.038776 0.000717 -0.714442 0.699694 0.002253 0.000000 0.000000 0.000000 1.000000
0.999998 0.001709 0.000305 0.000000 -0.001300 0.620602 0.784125 -0.038776 0.001150 -0.784124 0.620603 0.002253 0.000000 0.000000 0.000000 1.000000
0.999997 0.002268 0.000405 0.000000 -0.001570 0.541826 0.840489 -0.038776 0.001687 -0.840488 0.541828 0.002253 0.000000 0.000000 0.000000 1.000000
0.999996 0.002888 0.000516 0.000000 -0.001821 0.473100 0.881007 -0.038776 0.002300 -0.881004 0.473103 0.002253 0.000000 0.000000 0.000000 1.000000
0.999993 0.003560 0.000636 0.000000 -0.002088 0.424720 0.905322 -0.038776 0.002953 -0.905318 0.424725 0.002253 0.000000 0.000000 0.000000 1.000000
0.999991 0.004278 0.000764 -0.000000 -0.002438 0.406572 0.913615 -0.038776 0.003597 -0.913609 0.406579 0.002253 0.000000 0.000000 0.000000 1.000000
0.999987 0.005034 0.000900 -0.000000 -0.003206 0.480011 0.877257 -0.038776 0.003984 -0.877248 0.480021 0.002253 0.000000 0.000000 0.000000 1.000000
0.999983 0.005822 0.001040 0.000000 -0.004533 0.641351 0.767235 -0.038776 0.003800 -0.767226 0.641366 0.002253 0.000000 0.000000 0.000000 1.000000
0.999977 0.006635 0.001186 0.000000 -0.006028 0.801612 0.597814 -0.038776 0.003016 -0.597808 0.801634 0.002253 0.000000 0.000000 0.000000 1.000000
0.999971 0.007465 0.001334 -0.000000 -0.007314 0.902862 0.429868 -0.038776 0.002005 -0.429865 0.902891 0.002253 0.000000 0.000000 0.000000 1.000000
0.999964 0.008306 0.001484 -0.000000 -0.008296 0.935597 0.352973 -0.038776 0.001543 -0.352973 0.935632 0.002253 0.000000 0.000000 0.000000 1.000000
0.999957 0.009151 0.001635 0.000000 -0.009142 0.936261 0.351186 -0.038776 0.001683 -0.351186 0.936304 0.002253 0.000000 0.000000 0.000000 1.000000
0.999948 0.009992 0.001786 0.000000 -0.009985 0.936838 0.349621 -0.038776 0.001821 -0.349621 0.936890 0.002253 0.000000 0.000000 0.000000 1.000000
0.999940 0.010822 0.001934 0.000000 -0.010818 0.937334 0.348263 -0.038776 0.001956 -0.348263 0.937395 0.002253 0.000000 0.000000 0.000000 1.000000
0.999930 0.011634 0.002079 -0.000000 -0.011633 0.937757 0.347099 -0.038776 0.002089 -0.347099 0.937826 0.002253 0.000000 0.000000 0.000000 1.000000
0.999920 0.012423 0.002220 -0.000000 -0.012423 0.938111 0.346112 -0.038776 0.002217 -0.346112 0.938190 0.002253 0.000000 0.000000 0.000000 1.000000
0.999910 0.013179 0.002355 0.000000 -0.013182 0.938404 0.345290 -0.038776 0.002340 -0.345290 0.938493 0.002253 0.000000 0.000000 0.000000 1.000000
0.999900 0.013897 0.002483 0.000000 -0.013901 0.938641 0.344616 -0.038776 0.002458 -0.344616 0.938740 0.002253 0.000000 0.000000 0.000000 1.000000
0.999890 0.014569 0.002604 0.000000 -0.014575 0.938829 0.344076 -0.038776 0.002569 -0.344077 0.938938 0.002253 0.000000 0.000000 0.000000 1.000000
0.999881 0.015188 0.002714 -0.000000 -0.015196 0.938973 0.343656 -0.038776 0.002671 -0.343656 0.939092 0.002253 0.000000 0.000000 0.000000 1.000000
0.999872 0.015748 0.002814 0.000000 -0.015757 0.939079 0.343340 -0.038776 0.002764 -0.343341 0.939207 0.002253 0.000000 0.000000 0.000000 1.000000
0.999864 0.016240 0.002902 0.000000 -0.016250 0.939153 0.343114 -0.038776 0.002847 -0.343114 0.939289 0.002253 0.000000 0.000000 0.000000 1.000000
0.999857 0.016659 0.002977 0.000000 -0.016670 0.939201 0.342962 -0.038776 0.002917 -0.342962 0.939345 0.002253 0.000000 0.000000 0.000000 1.000000
0.999851 0.016997 0.003038 0.000000 -0.017009 0.939229 0.342870 -0.038776 0.002975 -0.342870 0.939378 0.002253 0.000000 0.000000 0.000000 1.000000
0.999846 0.017248 0.003082 0.000000 -0.017259 0.939242 0.342822 -0.038776 0.003018 -0.342823 0.939395 0.002253 0.000000 0.000000 0.000000 1.000000
0.999844 0.017403 0.003110 0.000000 -0.017414 0.939245 0.342805 -0.038776 0.003045 -0.342806 0.939401 0.002253 0.000000 0.000000 0.000000 1.000000
0.999843 0.017456 0.003120 0.000000 -0.017468 0.939245 0.342803 -0.038776 0.003054 -0.342803 0.939402 0.002253 0.000000 0.000000 0.000000 1.000000
0.999845 0.017316 0.003095 0.000000 -0.017326 0.939001 0.343478 -0.038776 0.003042 -0.343478 0.939156 0.002253 0.000000 0.000000 0.000000 1.000000
0.999852 0.016917 0.003023 0.000000 -0.016920 0.938301 0.345405 -0.038776 0.003006 -0.345405 0.938449 0.002253 0.000000 0.000000 0.000000 1.000000
0.999863 0.016288 0.002911 -0.000000 -0.016282 0.937192 0.348434 -0.038776 0.002947 -0.348433 0.937329 0.002253 0.000000 0.000000 0.000000 1.000000
0.999877 0.015461 0.002763 0.000000 -0.015443 0.935717 0.352413 -0.038776 0.002863 -0.352412 0.935840 0.002253 0.000000 0.000000 0.000000 1.000000
0.999892 0.014466 0.002585 -0.000000 -0.014435 0.933919 0.357193 -0.038776 0.002753 -0.357191 0.934027 0.002253 0.000000 0.000000 0.000000 1.000000
0.999908 0.013334 0.002383 -0.000000 -0.013290 0.931842 0.362621 -0.038776 0.002615 -0.362619 0.931934 0.002253 0.000000 0.000000 0.000000 1.000000
0.999925 0.012094 0.002161 0.000000 -0.012039 0.929531 0.368547 -0.038776 0.002448 -0.368545 0.929607 0.002253 0.000000 0.000000 0.000000 1.000000
0.999940 0.010778 0.001926 0.000000 -0.010715 0.927035 0.374821 -0.038776 0.002254 -0.374820 0.927095 0.002253 0.000000 0.000000 0.000000 1.000000
0.999954 0.009417 0.001683 -0.000000 -0.009347 0.924405 0.381297 -0.038776 0.002035 -0.381295 0.924451 0.002253 0.000000 0.000000 0.000000 1.000000
0.999967 0.008040 0.001437 -0.000000 -0.007968 0.921698 0.387826 -0.038776 0.001794 -0.387824 0.921732 0.002253 0.000000 0.000000 0.000000 1.000000
0.999977 0.006678 0.001193 0.000000 -0.006608 0.918974 0.394263 -0.038776 0.001536 -0.394262 0.918997 0.002253 0.000000 0.000000 0.000000 1.000000
0.999985 0.005363 0.000958 -0.000000 -0.005298 0.916297 0.400465 -0.038776 0.001269 -0.400465 0.916311 0.002253 0.000000 0.000000 0.000000 1.000000
0.999991 0.004123 0.000737 -0.000000 -0.004067 0.913734 0.406292 -0.038776 0.001002 -0.406291 0.913743 0.002253 0.000000 0.000000 0.000000 1.000000
0.999995 0.002991 0.000534 -0.000000 -0.002945 0.911360 0.411600 -0.038776 0.000744 -0.411600 0.911364 0.002253 0.000000 0.000000 0.000000 1.000000
0.999998 0.001995 0.000357 -0.000000 -0.001963 0.909246 0.416254 -0.038776 0.000506 -0.416253 0.909248 0.002253 0.000000 0.000000 0.000000 1.000000
0.999999 0.001168 0.000209 -0.000000 -0.001148 0.907471 0.420113 -0.038776 0.000301 -0.420113 0.907472 0.002253 0.000000 0.000000 0.000000 1.000000
1.000000 0.000540 0.000096 -0.000000 -0.000530 0.906110 0.423041 -0.038776 0.000141 -0.423041 0.906110 0.002253 0.000000 0.000000 0.000000 1.000000
1.000000 0.000140 0.000025 -0.000000 -0.000137 0.905240 0.424900 -0.038776 0.000037 -0.424900 0.905240 0.002253 0.000000 0.000000 0.000000 1.000000
1.000000 0.000000 0.000000 -0.000000 0.000000 1.000000 0.000000 -0.038776 0.000000 0.000000 1.000000 0.002253 0.000000 0.000000 0.000000 1.000000</float_array><technique_common><accessor source="#hips-Matrix-animation-output-transform-array" count="51" stride="16"><param type="float4x4"/></accessor></technique_common></source><source id="hips-Interpolations"><Name_array id="hips-Interpolations-array" count="51">
 LINEAR LINEAR LINEAR LINEAR LINEAR LINEAR LINEAR LINEAR LINEAR LINEAR LINEAR
LINEAR LINEAR LINEAR LINEAR LINEAR LINEAR LINEAR LINEAR LINEAR LINEAR LINEAR LINEAR
LINEAR LINEAR LINEAR LINEAR LINEAR LINEAR LINEAR LINEAR LINEAR LINEAR LINEAR LINEAR
LINEAR LINEAR LINEAR LINEAR LINEAR LINEAR LINEAR LINEAR LINEAR LINEAR LINEAR LINEAR
LINEAR LINEAR LINEAR LINEAR</Name_array><technique_common><accessor source="#hips-Interpolations-array" count="51"><param type="name"/></accessor></technique_common></source><sampler id="hips-Matrix-animation-transform"><input semantic="INPUT" source="#hips-Matrix-animation-input"/><input semantic="OUTPUT" source="#hips-Matrix-animation-output-transform"/><input semantic="INTERPOLATION" source="#hips-Interpolations"/></sampler><channel source="#hips-Matrix-animation-transform" target="hips/matrix"/></animation><animation><source id="hips-visibility-animation-input"><float_array id="hips-visibility-animation-input-array" count="50">

0.033333 0.066667 0.100000 0.133333 0.166667 0.200000 0.233333 0.266667 0.300000 0.333333 0.366667 0.400000 0.433333 0.466667 0.500000 0.533333
0.566667 0.600000 0.633333 0.666667 0.700000 0.733333 0.766667 0.800000 0.833333 0.866667 0.900000 0.933333 0.966667 1.000000 1.033333 1.066667
1.100000 1.133333 1.166667 1.200000 1.233333 1.266667 1.300000 1.333333 1.366667 1.400000 1.433333 1.466667 1.500000 1.533333 1.566667 1.600000
1.633333 1.666667</float_array><technique_common><accessor source="#hips-visibility-animation-input-array" count="50"><param name="TIME" type="float"/></accessor></technique_common></source><source id="hips-visibility-animation-output"><float_array id="hips-visibility-animation-output-array" count="50">

1.000000 1.000000 1.000000 1.000000 1.000000 1.000000 1.000000 1.000000 1.000000 1.000000 1.000000 1.000000 1.000000 1.000000 1.000000 1.000000
1.000000 1.000000 1.000000 1.000000 1.000000 1.000000 1.000000 1.000000 1.000000 1.000000 1.000000 1.000000 1.000000 1.000000 1.000000 1.000000
1.000000 1.000000 1.000000 1.000000 1.000000 1.000000 1.000000 1.000000 1.000000 1.000000 1.000000 1.000000 1.000000 1.000000 1.000000 1.000000
1.000000 1.000000</float_array><technique_common><accessor source="#hips-visibility-animation-output-array" count="50"><param type="float"/></accessor></technique_common></source><source id="hips-visibility-animation-intan"><float_array id="hips-visibility-animation-intan-array" count="50">

0.000000 0.000000 0.000000 0.000000 0.000000 0.000000 0.000000 0.000000 0.000000 0.000000 0.000000 0.000000 0.000000 0.000000 0.000000 0.000000
0.000000 0.000000 0.000000 0.000000 0.000000 0.000000 0.000000 0.000000 0.000000 0.000000 0.000000 0.000000 0.000000 0.000000 0.000000 0.000000
0.000000 0.000000 0.000000 0.000000 0.000000 0.000000 0.000000 0.000000 0.000000 0.000000 0.000000 0.000000 0.000000 0.000000 0.000000 0.000000
0.000000 0.000000</float_array><technique_common><accessor source="#hips-visibility-animation-intan-array" count="50"><param type="float"/></accessor></technique_common></source><source id="hips-visibility-animation-outtan"><float_array id="hips-visibility-animation-outtan-array" count="50">

0.000000 0.000000 0.000000 0.000000 0.000000 0.000000 0.000000 0.000000 0.000000 0.000000 0.000000 0.000000 0.000000 0.000000 0.000000 0.000000
0.000000 0.000000 0.000000 0.000000 0.000000 0.000000 0.000000 0.000000 0.000000 0.000000 0.000000 0.000000 0.000000 0.000000 0.000000 0.000000
0.000000 0.000000 0.000000 0.000000 0.000000 0.000000 0.000000 0.000000 0.000000 0.000000 0.000000 0.000000 0.000000 0.000000 0.000000 0.000000
0.000000 0.000000</float_array><technique_common><accessor source="#hips-visibility-animation-outtan-array" count="50"><param type="float"/></accessor></technique_common></source><source id="hips-visibility-animation-interpolation"><Name_array id="hips-visibility-animation-interpolation-array" count="50">
 BEZIER BEZIER BEZIER BEZIER BEZIER BEZIER BEZIER BEZIER BEZIER BEZIER BEZIER
BEZIER BEZIER BEZIER BEZIER BEZIER BEZIER BEZIER BEZIER BEZIER BEZIER BEZIER BEZIER
BEZIER BEZIER BEZIER BEZIER BEZIER BEZIER BEZIER BEZIER BEZIER BEZIER BEZIER BEZIER
BEZIER BEZIER BEZIER BEZIER BEZIER BEZIER BEZIER BEZIER BEZIER BEZIER BEZIER BEZIER
BEZIER BEZIER BEZIER</Name_array><technique_common><accessor source="#hips-visibility-animation-interpolation-array" count="50"><param type="name"/></accessor></technique_common></source><sampler id="hips-visibility-animation"><input semantic="INPUT" source="#hips-visibility-animation-input"/><input semantic="OUTPUT" source="#hips-visibility-animation-output"/><input semantic="IN_TANGENT" source="#hips-visibility-animation-intan"/><input semantic="OUT_TANGENT" source="#hips-visibility-animation-outtan"/><input semantic="INTERPOLATION" source="#hips-visibility-animation-interpolation"/></sampler><channel source="#hips-visibility-animation" target="hips/visibility"/></animation></animation>
    <animation id="tentacleBase-anim" name="tentacleBase"><animation><source id="tentacleBase-Matrix-animation-input"><float_array id="tentacleBase-Matrix-animation-input-array" count="51">

0.033333 0.066667 0.100000 0.133333 0.166667 0.200000 0.233333 0.266667 0.300000 0.333333 0.366667 0.400000 0.433333 0.466667 0.500000 0.533333
0.566667 0.600000 0.633333 0.666667 0.700000 0.733333 0.766667 0.800000 0.833333 0.866667 0.900000 0.933333 0.966667 1.000000 1.033333 1.066667
1.100000 1.133333 1.166667 1.200000 1.233333 1.266667 1.300000 1.333333 1.366667 1.400000 1.433333 1.466667 1.500000 1.533333 1.566667 1.600000
1.633333 1.666667 1.700000</float_array><technique_common><accessor source="#tentacleBase-Matrix-animation-input-array" count="51"><param name="TIME" type="float"/></accessor></technique_common></source><source id="tentacleBase-Matrix-animation-output-transform"><float_array id="tentacleBase-Matrix-animation-output-transform-array" count="816">

1.000000 0.000000 0.000000 0.000000 0.000000 0.999984 0.005700 -0.158964 0.000000 -0.005700 0.999984 -0.007975 0.000000 0.000000 0.000000 1.000000
0.999715 0.012679 0.020231 0.000000 -0.012149 0.999585 -0.026106 -0.158964 -0.020554 0.025853 0.999454 -0.007975 0.000000 0.000000 0.000000 1.000000
0.996573 0.045438 0.069117 0.000000 -0.038150 0.993915 -0.103331 -0.158964 -0.073391 0.100340 0.992243 -0.007975 0.000000 0.000000 0.000000 1.000000
0.987753 0.089124 0.128068 0.000000 -0.062645 0.978273 -0.197627 -0.158964 -0.142898 0.187184 0.971876 -0.007975 0.000000 0.000000 0.000000 1.000000
0.974131 0.137887 0.179043 0.000000 -0.083490 0.955817 -0.281858 -0.158964 -0.209997 0.259619 0.942603 -0.007975 0.000000 0.000000 0.000000 1.000000
0.959067 0.193213 0.207026 0.000000 -0.116264 0.935278 -0.334272 -0.158964 -0.258212 0.296519 0.919458 -0.007975 0.000000 0.000000 0.000000 1.000000
0.943931 0.246940 0.219124 -0.000000 -0.165787 0.928519 -0.332216 -0.158964 -0.285498 0.277261 0.917397 -0.007975 0.000000 0.000000 0.000000 1.000000
0.930089 0.286996 0.229277 0.000000 -0.218091 0.933685 -0.284021 -0.158964 -0.295585 0.214161 0.931002 -0.007975 0.000000 0.000000 0.000000 1.000000
0.918354 0.315827 0.238493 0.000000 -0.266714 0.939118 -0.216613 -0.158964 -0.292385 0.135318 0.946678 -0.007975 0.000000 0.000000 0.000000 1.000000
0.907963 0.336269 0.250052 -0.000000 -0.304650 0.939417 -0.157109 -0.158964 -0.287734 0.066471 0.955401 -0.007975 0.000000 0.000000 0.000000 1.000000
0.897301 0.351039 0.267624 0.000000 -0.326354 0.935805 -0.133272 -0.158964 -0.297227 0.032245 0.954262 -0.007975 0.000000 0.000000 0.000000 1.000000
0.896623 0.359924 0.257918 -0.000000 -0.336941 0.932510 -0.129981 -0.158964 -0.287295 0.029641 0.957383 -0.007975 0.000000 0.000000 0.000000 1.000000
0.918161 0.354535 0.176876 0.000000 -0.337944 0.933805 -0.117479 -0.158964 -0.206818 0.048090 0.977197 -0.007975 0.000000 0.000000 0.000000 1.000000
0.950328 0.310872 0.015336 -0.000000 -0.308475 0.947276 -0.086665 -0.158964 -0.041469 0.077629 0.996119 -0.007975 0.000000 0.000000 0.000000 1.000000
0.955830 0.234338 -0.177411 -0.000000 -0.245636 0.968348 -0.044333 -0.158964 0.161407 0.085953 0.983138 -0.007975 0.000000 0.000000 0.000000 1.000000
0.932884 0.197121 -0.301449 0.000000 -0.223660 0.973065 -0.055857 -0.158964 0.282319 0.119530 0.951845 -0.007975 0.000000 0.000000 0.000000 1.000000
0.932457 0.169635 -0.318979 -0.000000 -0.221722 0.965784 -0.134539 -0.158964 0.285242 0.196176 0.938164 -0.007975 0.000000 0.000000 0.000000 1.000000
0.959851 0.090168 -0.265623 0.000000 -0.151333 0.963759 -0.219699 -0.158964 0.236187 0.251076 0.938710 -0.007975 0.000000 0.000000 0.000000 1.000000
0.987070 0.001451 -0.160282 -0.000000 -0.047274 0.958115 -0.282456 -0.158964 0.153158 0.286381 0.945795 -0.007975 0.000000 0.000000 0.000000 1.000000
0.996966 -0.065274 -0.042415 -0.000000 0.049377 0.951494 -0.303679 -0.158964 0.060180 0.300663 0.951830 -0.007975 0.000000 0.000000 0.000000 1.000000
0.994892 -0.094693 0.034971 0.000000 0.100748 0.953051 -0.285560 -0.158964 -0.006288 0.287624 0.957723 -0.007975 0.000000 0.000000 0.000000 1.000000
0.992730 -0.098144 0.069671 -0.000000 0.112340 0.963319 -0.243712 -0.158964 -0.043197 0.249767 0.967342 -0.007975 0.000000 0.000000 0.000000 1.000000
0.990889 -0.094004 0.096453 0.000000 0.111146 0.975199 -0.191397 -0.158964 -0.076068 0.200373 0.976762 -0.007975 0.000000 0.000000 0.000000 1.000000
0.989464 -0.085312 0.116974 0.000000 0.101300 0.985189 -0.138354 -0.158964 -0.103438 0.148745 0.983451 -0.007975 0.000000 0.000000 0.000000 1.000000
0.988275 -0.075072 0.132956 0.000000 0.088013 0.991647 -0.094288 -0.158964 -0.124768 0.104884 0.986627 -0.007975 0.000000 0.000000 0.000000 1.000000
0.987034 -0.066312 0.146171 0.000000 0.076997 0.994663 -0.068685 -0.158964 -0.140836 0.079049 0.986872 -0.007975 0.000000 0.000000 0.000000 1.000000
0.986011 -0.058292 0.156154 -0.000000 0.067553 0.996217 -0.054667 -0.158964 -0.152377 0.064451 0.986219 -0.007975 0.000000 0.000000 0.000000 1.000000
0.985566 -0.049131 0.162006 0.000000 0.056159 0.997656 -0.039093 -0.158964 -0.159705 0.047627 0.986015 -0.007975 0.000000 0.000000 0.000000 1.000000
0.985504 -0.040227 0.164812 -0.000000 0.044396 0.998779 -0.021686 -0.158964 -0.163738 0.028689 0.986087 -0.007975 0.000000 0.000000 0.000000 1.000000
0.985649 -0.033023 0.165547 0.000000 0.033832 0.999425 -0.002066 -0.158964 -0.165383 0.007637 0.986200 -0.007975 0.000000 0.000000 0.000000 1.000000
0.985862 -0.028984 0.165035 0.000000 0.026004 0.999458 0.020186 -0.158964 -0.165530 -0.015609 0.986081 -0.007975 0.000000 0.000000 0.000000 1.000000
0.986035 -0.029569 0.163894 0.000000 0.022384 0.998713 0.045510 -0.158964 -0.165029 -0.041205 0.985428 -0.007975 0.000000 0.000000 0.000000 1.000000
0.986100 -0.037406 0.161887 0.000000 0.027810 0.997742 0.061139 -0.158964 -0.163808 -0.055787 0.984914 -0.007975 0.000000 0.000000 0.000000 1.000000
0.986242 -0.052042 0.156901 0.000000 0.043182 0.997302 0.059358 -0.158964 -0.159567 -0.051766 0.985829 -0.007975 0.000000 0.000000 0.000000 1.000000
0.986598 -0.069545 0.147608 0.000000 0.063114 0.996860 0.047821 -0.158964 -0.150470 -0.037864 0.987889 -0.007975 0.000000 0.000000 0.000000 1.000000
0.987213 -0.085574 0.134493 0.000000 0.081710 0.996076 0.034003 -0.158964 -0.136875 -0.022579 0.990331 -0.007975 0.000000 0.000000 0.000000 1.000000
0.988157 -0.095974 0.119731 0.000000 0.093567 0.995284 0.025578 -0.158964 -0.121621 -0.014072 0.992477 -0.007975 0.000000 0.000000 0.000000 1.000000
0.989241 -0.101895 0.104973 0.000000 0.101333 0.994795 0.010685 -0.158964 -0.105515 0.000067 0.994418 -0.007975 0.000000 0.000000 0.000000 1.000000
0.990114 -0.106879 0.090835 0.000000 0.109277 0.993772 -0.021835 -0.158964 -0.087936 0.031546 0.995627 -0.007975 0.000000 0.000000 0.000000 1.000000
0.990777 -0.110632 0.078240 0.000000 0.115651 0.991302 -0.062813 -0.158964 -0.070610 0.071282 0.994954 -0.007975 0.000000 0.000000 0.000000 1.000000
0.991318 -0.112931 0.067341 0.000000 0.119486 0.987487 -0.102917 -0.158964 -0.054876 0.110069 0.992408 -0.007975 0.000000 0.000000 0.000000 1.000000
0.991845 -0.113695 0.057588 0.000000 0.120485 0.983787 -0.132843 -0.158964 -0.041551 0.138699 0.989463 -0.007975 0.000000 0.000000 0.000000 1.000000
0.992434 -0.113024 0.047953 0.000000 0.118823 0.982502 -0.143429 -0.158964 -0.030903 0.148041 0.988498 -0.007975 0.000000 0.000000 0.000000 1.000000
0.993259 -0.109880 0.036920 0.000000 0.113981 0.983774 -0.138551 -0.158964 -0.021097 0.141825 0.989667 -0.007975 0.000000 0.000000 0.000000 1.000000
0.994393 -0.102912 0.024347 0.000000 0.105204 0.986071 -0.128824 -0.158964 -0.010750 0.130663 0.991369 -0.007975 0.000000 0.000000 0.000000 1.000000
0.995943 -0.088993 0.013302 0.000000 0.089921 0.989765 -0.110813 -0.158964 -0.003305 0.111559 0.993752 -0.007975 0.000000 0.000000 0.000000 1.000000
0.997662 -0.068086 0.005960 0.000000 0.068346 0.994134 -0.083820 -0.158964 -0.000218 0.084031 0.996463 -0.007975 0.000000 0.000000 0.000000 1.000000
0.999007 -0.044510 0.001799 0.000000 0.044543 0.997595 -0.053104 -0.158964 0.000569 0.053131 0.998587 -0.007975 0.000000 0.000000 0.000000 1.000000
0.999746 -0.022529 0.000081 0.000000 0.022524 0.999454 -0.024183 -0.158964 0.000464 0.024179 0.999708 -0.007975 0.000000 0.000000 0.000000 1.000000
0.999980 -0.006319 -0.000157 0.000000 0.006318 0.999976 -0.002702 -0.158964 0.000175 0.002701 0.999996 -0.007975 0.000000 0.000000 0.000000 1.000000
1.000000 0.000000 0.000000 0.000000 0.000000 1.000000 0.000000 -0.158964 0.000000 0.000000 1.000000 -0.007975 0.000000 0.000000 0.000000 1.000000</float_array><technique_common><accessor source="#tentacleBase-Matrix-animation-output-transform-array" count="51" stride="16"><param type="float4x4"/></accessor></technique_common></source><source id="tentacleBase-Interpolations"><Name_array id="tentacleBase-Interpolations-array" count="51">
 LINEAR LINEAR LINEAR LINEAR LINEAR LINEAR LINEAR LINEAR LINEAR LINEAR LINEAR
LINEAR LINEAR LINEAR LINEAR LINEAR LINEAR LINEAR LINEAR LINEAR LINEAR LINEAR LINEAR
LINEAR LINEAR LINEAR LINEAR LINEAR LINEAR LINEAR LINEAR LINEAR LINEAR LINEAR LINEAR
LINEAR LINEAR LINEAR LINEAR LINEAR LINEAR LINEAR LINEAR LINEAR LINEAR LINEAR LINEAR
LINEAR LINEAR LINEAR LINEAR</Name_array><technique_common><accessor source="#tentacleBase-Interpolations-array" count="51"><param type="name"/></accessor></technique_common></source><sampler id="tentacleBase-Matrix-animation-transform"><input semantic="INPUT" source="#tentacleBase-Matrix-animation-input"/><input semantic="OUTPUT" source="#tentacleBase-Matrix-animation-output-transform"/><input semantic="INTERPOLATION" source="#tentacleBase-Interpolations"/></sampler><channel source="#tentacleBase-Matrix-animation-transform" target="tentacleBase/matrix"/></animation><animation><source id="tentacleBase-visibility-animation-input"><float_array id="tentacleBase-visibility-animation-input-array" count="50">

0.033333 0.066667 0.100000 0.133333 0.166667 0.200000 0.233333 0.266667 0.300000 0.333333 0.366667 0.400000 0.433333 0.466667 0.500000 0.533333
0.566667 0.600000 0.633333 0.666667 0.700000 0.733333 0.766667 0.800000 0.833333 0.866667 0.900000 0.933333 0.966667 1.000000 1.033333 1.066667
1.100000 1.133333 1.166667 1.200000 1.233333 1.266667 1.300000 1.333333 1.366667 1.400000 1.433333 1.466667 1.500000 1.533333 1.566667 1.600000
1.633333 1.666667</float_array><technique_common><accessor source="#tentacleBase-visibility-animation-input-array" count="50"><param name="TIME" type="float"/></accessor></technique_common></source><source id="tentacleBase-visibility-animation-output"><float_array id="tentacleBase-visibility-animation-output-array" count="50">

1.000000 1.000000 1.000000 1.000000 1.000000 1.000000 1.000000 1.000000 1.000000 1.000000 1.000000 1.000000 1.000000 1.000000 1.000000 1.000000
1.000000 1.000000 1.000000 1.000000 1.000000 1.000000 1.000000 1.000000 1.000000 1.000000 1.000000 1.000000 1.000000 1.000000 1.000000 1.000000
1.000000 1.000000 1.000000 1.000000 1.000000 1.000000 1.000000 1.000000 1.000000 1.000000 1.000000 1.000000 1.000000 1.000000 1.000000 1.000000
1.000000 1.000000</float_array><technique_common><accessor source="#tentacleBase-visibility-animation-output-array" count="50"><param type="float"/></accessor></technique_common></source><source id="tentacleBase-visibility-animation-intan"><float_array id="tentacleBase-visibility-animation-intan-array" count="50">

0.000000 0.000000 0.000000 0.000000 0.000000 0.000000 0.000000 0.000000 0.000000 0.000000 0.000000 0.000000 0.000000 0.000000 0.000000 0.000000
0.000000 0.000000 0.000000 0.000000 0.000000 0.000000 0.000000 0.000000 0.000000 0.000000 0.000000 0.000000 0.000000 0.000000 0.000000 0.000000
0.000000 0.000000 0.000000 0.000000 0.000000 0.000000 0.000000 0.000000 0.000000 0.000000 0.000000 0.000000 0.000000 0.000000 0.000000 0.000000
0.000000 0.000000</float_array><technique_common><accessor source="#tentacleBase-visibility-animation-intan-array" count="50"><param type="float"/></accessor></technique_common></source><source id="tentacleBase-visibility-animation-outtan"><float_array id="tentacleBase-visibility-animation-outtan-array" count="50">

