<?xml version="1.0" encoding="utf-8"?>
<COLLADA xmlns="http://www.collada.org/2005/11/COLLADASchema" version="1.4.1">
  <asset><contributor><author></author><authoring_tool>FBX COLLADA exporter</authoring_tool><comments></comments></contributor><created>2014-07-10T16:01:03Z</created><keywords></keywords><modified>2014-07-10T16:01:03Z</modified><revision></revision><subject></subject><title></title><unit meter="0.010000" name="centimeter"></unit><up_axis>Y_UP</up_axis></asset>
  <library_animations>
    <animation id="root-anim" name="root"><animation><source id="root-Matrix-animation-input"><float_array id="root-Matrix-animation-input-array" count="99">

0.033333 0.066667 0.100000 0.133333 0.166667 0.200000 0.233333 0.266667 0.300000 0.333333 0.366667 0.400000 0.433333 0.466667 0.500000 0.533333
0.566667 0.600000 0.633333 0.666667 0.700000 0.733333 0.766667 0.800000 0.833333 0.866667 0.900000 0.933333 0.966667 1.000000 1.033333 1.066667
1.100000 1.133333 1.166667 1.200000 1.233333 1.266667 1.300000 1.333333 1.366667 1.400000 1.433333 1.466667 1.500000 1.533333 1.566667 1.600000
1.633333 1.666667 1.700000 1.733333 1.766667 1.800000 1.833333 1.866667 1.900000 1.933333 1.966667 2.000000 2.033333 2.066667 2.100000 2.133333
2.166667 2.200000 2.233333 2.266667 2.300000 2.333333 2.366667 2.400000 2.433333 2.466667 2.500000 2.533333 2.566667 2.600000 2.633333 2.666667
2.700000 2.733333 2.766667 2.800000 2.833333 2.866667 2.900000 2.933333 2.966667 3.000000 3.033333 3.066667 3.100000 3.133333 3.166667 3.200000
3.233333 3.266667 3.300000</float_array><technique_common><accessor source="#root-Matrix-animation-input-array" count="99"><param name="TIME" type="float"/></accessor></technique_common></source><source id="root-Matrix-animation-output-transform"><float_array id="root-Matrix-animation-output-transform-array" count="1584">

1.000000 0.000000 0.000000 -0.000000 0.000000 1.000000 0.000000 0.067787 0.000000 0.000000 1.000000 0.118562 0.000000 0.000000 0.000000 1.000000
1.000000 0.000066 -0.000065 -0.000000 -0.000066 1.000000 -0.000566 0.068682 0.000065 0.000566 1.000000 0.118560 0.000000 0.000000 0.000000 1.000000
1.000000 0.000261 -0.000249 -0.000000 -0.000261 0.999998 -0.002160 0.069625 0.000248 0.002160 0.999998 0.118554 0.000000 0.000000 0.000000 1.000000
1.000000 0.000576 -0.000534 -0.000000 -0.000579 0.999989 -0.004622 0.070611 0.000531 0.004622 0.999989 0.118544 0.000000 0.000000 0.000000 1.000000
0.999999 0.001004 -0.000904 -0.000000 -0.001011 0.999969 -0.007796 0.071635 0.000896 0.007796 0.999969 0.118530 0.000000 0.000000 0.000000 1.000000
0.999998 0.001538 -0.001342 -0.000000 -0.001554 0.999932 -0.011522 0.072692 0.001324 0.011524 0.999933 0.118512 0.000000 0.000000 0.000000 1.000000
0.999996 0.002170 -0.001832 -0.000000 -0.002198 0.999875 -0.015643 0.073777 0.001798 0.015647 0.999876 0.118490 0.000000 0.000000 0.000000 1.000000
0.999993 0.002893 -0.002357 -0.000000 -0.002940 0.999796 -0.020001 0.074884 0.002299 0.020008 0.999797 0.118464 0.000000 0.000000 0.000000 1.000000
0.999989 0.003701 -0.002900 -0.000000 -0.003771 0.999694 -0.024438 0.076010 0.002809 0.024448 0.999697 0.118434 0.000000 0.000000 0.000000 1.000000
0.999984 0.004589 -0.003443 -0.000000 -0.004686 0.999574 -0.028795 0.077148 0.003310 0.028810 0.999579 0.118401 0.000000 0.000000 0.000000 1.000000
0.999977 0.005550 -0.003968 -0.000000 -0.005678 0.999442 -0.032914 0.078294 0.003783 0.032936 0.999450 0.118364 0.000000 0.000000 0.000000 1.000000
0.999968 0.006581 -0.004456 -0.000000 -0.006740 0.999306 -0.036638 0.079442 0.004211 0.036667 0.999319 0.118323 0.000000 0.000000 0.000000 1.000000
0.999959 0.007678 -0.004886 -0.000000 -0.007867 0.999176 -0.039809 0.080588 0.004576 0.039846 0.999195 0.118278 0.000000 0.000000 0.000000 1.000000
0.999947 0.008837 -0.005237 -0.000000 -0.009051 0.999065 -0.042269 0.081726 0.004859 0.042314 0.999093 0.118229 0.000000 0.000000 0.000000 1.000000
0.999934 0.010056 -0.005489 -0.000000 -0.010287 0.998985 -0.043860 0.082851 0.005042 0.043914 0.999023 0.118177 0.000000 0.000000 0.000000 1.000000
0.999920 0.011329 -0.005616 -0.000000 -0.011567 0.998946 -0.044425 0.083958 0.005107 0.044487 0.998997 0.118121 0.000000 0.000000 0.000000 1.000000
0.999902 0.012780 -0.005663 -0.000000 -0.013019 0.998928 -0.044423 0.085042 0.005089 0.044493 0.998997 0.118061 0.000000 0.000000 0.000000 1.000000
0.999879 0.014504 -0.005689 -0.000000 -0.014743 0.998904 -0.044416 0.086099 0.005038 0.044494 0.998997 0.117998 0.000000 0.000000 0.000000 1.000000
0.999848 0.016455 -0.005696 -0.000000 -0.016692 0.998875 -0.044396 0.087122 0.004959 0.044485 0.998998 0.117931 0.000000 0.000000 0.000000 1.000000
0.999811 0.018585 -0.005687 -0.000000 -0.018819 0.998838 -0.044359 0.088107 0.004856 0.044458 0.998999 0.117861 0.000000 0.000000 0.000000 1.000000
0.999767 0.020848 -0.005664 -0.000000 -0.021079 0.998796 -0.044299 0.089049 0.004733 0.044408 0.999002 0.117787 0.000000 0.000000 0.000000 1.000000
0.999715 0.023198 -0.005628 -0.000000 -0.023424 0.998748 -0.044210 0.089942 0.004595 0.044329 0.999006 0.117710 0.000000 0.000000 0.000000 1.000000
0.999657 0.025587 -0.005582 -0.000000 -0.025809 0.998694 -0.044086 0.090782 0.004446 0.044215 0.999012 0.117629 0.000000 0.000000 0.000000 1.000000
0.999593 0.027971 -0.005527 -0.000000 -0.028187 0.998637 -0.043922 0.091564 0.004291 0.044060 0.999020 0.117545 0.000000 0.000000 0.000000 1.000000
0.999526 0.030301 -0.005465 -0.000000 -0.030511 0.998578 -0.043712 0.092282 0.004133 0.043858 0.999029 0.117457 0.000000 0.000000 0.000000 1.000000
0.999456 0.032531 -0.005399 -0.000000 -0.032736 0.998519 -0.043451 0.092931 0.003978 0.043604 0.999041 0.117366 0.000000 0.000000 0.000000 1.000000
0.999386 0.034616 -0.005330 -0.000000 -0.034814 0.998463 -0.043132 0.093506 0.003829 0.043291 0.999055 0.117271 0.000000 0.000000 0.000000 1.000000
0.999320 0.036508 -0.005260 -0.000000 -0.036700 0.998411 -0.042751 0.094003 0.003691 0.042915 0.999072 0.117173 0.000000 0.000000 0.000000 1.000000
0.999258 0.038160 -0.005190 -0.000000 -0.038346 0.998369 -0.042301 0.094415 0.003568 0.042469 0.999091 0.117072 0.000000 0.000000 0.000000 1.000000
0.999205 0.039528 -0.005125 -0.000000 -0.039708 0.998338 -0.041777 0.094739 0.003465 0.041948 0.999114 0.116967 0.000000 0.000000 0.000000 1.000000
0.999164 0.040563 -0.005064 -0.000000 -0.040738 0.998321 -0.041174 0.094968 0.003386 0.041346 0.999139 0.116860 0.000000 0.000000 0.000000 1.000000
0.999138 0.041220 -0.005012 -0.000000 -0.041389 0.998323 -0.040485 0.095099 0.003335 0.040658 0.999168 0.116749 0.000000 0.000000 0.000000 1.000000
0.999128 0.041452 -0.004971 -0.000000 -0.041617 0.998344 -0.039706 0.095125 0.003317 0.039878 0.999199 0.116634 0.000000 0.000000 0.000000 1.000000
0.999134 0.041271 -0.005270 -0.000000 -0.041444 0.998387 -0.038795 0.094987 0.003660 0.038980 0.999233 0.116517 0.000000 0.000000 0.000000 1.000000
0.999150 0.040747 -0.006185 -0.000000 -0.040952 0.998449 -0.037724 0.094638 0.004638 0.037946 0.999269 0.116396 0.000000 0.000000 0.000000 1.000000
0.999174 0.039923 -0.007646 -0.000000 -0.040176 0.998525 -0.036511 0.094088 0.006177 0.036788 0.999304 0.116272 0.000000 0.000000 0.000000 1.000000
0.999199 0.038842 -0.009582 -0.000000 -0.039156 0.998614 -0.035170 0.093350 0.008202 0.035517 0.999335 0.116146 0.000000 0.000000 0.000000 1.000000
0.999224 0.037546 -0.011920 -0.000000 -0.037929 0.998711 -0.033717 0.092436 0.010639 0.034143 0.999360 0.116016 0.000000 0.000000 0.000000 1.000000
0.999242 0.036078 -0.014590 -0.000000 -0.036532 0.998815 -0.032169 0.091356 0.013412 0.032677 0.999376 0.115883 0.000000 0.000000 0.000000 1.000000
0.999252 0.034479 -0.017520 -0.000000 -0.035003 0.998920 -0.030540 0.090124 0.016448 0.031130 0.999380 0.115747 0.000000 0.000000 0.000000 1.000000
0.999249 0.032791 -0.020636 -0.000000 -0.033380 0.999026 -0.028847 0.088750 0.019670 0.029514 0.999371 0.115608 0.000000 0.000000 0.000000 1.000000
0.999233 0.031056 -0.023867 -0.000000 -0.031700 0.999130 -0.027106 0.087246 0.023005 0.027841 0.999348 0.115466 0.000000 0.000000 0.000000 1.000000
0.999202 0.029312 -0.027140 -0.000000 -0.030001 0.999229 -0.025332 0.085625 0.026377 0.026126 0.999311 0.115321 0.000000 0.000000 0.000000 1.000000
0.999157 0.027601 -0.030382 -0.000000 -0.028321 0.999322 -0.023541 0.083897 0.029711 0.024382 0.999261 0.115173 0.000000 0.000000 0.000000 1.000000
0.999101 0.025960 -0.033518 -0.000000 -0.026698 0.999407 -0.021750 0.082074 0.032934 0.022625 0.999201 0.115022 0.000000 0.000000 0.000000 1.000000
0.999036 0.024428 -0.036476 -0.000000 -0.025168 0.999484 -0.019974 0.080169 0.035969 0.020873 0.999135 0.114869 0.000000 0.000000 0.000000 1.000000
0.998966 0.023042 -0.039180 -0.000000 -0.023771 0.999551 -0.018229 0.078193 0.038742 0.019142 0.999066 0.114713 0.000000 0.000000 0.000000 1.000000
0.998897 0.021839 -0.041556 -0.000000 -0.022543 0.999609 -0.016532 0.076158 0.041179 0.017450 0.998999 0.114553 0.000000 0.000000 0.000000 1.000000
0.998834 0.020856 -0.043530 -0.000000 -0.021522 0.999657 -0.014897 0.074075 0.043204 0.015817 0.998941 0.114391 0.000000 0.000000 0.000000 1.000000
0.998783 0.020126 -0.045026 -0.000000 -0.020746 0.999696 -0.013342 0.071956 0.044743 0.014260 0.998897 0.114227 0.000000 0.000000 0.000000 1.000000
0.998749 0.019687 -0.045968 -0.000000 -0.020253 0.999724 -0.011881 0.069813 0.045722 0.012798 0.998872 0.114059 0.000000 0.000000 0.000000 1.000000
0.998737 0.019573 -0.046282 -0.000000 -0.020080 0.999743 -0.010532 0.067658 0.046064 0.011448 0.998873 0.113889 0.000000 0.000000 0.000000 1.000000
0.998765 0.019710 -0.045616 -0.000000 -0.020153 0.999754 -0.009271 0.065502 0.045422 0.010179 0.998916 0.113716 0.000000 0.000000 0.000000 1.000000
0.998842 0.019987 -0.043761 -0.000000 -0.020358 0.999760 -0.008063 0.063357 0.043590 0.008945 0.999009 0.113541 0.000000 0.000000 0.000000 1.000000
0.998957 0.020383 -0.040857 -0.000000 -0.020682 0.999762 -0.006902 0.061235 0.040707 0.007740 0.999141 0.113363 0.000000 0.000000 0.000000 1.000000
0.999096 0.020879 -0.037042 -0.000000 -0.021107 0.999760 -0.005783 0.059147 0.036913 0.006560 0.999297 0.113182 0.000000 0.000000 0.000000 1.000000
0.999243 0.021456 -0.032456 -0.000000 -0.021619 0.999755 -0.004702 0.057106 0.032347 0.005400 0.999462 0.112999 0.000000 0.000000 0.000000 1.000000
0.999385 0.022095 -0.027239 -0.000000 -0.022202 0.999747 -0.003654 0.055123 0.027151 0.004257 0.999622 0.112813 0.000000 0.000000 0.000000 1.000000
0.999509 0.022778 -0.021529 -0.000000 -0.022840 0.999736 -0.002634 0.053210 0.021463 0.003124 0.999765 0.112625 0.000000 0.000000 0.000000 1.000000
0.999604 0.023489 -0.015468 -0.000000 -0.023517 0.999722 -0.001636 0.051378 0.015425 0.001999 0.999879 0.112434 0.000000 0.000000 0.000000 1.000000
0.999665 0.024211 -0.009194 -0.000000 -0.024218 0.999706 -0.000657 0.049639 0.009176 0.000879 0.999958 0.112241 0.000000 0.000000 0.000000 1.000000
0.999685 0.024927 -0.002849 -0.000000 -0.024927 0.999689 0.000309 0.048005 0.002856 -0.000238 0.999996 0.112045 0.000000 0.000000 0.000000 1.000000
0.999666 0.025623 0.003426 -0.000000 -0.025627 0.999671 0.001267 0.046488 -0.003393 -0.001355 0.999993 0.111847 0.000000 0.000000 0.000000 1.000000
0.999609 0.026282 0.009493 -0.000000 -0.026304 0.999652 0.002222 0.045099 -0.009432 -0.002471 0.999952 0.111647 0.000000 0.000000 0.000000 1.000000
0.999523 0.026891 0.015210 -0.000000 -0.026942 0.999632 0.003178 0.043851 -0.015119 -0.003586 0.999879 0.111444 0.000000 0.000000 0.000000 1.000000
0.999415 0.027435 0.020437 -0.000000 -0.027525 0.999613 0.004140 0.042754 -0.020316 -0.004700 0.999783 0.111239 0.000000 0.000000 0.000000 1.000000
0.999297 0.027901 0.025034 -0.000000 -0.028037 0.999594 0.005114 0.041821 -0.024881 -0.005812 0.999674 0.111031 0.000000 0.000000 0.000000 1.000000
0.999183 0.028275 0.028860 -0.000000 -0.028463 0.999576 0.006104 0.041063 -0.028675 -0.006920 0.999565 0.110822 0.000000 0.000000 0.000000 1.000000
0.999087 0.028546 0.031776 -0.000000 -0.028786 0.999560 0.007115 0.040493 -0.031559 -0.008023 0.999470 0.110610 0.000000 0.000000 0.000000 1.000000
0.999022 0.028702 0.033640 -0.000000 -0.028992 0.999546 0.008152 0.040121 -0.033391 -0.009119 0.999401 0.110396 0.000000 0.000000 0.000000 1.000000
0.998998 0.028732 0.034314 -0.000000 -0.029064 0.999535 0.009220 0.039959 -0.034033 -0.010208 0.999369 0.110179 0.000000 0.000000 0.000000 1.000000
0.999018 0.028119 0.034251 -0.000000 -0.028490 0.999540 0.010383 0.039967 -0.033943 -0.011349 0.999359 0.109961 0.000000 0.000000 0.000000 1.000000
0.999071 0.026465 0.034006 -0.000000 -0.026875 0.999571 0.011683 0.040091 -0.033683 -0.012586 0.999353 0.109740 0.000000 0.000000 0.000000 1.000000
0.999149 0.023929 0.033591 -0.000000 -0.024380 0.999617 0.013087 0.040324 -0.033265 -0.013895 0.999350 0.109518 0.000000 0.000000 0.000000 1.000000
0.999241 0.020674 0.033017 -0.000000 -0.021164 0.999670 0.014563 0.040661 -0.032705 -0.015251 0.999349 0.109293 0.000000 0.000000 0.000000 1.000000
0.999336 0.016861 0.032297 -0.000000 -0.017387 0.999720 0.016079 0.041095 -0.032017 -0.016630 0.999349 0.109066 0.000000 0.000000 0.000000 1.000000
0.999425 0.012652 0.031444 -0.000000 -0.013210 0.999758 0.017602 0.041619 -0.031214 -0.018008 0.999350 0.108838 0.000000 0.000000 0.000000 1.000000
0.999502 0.008207 0.030474 -0.000000 -0.008792 0.999779 0.019101 0.042227 -0.030310 -0.019360 0.999353 0.108607 0.000000 0.000000 0.000000 1.000000
0.999561 0.003688 0.029403 -0.000000 -0.004294 0.999780 0.020544 0.042913 -0.029321 -0.020661 0.999356 0.108374 0.000000 0.000000 0.000000 1.000000
0.999601 -0.000743 0.028250 -0.000000 0.000125 0.999760 0.021898 0.043671 -0.028260 -0.021885 0.999361 0.108139 0.000000 0.000000 0.000000 1.000000
0.999643 -0.000711 0.026711 -0.000000 0.000130 0.999763 0.021771 0.044982 -0.026720 -0.021760 0.999406 0.108223 0.000000 0.000000 0.000000 1.000000
0.999686 -0.000680 0.025047 -0.000000 0.000143 0.999771 0.021407 0.046334 -0.025056 -0.021397 0.999457 0.108462 0.000000 0.000000 0.000000 1.000000
0.999729 -0.000649 0.023280 -0.000000 0.000164 0.999783 0.020826 0.047719 -0.023289 -0.020816 0.999512 0.108838 0.000000 0.000000 0.000000 1.000000
0.999770 -0.000620 0.021435 -0.000000 0.000190 0.999799 0.020049 0.049131 -0.021443 -0.020040 0.999569 0.109333 0.000000 0.000000 0.000000 1.000000
0.999809 -0.000592 0.019533 -0.000000 0.000219 0.999818 0.019098 0.050562 -0.019540 -0.019090 0.999627 0.109928 0.000000 0.000000 0.000000 1.000000
0.999845 -0.000566 0.017598 -0.000000 0.000249 0.999838 0.017994 0.052006 -0.017605 -0.017987 0.999683 0.110606 0.000000 0.000000 0.000000 1.000000
0.999877 -0.000541 0.015653 -0.000000 0.000279 0.999860 0.016758 0.053455 -0.015660 -0.016752 0.999737 0.111347 0.000000 0.000000 0.000000 1.000000
0.999906 -0.000518 0.013721 -0.000000 0.000307 0.999881 0.015412 0.054902 -0.013727 -0.015406 0.999787 0.112134 0.000000 0.000000 0.000000 1.000000
0.999930 -0.000495 0.011825 -0.000000 0.000330 0.999902 0.013977 0.056341 -0.011831 -0.013972 0.999832 0.112948 0.000000 0.000000 0.000000 1.000000
0.999950 -0.000472 0.009989 -0.000000 0.000348 0.999922 0.012474 0.057763 -0.009994 -0.012470 0.999872 0.113771 0.000000 0.000000 0.000000 1.000000
0.999966 -0.000447 0.008235 -0.000000 0.000357 0.999940 0.010925 0.059163 -0.008239 -0.010922 0.999906 0.114584 0.000000 0.000000 0.000000 1.000000
0.999978 -0.000419 0.006586 -0.000000 0.000357 0.999956 0.009351 0.060532 -0.006590 -0.009349 0.999935 0.115370 0.000000 0.000000 0.000000 1.000000
0.999987 -0.000385 0.005066 -0.000000 0.000346 0.999970 0.007774 0.061864 -0.005069 -0.007772 0.999957 0.116110 0.000000 0.000000 0.000000 1.000000
0.999993 -0.000344 0.003698 -0.000000 0.000321 0.999981 0.006214 0.063153 -0.003700 -0.006213 0.999974 0.116786 0.000000 0.000000 0.000000 1.000000
0.999997 -0.000293 0.002504 -0.000000 0.000281 0.999989 0.004694 0.064389 -0.002505 -0.004693 0.999986 0.117379 0.000000 0.000000 0.000000 1.000000
0.999999 -0.000229 0.001508 -0.000000 0.000224 0.999995 0.003234 0.065568 -0.001508 -0.003234 0.999994 0.117871 0.000000 0.000000 0.000000 1.000000
1.000000 -0.000150 0.000732 -0.000000 0.000149 0.999998 0.001857 0.066681 -0.000732 -0.001857 0.999998 0.118244 0.000000 0.000000 0.000000 1.000000
1.000000 -0.000053 0.000200 -0.000000 0.000052 1.000000 0.000583 0.067721 -0.000200 -0.000583 1.000000 0.118480 0.000000 0.000000 0.000000 1.000000
1.000000 0.000066 -0.000065 -0.000000 -0.000066 1.000000 -0.000566 0.068682 0.000065 0.000566 1.000000 0.118560 0.000000 0.000000 0.000000 1.000000</float_array><technique_common><accessor source="#root-Matrix-animation-output-transform-array" count="99" stride="16"><param type="float4x4"/></accessor></technique_common></source><source id="root-Interpolations"><Name_array id="root-Interpolations-array" count="99">
 LINEAR LINEAR LINEAR LINEAR LINEAR LINEAR LINEAR LINEAR LINEAR LINEAR LINEAR
LINEAR LINEAR LINEAR LINEAR LINEAR LINEAR LINEAR LINEAR LINEAR LINEAR LINEAR LINEAR
LINEAR LINEAR LINEAR LINEAR LINEAR LINEAR LINEAR LINEAR LINEAR LINEAR LINEAR LINEAR
LINEAR LINEAR LINEAR LINEAR LINEAR LINEAR LINEAR LINEAR LINEAR LINEAR LINEAR LINEAR
LINEAR LINEAR LINEAR LINEAR LINEAR LINEAR LINEAR LINEAR LINEAR LINEAR LINEAR LINEAR
LINEAR LINEAR LINEAR LINEAR LINEAR LINEAR LINEAR LINEAR LINEAR LINEAR LINEAR LINEAR
LINEAR LINEAR LINEAR LINEAR LINEAR LINEAR LINEAR LINEAR LINEAR LINEAR LINEAR LINEAR
LINEAR LINEAR LINEAR LINEAR LINEAR LINEAR LINEAR LINEAR LINEAR LINEAR LINEAR LINEAR
LINEAR LINEAR LINEAR LINEAR</Name_array><technique_common><accessor source="#root-Interpolations-array" count="99"><param type="name"/></accessor></technique_common></source><sampler id="root-Matrix-animation-transform"><input semantic="INPUT" source="#root-Matrix-animation-input"/><input semantic="OUTPUT" source="#root-Matrix-animation-output-transform"/><input semantic="INTERPOLATION" source="#root-Interpolations"/></sampler><channel source="#root-Matrix-animation-transform" target="root/matrix"/></animation><animation><source id="root-visibility-animation-input"><float_array id="root-visibility-animation-input-array" count="81">

0.033333 0.066667 0.100000 0.133333 0.166667 0.200000 0.233333 0.266667 0.300000 0.333333 0.366667 0.400000 0.433333 0.466667 0.500000 0.533333
0.566667 0.600000 0.633333 0.666667 0.700000 0.733333 0.766667 0.800000 0.833333 0.866667 0.900000 0.933333 0.966667 1.000000 1.033333 1.066667
1.100000 1.133333 1.166667 1.200000 1.233333 1.266667 1.300000 1.333333 1.366667 1.400000 1.433333 1.466667 1.500000 1.533333 1.566667 1.600000
1.633333 1.666667 1.700000 1.733333 1.766667 1.800000 1.833333 1.866667 1.900000 1.933333 1.966667 2.000000 2.033333 2.066667 2.100000 2.133333
2.166667 2.200000 2.233333 2.266667 2.300000 2.333333 2.366667 2.400000 2.433333 2.466667 2.500000 2.533333 2.566667 2.600000 2.633333 2.666667
3.300000</float_array><technique_common><accessor source="#root-visibility-animation-input-array" count="81"><param name="TIME" type="float"/></accessor></technique_common></source><source id="root-visibility-animation-output"><float_array id="root-visibility-animation-output-array" count="81">

1.000000 1.000000 1.000000 1.000000 1.000000 1.000000 1.000000 1.000000 1.000000 1.000000 1.000000 1.000000 1.000000 1.000000 1.000000 1.000000
1.000000 1.000000 1.000000 1.000000 1.000000 1.000000 1.000000 1.000000 1.000000 1.000000 1.000000 1.000000 1.000000 1.000000 1.000000 1.000000
1.000000 1.000000 1.000000 1.000000 1.000000 1.000000 1.000000 1.000000 1.000000 1.000000 1.000000 1.000000 1.000000 1.000000 1.000000 1.000000
1.000000 1.000000 1.000000 1.000000 1.000000 1.000000 1.000000 1.000000 1.000000 1.000000 1.000000 1.000000 1.000000 1.000000 1.000000 1.000000
1.000000 1.000000 1.000000 1.000000 1.000000 1.000000 1.000000 1.000000 1.000000 1.000000 1.000000 1.000000 1.000000 1.000000 1.000000 1.000000
1.000000</float_array><technique_common><accessor source="#root-visibility-animation-output-array" count="81"><param type="float"/></accessor></technique_common></source><source id="root-visibility-animation-intan"><float_array id="root-visibility-animation-intan-array" count="81">

0.000000 0.000000 0.000000 0.000000 0.000000 0.000000 0.000000 0.000000 0.000000 0.000000 0.000000 0.000000 0.000000 0.000000 0.000000 0.000000
0.000000 0.000000 0.000000 0.000000 0.000000 0.000000 0.000000 0.000000 0.000000 0.000000 0.000000 0.000000 0.000000 0.000000 0.000000 0.000000
0.000000 0.000000 0.000000 0.000000 0.000000 0.000000 0.000000 0.000000 0.000000 0.000000 0.000000 0.000000 0.000000 0.000000 0.000000 0.000000
0.000000 0.000000 0.000000 0.000000 0.000000 0.000000 0.000000 0.000000 0.000000 0.000000 0.000000 0.000000 0.000000 0.000000 0.000000 0.000000
0.000000 0.000000 0.000000 0.000000 0.000000 0.000000 0.000000 0.000000 0.000000 0.000000 0.000000 0.000000 0.000000 0.000000 0.000000 0.000000
0.000000</float_array><technique_common><accessor source="#root-visibility-animation-intan-array" count="81"><param type="float"/></accessor></technique_common></source><source id="root-visibility-animation-outtan"><float_array id="root-visibility-animation-outtan-array" count="81">

0.000000 0.000000 0.000000 0.000000 0.000000 0.000000 0.000000 0.000000 0.000000 0.000000 0.000000 0.000000 0.000000 0.000000 0.000000 0.000000
0.000000 0.000000 0.000000 0.000000 0.000000 0.000000 0.000000 0.000000 0.000000 0.000000 0.000000 0.000000 0.000000 0.000000 0.000000 0.000000
0.000000 0.000000 0.000000 0.000000 0.000000 0.000000 0.000000 0.000000 0.000000 0.000000 0.000000 0.000000 0.000000 0.000000 0.000000 0.000000
0.000000 0.000000 0.000000 0.000000 0.000000 0.000000 0.000000 0.000000 0.000000 0.000000 0.000000 0.000000 0.000000 0.000000 0.000000 0.000000
0.000000 0.000000 0.000000 0.000000 0.000000 0.000000 0.000000 0.000000 0.000000 0.000000 0.000000 0.000000 0.000000 0.000000 0.000000 0.000000
0.000000</float_array><technique_common><accessor source="#root-visibility-animation-outtan-array" count="81"><param type="float"/></accessor></technique_common></source><source id="root-visibility-animation-interpolation"><Name_array id="root-visibility-animation-interpolation-array" count="81">
 BEZIER BEZIER BEZIER BEZIER BEZIER BEZIER BEZIER BEZIER BEZIER BEZIER BEZIER
BEZIER BEZIER BEZIER BEZIER BEZIER BEZIER BEZIER BEZIER BEZIER BEZIER BEZIER BEZIER
BEZIER BEZIER BEZIER BEZIER BEZIER BEZIER BEZIER BEZIER BEZIER BEZIER BEZIER BEZIER
BEZIER BEZIER BEZIER BEZIER BEZIER BEZIER BEZIER BEZIER BEZIER BEZIER BEZIER BEZIER
BEZIER BEZIER BEZIER BEZIER BEZIER BEZIER BEZIER BEZIER BEZIER BEZIER BEZIER BEZIER
BEZIER BEZIER BEZIER BEZIER BEZIER BEZIER BEZIER BEZIER BEZIER BEZIER BEZIER BEZIER
BEZIER BEZIER BEZIER BEZIER BEZIER BEZIER BEZIER BEZIER BEZIER BEZIER</Name_array><technique_common><accessor source="#root-visibility-animation-interpolation-array" count="81"><param type="name"/></accessor></technique_common></source><sampler id="root-visibility-animation"><input semantic="INPUT" source="#root-visibility-animation-input"/><input semantic="OUTPUT" source="#root-visibility-animation-output"/><input semantic="IN_TANGENT" source="#root-visibility-animation-intan"/><input semantic="OUT_TANGENT" source="#root-visibility-animation-outtan"/><input semantic="INTERPOLATION" source="#root-visibility-animation-interpolation"/></sampler><channel source="#root-visibility-animation" target="root/visibility"/></animation></animation>
    <animation id="hips-anim" name="hips"><animation><source id="hips-Matrix-animation-input"><float_array id="hips-Matrix-animation-input-array" count="99">

0.033333 0.066667 0.100000 0.133333 0.166667 0.200000 0.233333 0.266667 0.300000 0.333333 0.366667 0.400000 0.433333 0.466667 0.500000 0.533333
0.566667 0.600000 0.633333 0.666667 0.700000 0.733333 0.766667 0.800000 0.833333 0.866667 0.900000 0.933333 0.966667 1.000000 1.033333 1.066667
1.100000 1.133333 1.166667 1.200000 1.233333 1.266667 1.300000 1.333333 1.366667 1.400000 1.433333 1.466667 1.500000 1.533333 1.566667 1.600000
1.633333 1.666667 1.700000 1.733333 1.766667 1.800000 1.833333 1.866667 1.900000 1.933333 1.966667 2.000000 2.033333 2.066667 2.100000 2.133333
2.166667 2.200000 2.233333 2.266667 2.300000 2.333333 2.366667 2.400000 2.433333 2.466667 2.500000 2.533333 2.566667 2.600000 2.633333 2.666667
2.700000 2.733333 2.766667 2.800000 2.833333 2.866667 2.900000 2.933333 2.966667 3.000000 3.033333 3.066667 3.100000 3.133333 3.166667 3.200000
3.233333 3.266667 3.300000</float_array><technique_common><accessor source="#hips-Matrix-animation-input-array" count="99"><param name="TIME" type="float"/></accessor></technique_common></source><source id="hips-Matrix-animation-output-transform"><float_array id="hips-Matrix-animation-output-transform-array" count="1584">

1.000000 0.000000 0.000000 -0.000000 0.000000 1.000000 0.000000 -0.038776 0.000000 0.000000 1.000000 0.002253 0.000000 0.000000 0.000000 1.000000
0.999991 -0.001181 -0.003979 -0.000000 0.001186 0.999998 0.001379 -0.038776 0.003977 -0.001383 0.999991 0.002253 0.000000 0.000000 0.000000 1.000000
0.999965 -0.002401 -0.007960 -0.000000 0.002424 0.999993 0.002918 -0.038776 0.007953 -0.002937 0.999964 0.002253 0.000000 0.000000 0.000000 1.000000
0.999922 -0.003646 -0.011943 -0.000000 0.003701 0.999983 0.004563 -0.038776 0.011926 -0.004607 0.999918 0.002253 0.000000 0.000000 0.000000 1.000000
0.999861 -0.004905 -0.015926 -0.000000 0.005005 0.999968 0.006262 -0.038776 0.015895 -0.006340 0.999854 0.002253 0.000000 0.000000 0.000000 1.000000
0.999783 -0.006163 -0.019909 -0.000000 0.006323 0.999948 0.007960 -0.038776 0.019859 -0.008084 0.999770 0.002253 0.000000 0.000000 0.000000 1.000000
0.999687 -0.007408 -0.023891 -0.000000 0.007639 0.999925 0.009604 -0.038776 0.023818 -0.009784 0.999668 0.002253 0.000000 0.000000 0.000000 1.000000
0.999574 -0.008627 -0.027871 -0.000000 0.008940 0.999898 0.011141 -0.038776 0.027772 -0.011386 0.999549 0.002253 0.000000 0.000000 0.000000 1.000000
0.999445 -0.009806 -0.031848 -0.000000 0.010209 0.999870 0.012518 -0.038776 0.031721 -0.012836 0.999414 0.002253 0.000000 0.000000 0.000000 1.000000
0.999298 -0.010932 -0.035821 -0.000000 0.011429 0.999841 0.013681 -0.038776 0.035666 -0.014081 0.999265 0.002253 0.000000 0.000000 0.000000 1.000000
0.999136 -0.011993 -0.039790 -0.000000 0.012582 0.999815 0.014576 -0.038776 0.039608 -0.015065 0.999102 0.002253 0.000000 0.000000 0.000000 1.000000
0.998958 -0.012976 -0.043753 -0.000000 0.013650 0.999792 0.015152 -0.038776 0.043547 -0.015733 0.998927 0.002253 0.000000 0.000000 0.000000 1.000000
0.998765 -0.013867 -0.047709 -0.000000 0.014614 0.999775 0.015353 -0.038776 0.047485 -0.016032 0.998743 0.002253 0.000000 0.000000 0.000000 1.000000
0.998541 -0.014698 -0.051958 -0.000000 0.015506 0.999764 0.015193 -0.038776 0.051723 -0.015976 0.998534 0.002253 0.000000 0.000000 0.000000 1.000000
0.998271 -0.015503 -0.056692 -0.000000 0.016364 0.999757 0.014744 -0.038776 0.056450 -0.015647 0.998283 0.002253 0.000000 0.000000 0.000000 1.000000
0.997959 -0.016274 -0.061747 -0.000000 0.017172 0.999754 0.014048 -0.038776 0.061503 -0.015080 0.997993 0.002253 0.000000 0.000000 0.000000 1.000000
0.997611 -0.017000 -0.066960 -0.000000 0.017919 0.999753 0.013146 -0.038776 0.066720 -0.014314 0.997669 0.002253 0.000000 0.000000 0.000000 1.000000
0.997236 -0.017674 -0.072168 -0.000000 0.018593 0.999754 0.012076 -0.038776 0.071937 -0.013385 0.997319 0.002253 0.000000 0.000000 0.000000 1.000000
0.996847 -0.018286 -0.077208 -0.000000 0.019182 0.999757 0.010881 -0.038776 0.076990 -0.012328 0.996956 0.002253 0.000000 0.000000 0.000000 1.000000
0.996461 -0.018827 -0.081917 -0.000000 0.019679 0.999760 0.009600 -0.038776 0.081716 -0.011178 0.996593 0.002253 0.000000 0.000000 0.000000 1.000000
0.996097 -0.019289 -0.086133 -0.000000 0.020076 0.999764 0.008275 -0.038776 0.085953 -0.009972 0.996249 0.002253 0.000000 0.000000 0.000000 1.000000
0.995775 -0.019664 -0.089694 -0.000000 0.020368 0.999768 0.006944 -0.038776 0.089537 -0.008742 0.995945 0.002253 0.000000 0.000000 0.000000 1.000000
0.995519 -0.019941 -0.092438 -0.000000 0.020551 0.999773 0.005649 -0.038776 0.092305 -0.007524 0.995702 0.002253 0.000000 0.000000 0.000000 1.000000
0.995350 -0.020115 -0.094204 -0.000000 0.020623 0.999778 0.004429 -0.038776 0.094094 -0.006351 0.995543 0.002253 0.000000 0.000000 0.000000 1.000000
0.995289 -0.020174 -0.094828 -0.000000 0.020582 0.999783 0.003324 -0.038776 0.094740 -0.005260 0.995488 0.002253 0.000000 0.000000 0.000000 1.000000
0.995366 -0.020051 -0.094044 -0.000000 0.020352 0.999790 0.002238 -0.038776 0.093979 -0.004141 0.995566 0.002253 0.000000 0.000000 0.000000 1.000000
0.995583 -0.019698 -0.091798 -0.000000 0.019879 0.999802 0.001057 -0.038776 0.091759 -0.002877 0.995777 0.002253 0.000000 0.000000 0.000000 1.000000
0.995914 -0.019141 -0.088253 -0.000000 0.019198 0.999816 -0.000201 -0.038776 0.088240 -0.001494 0.996098 0.002253 0.000000 0.000000 0.000000 1.000000
0.996332 -0.018405 -0.083569 -0.000000 0.018342 0.999831 -0.001522 -0.038776 0.083583 -0.000016 0.996501 0.002253 0.000000 0.000000 0.000000 1.000000
0.996807 -0.017514 -0.077908 -0.000000 0.017341 0.999845 -0.002890 -0.038776 0.077947 0.001529 0.996956 0.002253 0.000000 0.000000 0.000000 1.000000
0.997309 -0.016493 -0.071432 -0.000000 0.016228 0.999859 -0.004288 -0.038776 0.071493 0.003117 0.997436 0.002253 0.000000 0.000000 0.000000 1.000000
0.997812 -0.015367 -0.064302 -0.000000 0.015032 0.999871 -0.005700 -0.038776 0.064381 0.004721 0.997914 0.002253 0.000000 0.000000 0.000000 1.000000
0.998292 -0.014163 -0.056680 -0.000000 0.013782 0.999880 -0.007111 -0.038776 0.056774 0.006317 0.998367 0.002253 0.000000 0.000000 0.000000 1.000000
0.998729 -0.012905 -0.048729 0.000000 0.012505 0.999886 -0.008502 -0.038776 0.048833 0.007882 0.998776 0.002253 0.000000 0.000000 0.000000 1.000000
0.999107 -0.011620 -0.040612 0.000000 0.011228 0.999888 -0.009859 -0.038776 0.040723 0.009394 0.999126 0.002253 0.000000 0.000000 0.000000 1.000000
0.999419 -0.010333 -0.032493 -0.000000 0.009975 0.999888 -0.011164 -0.038776 0.032605 0.010834 0.999410 0.002253 0.000000 0.000000 0.000000 1.000000
0.999658 -0.009070 -0.024534 0.000000 0.008768 0.999885 -0.012401 -0.038776 0.024644 0.012182 0.999622 0.002253 0.000000 0.000000 0.000000 1.000000
0.999826 -0.007859 -0.016900 -0.000000 0.007630 0.999879 -0.013553 -0.038776 0.017005 0.013422 0.999765 0.002253 0.000000 0.000000 0.000000 1.000000
0.999930 -0.006724 -0.009754 -0.000000 0.006581 0.999872 -0.014604 -0.038776 0.009851 0.014538 0.999846 0.002253 0.000000 0.000000 0.000000 1.000000
0.999978 -0.005692 -0.003260 0.000000 0.005641 0.999863 -0.015537 -0.038776 0.003348 0.015518 0.999874 0.002253 0.000000 0.000000 0.000000 1.000000
0.999986 -0.004789 0.002419 0.000000 0.004828 0.999855 -0.016336 -0.038776 -0.002341 0.016348 0.999864 0.002253 0.000000 0.000000 0.000000 1.000000
0.999966 -0.004042 0.007120 -0.000000 0.004163 0.999847 -0.016986 -0.038776 -0.007050 0.017015 0.999830 0.002253 0.000000 0.000000 0.000000 1.000000
0.999937 -0.003476 0.010680 0.000000 0.003663 0.999841 -0.017470 -0.038776 -0.010617 0.017508 0.999790 0.002253 0.000000 0.000000 0.000000 1.000000
0.999911 -0.003118 0.012935 0.000000 0.003347 0.999836 -0.017772 -0.038776 -0.012878 0.017814 0.999758 0.002253 0.000000 0.000000 0.000000 1.000000
0.999901 -0.002993 0.013723 -0.000000 0.003238 0.999835 -0.017876 -0.038776 -0.013667 0.017919 0.999746 0.002253 0.000000 0.000000 0.000000 1.000000
0.999906 -0.003240 0.013312 0.000000 0.003474 0.999839 -0.017584 -0.038776 -0.013253 0.017629 0.999757 0.002253 0.000000 0.000000 0.000000 1.000000
0.999919 -0.003950 0.012131 -0.000000 0.004153 0.999851 -0.016744 -0.038776 -0.012063 0.016793 0.999786 0.002253 0.000000 0.000000 0.000000 1.000000
0.999935 -0.005078 0.010256 -0.000000 0.005236 0.999868 -0.015412 -0.038776 -0.010176 0.015464 0.999829 0.002253 0.000000 0.000000 0.000000 1.000000
0.999948 -0.006576 0.007764 -0.000000 0.006682 0.999885 -0.013640 -0.038776 -0.007674 0.013692 0.999877 0.002253 0.000000 0.000000 0.000000 1.000000
0.999954 -0.008399 0.004734 -0.000000 0.008453 0.999898 -0.011486 -0.038776 -0.004637 0.011525 0.999923 0.002253 0.000000 0.000000 0.000000 1.000000
0.999944 -0.010500 0.001241 -0.000000 0.010510 0.999904 -0.009002 -0.038776 -0.001146 0.009014 0.999959 0.002253 0.000000 0.000000 0.000000 1.000000
0.999914 -0.012832 -0.002638 -0.000000 0.012815 0.999898 -0.006244 -0.038776 0.002718 0.006210 0.999977 0.002253 0.000000 0.000000 0.000000 1.000000
0.999859 -0.015349 -0.006824 -0.000000 0.015327 0.999877 -0.003267 -0.038776 0.006874 0.003162 0.999971 0.002253 0.000000 0.000000 0.000000 1.000000
0.999775 -0.018005 -0.011242 -0.000000 0.018004 0.999838 -0.000125 -0.038776 0.011243 -0.000077 0.999937 0.002253 0.000000 0.000000 0.000000 1.000000
0.999660 -0.020752 -0.015814 -0.000000 0.020804 0.999779 0.003125 -0.038776 0.015745 -0.003453 0.999870 0.002253 0.000000 0.000000 0.000000 1.000000
0.999513 -0.023545 -0.020462 -0.000000 0.023681 0.999699 0.006430 -0.038776 0.020304 -0.006912 0.999770 0.002253 0.000000 0.000000 0.000000 1.000000
0.999338 -0.026337 -0.025110 -0.000000 0.026588 0.999599 0.009734 -0.038776 0.024843 -0.010395 0.999637 0.002253 0.000000 0.000000 0.000000 1.000000
0.999136 -0.029080 -0.029680 -0.000000 0.029476 0.999481 0.012983 -0.038776 0.029287 -0.013846 0.999475 0.002253 0.000000 0.000000 0.000000 1.000000
0.998915 -0.031730 -0.034095 -0.000000 0.032294 0.999348 0.016120 -0.038776 0.033562 -0.017204 0.999289 0.002253 0.000000 0.000000 0.000000 1.000000
0.998680 -0.034240 -0.038279 -0.000000 0.034990 0.999205 0.019092 -0.038776 0.037595 -0.020406 0.999085 0.002253 0.000000 0.000000 0.000000 1.000000
0.998442 -0.036564 -0.042155 -0.000000 0.037508 0.999058 0.021844 -0.038776 0.041316 -0.023391 0.998872 0.002253 0.000000 0.000000 0.000000 1.000000
0.998210 -0.038655 -0.045644 -0.000000 0.039794 0.998912 0.024322 -0.038776 0.044655 -0.026094 0.998662 0.002253 0.000000 0.000000 0.000000 1.000000
0.997995 -0.040469 -0.048672 -0.000000 0.041791 0.998776 0.026470 -0.038776 0.047541 -0.028451 0.998464 0.002253 0.000000 0.000000 0.000000 1.000000
0.997809 -0.041959 -0.051160 -0.000000 0.043442 0.998657 0.028235 -0.038776 0.049907 -0.030396 0.998291 0.002253 0.000000 0.000000 0.000000 1.000000
0.997663 -0.043080 -0.053033 0.000000 0.044690 0.998563 0.029564 -0.038776 0.051683 -0.031864 0.998155 0.002253 0.000000 0.000000 0.000000 1.000000
0.997569 -0.043786 -0.054212 -0.000000 0.045479 0.998503 0.030400 -0.038776 0.052800 -0.032792 0.998067 0.002253 0.000000 0.000000 0.000000 1.000000
0.997536 -0.044031 -0.054623 -0.000000 0.045754 0.998481 0.030691 -0.038776 0.053188 -0.033115 0.998035 0.002253 0.000000 0.000000 0.000000 1.000000
0.997581 -0.043695 -0.054069 -0.000000 0.045385 0.998506 0.030441 -0.038776 0.052658 -0.032821 0.998073 0.002253 0.000000 0.000000 0.000000 1.000000
0.997708 -0.042727 -0.052475 -0.000000 0.044327 0.998575 0.029720 -0.038776 0.051131 -0.031978 0.998180 0.002253 0.000000 0.000000 0.000000 1.000000
0.997902 -0.041191 -0.049947 -0.000000 0.042653 0.998681 0.028576 -0.038776 0.048704 -0.030647 0.998343 0.002253 0.000000 0.000000 0.000000 1.000000
0.998147 -0.039148 -0.046586 0.000000 0.040437 0.998816 0.027056 -0.038776 0.045472 -0.028889 0.998548 0.002253 0.000000 0.000000 0.000000 1.000000
0.998424 -0.036662 -0.042497 0.000000 0.037755 0.998969 0.025205 -0.038776 0.041529 -0.026769 0.998779 0.002253 0.000000 0.000000 0.000000 1.000000
0.998714 -0.033794 -0.037784 -0.000000 0.034681 0.999132 0.023070 -0.038776 0.036972 -0.024350 0.999020 0.002253 0.000000 0.000000 0.000000 1.000000
0.999001 -0.030608 -0.032550 -0.000000 0.031291 0.999296 0.020698 -0.038776 0.031893 -0.021696 0.999256 0.002253 0.000000 0.000000 0.000000 1.000000
0.999269 -0.027165 -0.026898 -0.000000 0.027659 0.999453 0.018136 -0.038776 0.026391 -0.018866 0.999474 0.002253 0.000000 0.000000 0.000000 1.000000
0.999504 -0.023531 -0.020934 -0.000000 0.023856 0.999596 0.015431 -0.038776 0.020563 -0.015922 0.999662 0.002253 0.000000 0.000000 0.000000 1.000000
0.999696 -0.019767 -0.014761 0.000000 0.019954 0.999721 0.012630 -0.038776 0.014508 -0.012920 0.999811 0.002253 0.000000 0.000000 0.000000 1.000000
0.999837 -0.015938 -0.008484 -0.000000 0.016021 0.999824 0.009780 -0.038776 0.008326 -0.009915 0.999916 0.002253 0.000000 0.000000 0.000000 1.000000
0.999924 -0.012108 -0.002206 -0.000000 0.012123 0.999902 0.006930 -0.038776 0.002122 -0.006957 0.999974 0.002253 0.000000 0.000000 0.000000 1.000000
0.999957 -0.008341 0.003968 -0.000000 0.008324 0.999957 0.004127 -0.038776 -0.004003 -0.004094 0.999984 0.002253 0.000000 0.000000 0.000000 1.000000
0.999940 -0.004700 0.009934 -0.000000 0.004686 0.999988 0.001418 -0.038776 -0.009941 -0.001372 0.999950 0.002253 0.000000 0.000000 0.000000 1.000000
0.999878 -0.001250 0.015587 -0.000000 0.001268 0.999999 -0.001148 -0.038776 -0.015586 0.001168 0.999878 0.002253 0.000000 0.000000 0.000000 1.000000
0.999781 0.001945 0.020824 -0.000000 -0.001872 0.999992 -0.003526 -0.038776 -0.020831 0.003486 0.999777 0.002253 0.000000 0.000000 0.000000 1.000000
0.999662 0.004823 0.025540 -0.000000 -0.004679 0.999973 -0.005666 -0.038776 -0.025566 0.005545 0.999658 0.002253 0.000000 0.000000 0.000000 1.000000
0.999534 0.007319 0.029631 -0.000000 -0.007099 0.999947 -0.007523 -0.038776 -0.029685 0.007309 0.999533 0.002253 0.000000 0.000000 0.000000 1.000000
0.999412 0.009370 0.032994 -0.000000 -0.009076 0.999918 -0.009049 -0.038776 -0.033076 0.008744 0.999415 0.002253 0.000000 0.000000 0.000000 1.000000
0.999309 0.010913 0.035525 -0.000000 -0.010557 0.999892 -0.010197 -0.038776 -0.035632 0.009815 0.999317 0.002253 0.000000 0.000000 0.000000 1.000000
0.999240 0.011885 0.037119 -0.000000 -0.011487 0.999874 -0.010920 -0.038776 -0.037244 0.010486 0.999251 0.002253 0.000000 0.000000 0.000000 1.000000
0.999215 0.012223 0.037674 -0.000000 -0.011810 0.999868 -0.011172 -0.038776 -0.037805 0.010718 0.999228 0.002253 0.000000 0.000000 0.000000 1.000000
0.999240 0.012031 0.037079 -0.000000 -0.011630 0.999872 -0.010996 -0.038776 -0.037207 0.010556 0.999252 0.002253 0.000000 0.000000 0.000000 1.000000
0.999307 0.011490 0.035410 -0.000000 -0.011124 0.999883 -0.010501 -0.038776 -0.035527 0.010100 0.999318 0.002253 0.000000 0.000000 0.000000 1.000000
0.999404 0.010655 0.032835 -0.000000 -0.010340 0.999899 -0.009738 -0.038776 -0.032936 0.009393 0.999413 0.002253 0.000000 0.000000 0.000000 1.000000
0.999518 0.009581 0.029525 -0.000000 -0.009326 0.999918 -0.008757 -0.038776 -0.029606 0.008477 0.999526 0.002253 0.000000 0.000000 0.000000 1.000000
0.999636 0.008324 0.025647 -0.000000 -0.008131 0.999938 -0.007608 -0.038776 -0.025709 0.007396 0.999642 0.002253 0.000000 0.000000 0.000000 1.000000
0.999747 0.006937 0.021373 -0.000000 -0.006803 0.999957 -0.006340 -0.038776 -0.021417 0.006193 0.999751 0.002253 0.000000 0.000000 0.000000 1.000000
0.999856 0.005225 0.016151 -0.000000 -0.005148 0.999975 -0.004772 -0.038776 -0.016175 0.004688 0.999858 0.002253 0.000000 0.000000 0.000000 1.000000
0.999941 0.003340 0.010354 -0.000000 -0.003309 0.999990 -0.003049 -0.038776 -0.010364 0.003015 0.999942 0.002253 0.000000 0.000000 0.000000 1.000000
0.999982 0.001825 0.005649 -0.000000 -0.001816 0.999997 -0.001667 -0.038776 -0.005652 0.001656 0.999983 0.002253 0.000000 0.000000 0.000000 1.000000
0.999992 0.001204 0.003709 -0.000000 -0.001200 0.999999 -0.001100 -0.038776 -0.003710 0.001096 0.999993 0.002253 0.000000 0.000000 0.000000 1.000000</float_array><technique_common><accessor source="#hips-Matrix-animation-output-transform-array" count="99" stride="16"><param type="float4x4"/></accessor></technique_common></source><source id="hips-Interpolations"><Name_array id="hips-Interpolations-array" count="99">
 LINEAR LINEAR LINEAR LINEAR LINEAR LINEAR LINEAR LINEAR LINEAR LINEAR LINEAR
LINEAR LINEAR LINEAR LINEAR LINEAR LINEAR LINEAR LINEAR LINEAR LINEAR LINEAR LINEAR
LINEAR LINEAR LINEAR LINEAR LINEAR LINEAR LINEAR LINEAR LINEAR LINEAR LINEAR LINEAR
