<?xml version="1.0" encoding="utf-8"?>
<COLLADA xmlns="http://www.collada.org/2005/11/COLLADASchema" version="1.4.1">
  <asset><contributor><author></author><authoring_tool>FBX COLLADA exporter</authoring_tool><comments></comments></contributor><created>2014-07-10T16:01:01Z</created><keywords></keywords><modified>2014-07-10T16:01:01Z</modified><revision></revision><subject></subject><title></title><unit meter="0.010000" name="centimeter"></unit><up_axis>Y_UP</up_axis></asset>
  <library_animations>
    <animation id="root-anim" name="root"><animation><source id="root-Matrix-animation-input"><float_array id="root-Matrix-animation-input-array" count="152">

0.033333 0.066667 0.100000 0.133333 0.166667 0.200000 0.233333 0.266667 0.300000 0.333333 0.366667 0.400000 0.433333 0.466667 0.500000 0.533333
0.566667 0.600000 0.633333 0.666667 0.700000 0.733333 0.766667 0.800000 0.833333 0.866667 0.900000 0.933333 0.966667 1.000000 1.033333 1.066667
1.100000 1.133333 1.166667 1.200000 1.233333 1.266667 1.300000 1.333333 1.366667 1.400000 1.433333 1.466667 1.500000 1.533333 1.566667 1.600000
1.633333 1.666667 1.700000 1.733333 1.766667 1.800000 1.833333 1.866667 1.900000 1.933333 1.966667 2.000000 2.033333 2.066667 2.100000 2.133333
2.166667 2.200000 2.233333 2.266667 2.300000 2.333333 2.366667 2.400000 2.433333 2.466667 2.500000 2.533333 2.566667 2.600000 2.633333 2.666667
2.700000 2.733333 2.766667 2.800000 2.833333 2.866667 2.900000 2.933333 2.966667 3.000000 3.033333 3.066667 3.100000 3.133333 3.166667 3.200000
3.233333 3.266667 3.300000 3.333333 3.366667 3.400000 3.433333 3.466667 3.500000 3.533333 3.566667 3.600000 3.633333 3.666667 3.700000 3.733333
3.766667 3.800000 3.833333 3.866667 3.900000 3.933333 3.966667 4.000000 4.033333 4.066667 4.100000 4.133333 4.166667 4.200000 4.233333 4.266667
4.300000 4.333333 4.366667 4.400000 4.433333 4.466667 4.500000 4.533333 4.566667 4.600000 4.633333 4.666667 4.700000 4.733333 4.766667 4.800000
4.833333 4.866667 4.900000 4.933333 4.966667 5.000000 5.033333 5.066667</float_array><technique_common><accessor source="#root-Matrix-animation-input-array" count="152"><param name="TIME" type="float"/></accessor></technique_common></source><source id="root-Matrix-animation-output-transform"><float_array id="root-Matrix-animation-output-transform-array" count="2432">

1.000000 0.000000 0.000000 -0.000000 0.000000 1.000000 0.000000 0.067787 0.000000 0.000000 1.000000 0.118562 0.000000 0.000000 0.000000 1.000000
0.999995 0.001492 0.002752 0.000579 -0.001477 0.999985 -0.005313 0.065858 -0.002760 0.005309 0.999982 0.118535 0.000000 0.000000 0.000000 1.000000
0.999929 0.005817 0.010357 0.002207 -0.005611 0.999787 -0.019881 0.060565 -0.010471 0.019821 0.999749 0.118457 0.000000 0.000000 0.000000 1.000000
0.999681 0.012863 0.021755 0.004726 -0.011949 0.999061 -0.041634 0.052659 -0.022270 0.041360 0.998896 0.118336 0.000000 0.000000 0.000000 1.000000
0.999103 0.022537 0.035842 0.007973 -0.020043 0.997451 -0.068489 0.042885 -0.037294 0.067709 0.997008 0.118177 0.000000 0.000000 0.000000 1.000000
0.998070 0.034637 0.051540 0.011790 -0.029442 0.994717 -0.098347 0.031991 -0.054674 0.096639 0.993817 0.117987 0.000000 0.000000 0.000000 1.000000
0.996502 0.048763 0.067863 0.016014 -0.039694 0.990836 -0.129105 0.020723 -0.073537 0.125960 0.989306 0.117772 0.000000 0.000000 0.000000 1.000000
0.994391 0.064290 0.083979 0.020486 -0.050349 0.986045 -0.158684 0.009829 -0.093008 0.153566 0.983751 0.117539 0.000000 0.000000 0.000000 1.000000
0.991812 0.080364 0.099252 0.025046 -0.060957 0.980838 -0.185046 0.000055 -0.112221 0.177481 0.977705 0.117294 0.000000 0.000000 0.000000 1.000000
0.988921 0.095948 0.113264 0.029533 -0.071069 0.975923 -0.206213 -0.007852 -0.130322 0.195879 0.971930 0.117044 0.000000 0.000000 0.000000 1.000000
0.985956 0.109871 0.125773 0.033785 -0.080235 0.972137 -0.220254 -0.013144 -0.146469 0.207069 0.967300 0.116794 0.000000 0.000000 0.000000 1.000000
0.983212 0.120906 0.136663 0.037643 -0.088009 0.970314 -0.225267 -0.015074 -0.159842 0.209458 0.964665 0.116552 0.000000 0.000000 0.000000 1.000000
0.980501 0.130290 0.147111 0.041337 -0.095227 0.969863 -0.224273 -0.014381 -0.171898 0.205891 0.963359 0.116305 0.000000 0.000000 0.000000 1.000000
0.977435 0.139904 0.158261 0.045179 -0.102914 0.969690 -0.221609 -0.012405 -0.184468 0.200322 0.962207 0.116040 0.000000 0.000000 0.000000 1.000000
0.974048 0.149485 0.169956 0.049135 -0.110907 0.969775 -0.217338 -0.009302 -0.197308 0.192848 0.961186 0.115760 0.000000 0.000000 0.000000 1.000000
0.970389 0.158771 0.182036 0.053169 -0.119044 0.970097 -0.211520 -0.005227 -0.210176 0.183586 0.960272 0.115469 0.000000 0.000000 0.000000 1.000000
0.966527 0.167512 0.194334 0.057247 -0.127163 0.970631 -0.204218 -0.000335 -0.222836 0.172670 0.959442 0.115169 0.000000 0.000000 0.000000 1.000000
0.962546 0.175473 0.206676 0.061335 -0.135103 0.971355 -0.195493 0.005220 -0.235060 0.160248 0.958680 0.114864 0.000000 0.000000 0.000000 1.000000
0.958548 0.182432 0.218871 0.065397 -0.142703 0.972244 -0.185410 0.011281 -0.246621 0.146491 0.957976 0.114558 0.000000 0.000000 0.000000 1.000000
0.954648 0.188190 0.230719 0.069399 -0.149803 0.973279 -0.174031 0.017694 -0.257305 0.131576 0.957331 0.114253 0.000000 0.000000 0.000000 1.000000
0.950974 0.192569 0.242002 0.073306 -0.156244 0.974440 -0.161416 0.024304 -0.266900 0.115691 0.956755 0.113954 0.000000 0.000000 0.000000 1.000000
0.947662 0.195417 0.252487 0.077083 -0.161868 0.975708 -0.147627 0.030956 -0.275202 0.099030 0.956272 0.113663 0.000000 0.000000 0.000000 1.000000
0.944850 0.196606 0.261924 0.080695 -0.166517 0.977066 -0.132721 0.037493 -0.282010 0.081787 0.955919 0.113383 0.000000 0.000000 0.000000 1.000000
0.942681 0.196032 0.270043 0.084108 -0.170034 0.978497 -0.116756 0.043762 -0.287125 0.064148 0.955743 0.113118 0.000000 0.000000 0.000000 1.000000
0.941290 0.193619 0.276560 0.087287 -0.172260 0.979984 -0.099785 0.049608 -0.290345 0.046286 0.955802 0.112872 0.000000 0.000000 0.000000 1.000000
0.940801 0.189312 0.281167 0.090197 -0.173037 0.981507 -0.081863 0.054875 -0.291465 0.028364 0.956161 0.112647 0.000000 0.000000 0.000000 1.000000
0.941490 0.182409 0.283413 0.092899 -0.172489 0.983195 -0.059798 0.059910 -0.289558 0.007414 0.957132 0.112437 0.000000 0.000000 0.000000 1.000000
0.943440 0.172814 0.282941 0.095465 -0.170972 0.984776 -0.031390 0.065123 -0.284058 -0.018760 0.958624 0.112232 0.000000 0.000000 0.000000 1.000000
0.946449 0.161454 0.279583 0.097877 -0.168679 0.985669 0.001809 0.070449 -0.275284 -0.048872 0.960120 0.112034 0.000000 0.000000 0.000000 1.000000
0.950289 0.149297 0.273241 0.100115 -0.165803 0.985418 0.038214 0.075826 -0.263551 -0.081618 0.961186 0.111848 0.000000 0.000000 0.000000 1.000000
0.954722 0.137296 0.263922 0.102161 -0.162539 0.983755 0.076209 0.081188 -0.249171 -0.115656 0.961529 0.111674 0.000000 0.000000 0.000000 1.000000
0.959508 0.126339 0.251760 0.103995 -0.159078 0.980642 0.114169 0.086474 -0.232462 -0.149595 0.961032 0.111515 0.000000 0.000000 0.000000 1.000000
0.964415 0.117192 0.237003 0.105599 -0.155615 0.976289 0.150480 0.091618 -0.213748 -0.182007 0.959784 0.111374 0.000000 0.000000 0.000000 1.000000
0.969226 0.110465 0.219996 0.106953 -0.152345 0.971134 0.183550 0.096556 -0.193370 -0.211417 0.958077 0.111254 0.000000 0.000000 0.000000 1.000000
0.973749 0.106574 0.201131 0.108039 -0.149462 0.965807 0.211843 0.101226 -0.171677 -0.236343 0.956383 0.111156 0.000000 0.000000 0.000000 1.000000
0.977821 0.105731 0.180798 0.108839 -0.147161 0.961068 0.233863 0.105562 -0.149033 -0.255283 0.955311 0.111083 0.000000 0.000000 0.000000 1.000000
0.981306 0.107941 0.159334 0.109332 -0.145637 0.957711 0.248151 0.109502 -0.125810 -0.266717 0.955528 0.111037 0.000000 0.000000 0.000000 1.000000
0.984106 0.113012 0.136978 0.109501 -0.145086 0.956461 0.253243 0.112982 -0.102395 -0.269092 0.957656 0.111021 0.000000 0.000000 0.000000 1.000000
0.986101 0.121513 0.113309 0.109495 -0.146796 0.956623 0.251643 0.116182 -0.077816 -0.264779 0.961164 0.111022 0.000000 0.000000 0.000000 1.000000
0.987117 0.133694 0.087900 0.109451 -0.151627 0.957049 0.247117 0.119313 -0.051087 -0.257261 0.964991 0.111024 0.000000 0.000000 0.000000 1.000000
0.987000 0.148745 0.060879 0.109331 -0.159126 0.957623 0.240076 0.122355 -0.022589 -0.246642 0.968843 0.111031 0.000000 0.000000 0.000000 1.000000
0.985617 0.165867 0.032365 0.109098 -0.168838 0.958209 0.230930 0.125290 0.007292 -0.233073 0.972432 0.111045 0.000000 0.000000 0.000000 1.000000
0.982870 0.184285 0.002502 0.108714 -0.180308 0.958670 0.220093 0.128098 0.038161 -0.216774 0.975476 0.111068 0.000000 0.000000 0.000000 1.000000
0.978710 0.203258 -0.028519 0.108142 -0.193080 0.958886 0.207985 0.130762 0.069621 -0.198050 0.977716 0.111102 0.000000 0.000000 0.000000 1.000000
0.973148 0.222100 -0.060451 0.107342 -0.206703 0.958769 0.195030 0.133262 0.101275 -0.177298 0.978933 0.111149 0.000000 0.000000 0.000000 1.000000
0.966261 0.240194 -0.092987 0.106278 -0.220726 0.958270 0.181658 0.135579 0.132739 -0.155004 0.978956 0.111212 0.000000 0.000000 0.000000 1.000000
0.958193 0.257007 -0.125754 0.104913 -0.234703 0.957387 0.168299 0.137695 0.163649 -0.131748 0.977682 0.111292 0.000000 0.000000 0.000000 1.000000
0.949152 0.272105 -0.158333 0.103207 -0.248196 0.956167 0.155381 0.139589 0.193673 -0.108182 0.975083 0.111393 0.000000 0.000000 0.000000 1.000000
0.939411 0.285155 -0.190248 0.101123 -0.260769 0.954702 0.143331 0.141244 0.222502 -0.085036 0.971217 0.111516 0.000000 0.000000 0.000000 1.000000
0.929289 0.295934 -0.221007 0.098624 -0.271997 0.953123 0.132565 0.142641 0.249878 -0.063078 0.966221 0.111663 0.000000 0.000000 0.000000 1.000000
0.919151 0.304319 -0.250103 0.095672 -0.281458 0.951594 0.123493 0.143760 0.275578 -0.043115 0.960311 0.111837 0.000000 0.000000 0.000000 1.000000
0.909385 0.310272 -0.277037 0.092229 -0.288733 0.950293 0.116517 0.144583 0.299418 -0.025969 0.953768 0.112041 0.000000 0.000000 0.000000 1.000000
0.900397 0.313822 -0.301332 0.088258 -0.293406 0.949400 0.112037 0.145090 0.321244 -0.012465 0.946914 0.112275 0.000000 0.000000 0.000000 1.000000
0.892588 0.315036 -0.322551 0.083719 -0.295058 0.949073 0.110454 0.145264 0.340921 -0.003419 0.940086 0.112543 0.000000 0.000000 0.000000 1.000000
0.888239 0.306854 -0.341865 0.077596 -0.285665 0.951755 0.112063 0.143848 0.359759 -0.001880 0.933043 0.112922 0.000000 0.000000 0.000000 1.000000
0.888333 0.284175 -0.360705 0.069183 -0.259378 0.958721 0.116522 0.139844 0.378928 -0.009951 0.925372 0.113471 0.000000 0.000000 0.000000 1.000000
0.890960 0.249818 -0.379186 0.058909 -0.218945 0.967922 0.123247 0.133616 0.397811 -0.026787 0.917076 0.114160 0.000000 0.000000 0.000000 1.000000
0.894081 0.206489 -0.397469 0.047205 -0.167160 0.977107 0.131601 0.125528 0.415544 -0.051221 0.908130 0.114958 0.000000 0.000000 0.000000 1.000000
0.895884 0.156904 -0.415658 0.034501 -0.107001 0.984224 0.140906 0.115943 0.431210 -0.081759 0.898540 0.115837 0.000000 0.000000 0.000000 1.000000
0.895046 0.103836 -0.433717 0.021227 -0.041678 0.987736 0.150465 0.105226 0.444022 -0.116597 0.888397 0.116767 0.000000 0.000000 0.000000 1.000000
0.890903 0.050074 -0.451424 0.007813 0.025416 0.986851 0.159624 0.093739 0.453481 -0.153683 0.877916 0.117718 0.000000 0.000000 0.000000 1.000000
0.883536 -0.001659 -0.468360 -0.005310 0.090810 0.981624 0.167831 0.081848 0.459476 -0.190816 0.867451 0.118661 0.000000 0.000000 0.000000 1.000000
0.873742 -0.048804 -0.483935 -0.017715 0.151103 0.972960 0.174693 0.069914 0.462323 -0.225760 0.857490 0.119566 0.000000 0.000000 0.000000 1.000000
0.862930 -0.089017 -0.497421 -0.028968 0.203046 0.962482 0.180003 0.058304 0.462735 -0.256330 0.848629 0.120403 0.000000 0.000000 0.000000 1.000000
0.852915 -0.120194 -0.508025 -0.038640 0.243634 0.952306 0.183728 0.047381 0.461712 -0.280476 0.841520 0.121143 0.000000 0.000000 0.000000 1.000000
0.845657 -0.140373 -0.514937 -0.046302 0.270037 0.944727 0.185935 0.037508 0.460374 -0.296289 0.836820 0.121756 0.000000 0.000000 0.000000 1.000000
0.842926 -0.147572 -0.517395 -0.051523 0.279473 0.941831 0.186680 0.029049 0.459750 -0.301955 0.835137 0.122213 0.000000 0.000000 0.000000 1.000000
0.843435 -0.147762 -0.516511 -0.055191 0.277972 0.942760 0.184213 0.021380 0.459726 -0.298947 0.836231 0.122565 0.000000 0.000000 0.000000 1.000000
0.844900 -0.148271 -0.513965 -0.058492 0.273655 0.945377 0.177130 0.013649 0.459628 -0.290306 0.839324 0.122882 0.000000 0.000000 0.000000 1.000000
0.847214 -0.148983 -0.509934 -0.061446 0.266793 0.949370 0.165885 0.005882 0.459402 -0.276587 0.844067 0.123166 0.000000 0.000000 0.000000 1.000000
0.850259 -0.149752 -0.504613 -0.064073 0.257657 0.954378 0.150917 -0.001895 0.458992 -0.258336 0.850053 0.123419 0.000000 0.000000 0.000000 1.000000
0.853910 -0.150422 -0.498207 -0.066390 0.246515 0.960016 0.132665 -0.009655 0.458331 -0.236099 0.856849 0.123644 0.000000 0.000000 0.000000 1.000000
0.858043 -0.150839 -0.490927 -0.068419 0.233638 0.965901 0.111577 -0.017373 0.457357 -0.210437 0.864026 0.123841 0.000000 0.000000 0.000000 1.000000
0.862535 -0.150860 -0.482985 -0.070177 0.219298 0.971670 0.088130 -0.025023 0.456007 -0.181933 0.871182 0.124012 0.000000 0.000000 0.000000 1.000000
0.867270 -0.150366 -0.474587 -0.071684 0.203771 0.977001 0.062827 -0.032579 0.454224 -0.151195 0.877964 0.124160 0.000000 0.000000 0.000000 1.000000
0.872144 -0.149263 -0.465924 -0.072961 0.187340 0.981628 0.036201 -0.040016 0.451961 -0.118859 0.884084 0.124286 0.000000 0.000000 0.000000 1.000000
0.877065 -0.147485 -0.457171 -0.074025 0.170289 0.985355 0.008816 -0.047307 0.449175 -0.085583 0.889335 0.124391 0.000000 0.000000 0.000000 1.000000
0.881956 -0.144998 -0.448474 -0.074896 0.152909 0.988062 -0.018748 -0.054428 0.445839 -0.052041 0.893599 0.124478 0.000000 0.000000 0.000000 1.000000
0.886756 -0.141798 -0.439952 -0.075593 0.135497 0.989715 -0.045884 -0.061351 0.441933 -0.018924 0.896849 0.124549 0.000000 0.000000 0.000000 1.000000
0.891421 -0.137905 -0.431683 -0.076137 0.118349 0.990359 -0.071989 -0.068051 0.437449 0.013083 0.899148 0.124604 0.000000 0.000000 0.000000 1.000000
0.895926 -0.133363 -0.423711 -0.076545 0.101765 0.990121 -0.096461 -0.074502 0.432389 0.043303 0.900647 0.124647 0.000000 0.000000 0.000000 1.000000
0.900260 -0.128236 -0.416039 -0.076837 0.086046 0.989194 -0.118705 -0.080679 0.426765 0.071067 0.901566 0.124678 0.000000 0.000000 0.000000 1.000000
0.904426 -0.122603 -0.408634 -0.077033 0.071494 0.987829 -0.138142 -0.086554 0.420597 0.095725 0.902183 0.124699 0.000000 0.000000 0.000000 1.000000
0.908442 -0.116563 -0.401430 -0.077152 0.058410 0.986310 -0.154211 -0.092104 0.413909 0.116644 0.902814 0.124712 0.000000 0.000000 0.000000 1.000000
0.912334 -0.110226 -0.394332 -0.077213 0.047092 0.984939 -0.166363 -0.097301 0.406730 0.133208 0.903784 0.124720 0.000000 0.000000 0.000000 1.000000
0.916129 -0.103728 -0.387231 -0.077236 0.037843 0.984008 -0.174058 -0.102120 0.399093 0.144806 0.905404 0.124723 0.000000 0.000000 0.000000 1.000000
0.919859 -0.097226 -0.380007 -0.077239 0.030957 0.983766 -0.176764 -0.106534 0.391025 0.150834 0.907937 0.124724 0.000000 0.000000 0.000000 1.000000
0.923698 -0.090819 -0.372202 -0.076991 0.025592 0.983954 -0.176577 -0.110533 0.382266 0.153578 0.911201 0.124709 0.000000 0.000000 0.000000 1.000000
0.927765 -0.084499 -0.363472 -0.076275 0.020693 0.984176 -0.175981 -0.114141 0.372591 0.155748 0.914833 0.124666 0.000000 0.000000 0.000000 1.000000
0.932006 -0.078288 -0.353886 -0.075137 0.016238 0.984432 -0.175016 -0.117388 0.362078 0.157369 0.918768 0.124597 0.000000 0.000000 0.000000 1.000000
0.936367 -0.072209 -0.343514 -0.073620 0.012207 0.984719 -0.173720 -0.120303 0.350809 0.158473 0.922941 0.124505 0.000000 0.000000 0.000000 1.000000
0.940796 -0.066284 -0.332429 -0.071770 0.008578 0.985036 -0.172133 -0.122915 0.338865 0.159090 0.927287 0.124393 0.000000 0.000000 0.000000 1.000000
0.945243 -0.060538 -0.320705 -0.069631 0.005331 0.985379 -0.170294 -0.125254 0.326325 0.159259 0.931745 0.124264 0.000000 0.000000 0.000000 1.000000
0.949658 -0.054994 -0.308423 -0.067246 0.002444 0.985743 -0.168241 -0.127349 0.313278 0.159017 0.936253 0.124119 0.000000 0.000000 0.000000 1.000000
0.954000 -0.049675 -0.295663 -0.064662 -0.000103 0.986124 -0.166013 -0.129230 0.299807 0.158407 0.940757 0.123963 0.000000 0.000000 0.000000 1.000000
0.958227 -0.044598 -0.282510 -0.061922 -0.002333 0.986516 -0.163649 -0.130926 0.285999 0.157472 0.945202 0.123797 0.000000 0.000000 0.000000 1.000000
0.962304 -0.039784 -0.269051 -0.059071 -0.004266 0.986915 -0.161188 -0.132467 0.271943 0.156259 0.949542 0.123625 0.000000 0.000000 0.000000 1.000000
0.966199 -0.035245 -0.255377 -0.056153 -0.005923 0.987314 -0.158667 -0.133881 0.257729 0.154817 0.953733 0.123448 0.000000 0.000000 0.000000 1.000000
0.969886 -0.030993 -0.241580 -0.053212 -0.007325 0.987710 -0.156127 -0.135199 0.243449 0.153195 0.957739 0.123270 0.000000 0.000000 0.000000 1.000000
0.973344 -0.027037 -0.227753 -0.050294 -0.008495 0.988096 -0.153604 -0.136450 0.229195 0.151444 0.961527 0.123094 0.000000 0.000000 0.000000 1.000000
0.976555 -0.023382 -0.213996 -0.047443 -0.009453 0.988467 -0.151139 -0.137663 0.215062 0.149618 0.965071 0.122921 0.000000 0.000000 0.000000 1.000000
0.979508 -0.020028 -0.200407 -0.044703 -0.010219 0.988819 -0.148768 -0.138867 0.201145 0.147768 0.968352 0.122756 0.000000 0.000000 0.000000 1.000000
0.982197 -0.016974 -0.187083 -0.042118 -0.010816 0.989147 -0.146532 -0.140092 0.187540 0.145947 0.971354 0.122599 0.000000 0.000000 0.000000 1.000000
0.984621 -0.014214 -0.174126 -0.039734 -0.011265 0.989445 -0.144469 -0.141368 0.174342 0.144209 0.974068 0.122455 0.000000 0.000000 0.000000 1.000000
0.986780 -0.011740 -0.161637 -0.037595 -0.011587 0.989710 -0.142617 -0.142724 0.161648 0.142605 0.976491 0.122326 0.000000 0.000000 0.000000 1.000000
0.988683 -0.009540 -0.149716 -0.035744 -0.011802 0.989937 -0.141015 -0.144189 0.149555 0.141186 0.978621 0.122214 0.000000 0.000000 0.000000 1.000000
0.990338 -0.007601 -0.138464 -0.034228 -0.011933 0.990122 -0.139702 -0.145792 0.138159 0.140005 0.980465 0.122122 0.000000 0.000000 0.000000 1.000000
0.991759 -0.005910 -0.127982 -0.033090 -0.012000 0.990259 -0.138716 -0.147564 0.127555 0.139109 0.982028 0.122053 0.000000 0.000000 0.000000 1.000000
0.992960 -0.004450 -0.118371 -0.032374 -0.012025 0.990346 -0.138096 -0.149533 0.117842 0.138547 0.983320 0.122010 0.000000 0.000000 0.000000 1.000000
0.993956 -0.003205 -0.109729 -0.032126 -0.012028 0.990376 -0.137881 -0.151729 0.109115 0.138368 0.984352 0.121995 0.000000 0.000000 0.000000 1.000000
0.994825 -0.002099 -0.101582 -0.032126 -0.011995 0.990368 -0.137941 -0.154118 0.100893 0.138446 0.985217 0.121995 0.000000 0.000000 0.000000 1.000000
0.995629 -0.001062 -0.093395 -0.032126 -0.011900 0.990344 -0.138117 -0.156639 0.092640 0.138625 0.986002 0.121995 0.000000 0.000000 0.000000 1.000000
0.996365 -0.000089 -0.085182 -0.032126 -0.011744 0.990306 -0.138403 -0.159283 0.084369 0.138901 0.986706 0.121995 0.000000 0.000000 0.000000 1.000000
0.997034 0.000824 -0.076955 -0.032126 -0.011531 0.990254 -0.138794 -0.162040 0.076090 0.139270 0.987327 0.121995 0.000000 0.000000 0.000000 1.000000
0.997634 0.001682 -0.068725 -0.032126 -0.011265 0.990189 -0.139282 -0.164901 0.067817 0.139727 0.987865 0.121995 0.000000 0.000000 0.000000 1.000000
0.998165 0.002490 -0.060508 -0.032126 -0.010948 0.990110 -0.139863 -0.167856 0.059561 0.140269 0.988320 0.121995 0.000000 0.000000 0.000000 1.000000
0.998625 0.003251 -0.052314 -0.032126 -0.010585 0.990020 -0.140530 -0.170894 0.051335 0.140891 0.988693 0.121995 0.000000 0.000000 0.000000 1.000000
0.999017 0.003969 -0.044156 -0.032126 -0.010178 0.989918 -0.141277 -0.174007 0.043150 0.141588 0.988985 0.121995 0.000000 0.000000 0.000000 1.000000
0.999339 0.004649 -0.036048 -0.032126 -0.009730 0.989805 -0.142099 -0.177184 0.035020 0.142355 0.989196 0.121995 0.000000 0.000000 0.000000 1.000000
0.999594 0.005292 -0.028001 -0.032126 -0.009245 0.989681 -0.142988 -0.180417 0.026955 0.143189 0.989328 0.121995 0.000000 0.000000 0.000000 1.000000
0.999782 0.005903 -0.020028 -0.032126 -0.008726 0.989548 -0.143940 -0.183694 0.018969 0.144084 0.989384 0.121995 0.000000 0.000000 0.000000 1.000000
0.999905 0.006484 -0.012141 -0.032126 -0.008176 0.989405 -0.144948 -0.187008 0.011072 0.145034 0.989365 0.121995 0.000000 0.000000 0.000000 1.000000
0.999966 0.007038 -0.004352 -0.032126 -0.007598 0.989254 -0.146007 -0.190347 0.003277 0.146035 0.989274 0.121995 0.000000 0.000000 0.000000 1.000000
0.999966 0.007568 0.003325 -0.032126 -0.006996 0.989095 -0.147110 -0.193702 -0.004402 0.147082 0.989115 0.121995 0.000000 0.000000 0.000000 1.000000
0.999908 0.008075 0.010879 -0.032126 -0.006374 0.988929 -0.148252 -0.197064 -0.011956 0.148169 0.988890 0.121995 0.000000 0.000000 0.000000 1.000000
0.999796 0.008562 0.018297 -0.032126 -0.005733 0.988756 -0.149425 -0.200422 -0.019371 0.149290 0.988604 0.121995 0.000000 0.000000 0.000000 1.000000
0.999632 0.009030 0.025568 -0.032126 -0.005077 0.988578 -0.150626 -0.203768 -0.026636 0.150440 0.988260 0.121995 0.000000 0.000000 0.000000 1.000000
0.999421 0.009480 0.032678 -0.032126 -0.004411 0.988394 -0.151846 -0.207091 -0.033739 0.151614 0.987864 0.121995 0.000000 0.000000 0.000000 1.000000
0.999166 0.009914 0.039617 -0.032126 -0.003736 0.988206 -0.153082 -0.210381 -0.040667 0.152806 0.987419 0.121995 0.000000 0.000000 0.000000 1.000000
0.998871 0.010333 0.046372 -0.032126 -0.003056 0.988015 -0.154326 -0.213630 -0.047411 0.154010 0.986931 0.121995 0.000000 0.000000 0.000000 1.000000
0.998540 0.010737 0.052931 -0.032126 -0.002375 0.987822 -0.155572 -0.216827 -0.053957 0.155220 0.986405 0.121995 0.000000 0.000000 0.000000 1.000000
0.998179 0.011126 0.059283 -0.032126 -0.001695 0.987626 -0.156816 -0.219962 -0.060294 0.156430 0.985847 0.121995 0.000000 0.000000 0.000000 1.000000
0.997792 0.011502 0.065414 -0.032126 -0.001021 0.987431 -0.158050 -0.223026 -0.066410 0.157634 0.985262 0.121995 0.000000 0.000000 0.000000 1.000000
0.997383 0.011863 0.071315 -0.032126 -0.000354 0.987235 -0.159269 -0.226010 -0.072294 0.158827 0.984656 0.121995 0.000000 0.000000 0.000000 1.000000
0.996958 0.012209 0.076973 -0.032126 0.000301 0.987041 -0.160466 -0.228903 -0.077935 0.160002 0.984035 0.121995 0.000000 0.000000 0.000000 1.000000
0.996522 0.012541 0.082377 -0.032126 0.000942 0.986850 -0.161637 -0.231695 -0.083321 0.161153 0.983406 0.121995 0.000000 0.000000 0.000000 1.000000
0.996080 0.012858 0.087514 -0.032126 0.001565 0.986662 -0.162775 -0.234378 -0.088440 0.162274 0.982774 0.121995 0.000000 0.000000 0.000000 1.000000
0.995637 0.013158 0.092375 -0.032126 0.002167 0.986479 -0.163875 -0.236942 -0.093282 0.163360 0.982147 0.121995 0.000000 0.000000 0.000000 1.000000
0.995199 0.013442 0.096946 -0.032126 0.002744 0.986302 -0.164929 -0.239376 -0.097835 0.164404 0.981529 0.121995 0.000000 0.000000 0.000000 1.000000
0.994770 0.013708 0.101217 -0.032126 0.003294 0.986131 -0.165933 -0.241671 -0.102088 0.165399 0.980929 0.121995 0.000000 0.000000 0.000000 1.000000
0.994356 0.013956 0.105177 -0.032126 0.003814 0.985970 -0.166881 -0.243817 -0.106030 0.166340 0.980351 0.121995 0.000000 0.000000 0.000000 1.000000
0.993961 0.014184 0.108813 -0.032126 0.004299 0.985817 -0.167766 -0.245805 -0.109650 0.167221 0.979803 0.121995 0.000000 0.000000 0.000000 1.000000
0.993591 0.014391 0.112115 -0.032126 0.004746 0.985676 -0.168583 -0.247625 -0.112935 0.168035 0.979290 0.121995 0.000000 0.000000 0.000000 1.000000
0.993250 0.014576 0.115072 -0.032126 0.005154 0.985547 -0.169326 -0.249267 -0.115877 0.168776 0.978819 0.121995 0.000000 0.000000 0.000000 1.000000
0.992943 0.014739 0.117671 -0.032126 0.005517 0.985430 -0.169989 -0.250721 -0.118462 0.169439 0.978395 0.121995 0.000000 0.000000 0.000000 1.000000
0.992674 0.014879 0.119902 -0.032126 0.005834 0.985329 -0.170566 -0.251979 -0.120681 0.170016 0.978024 0.121995 0.000000 0.000000 0.000000 1.000000
0.992447 0.014994 0.121753 -0.032126 0.006100 0.985243 -0.171052 -0.253029 -0.122521 0.170502 0.977710 0.121995 0.000000 0.000000 0.000000 1.000000
0.992266 0.015084 0.123213 -0.032126 0.006312 0.985174 -0.171439 -0.253863 -0.123972 0.170891 0.977459 0.121995 0.000000 0.000000 0.000000 1.000000
0.992133 0.015148 0.124270 -0.032126 0.006468 0.985124 -0.171724 -0.254471 -0.125023 0.171176 0.977276 0.121995 0.000000 0.000000 0.000000 1.000000
0.992051 0.015187 0.124913 -0.032126 0.006564 0.985093 -0.171899 -0.254843 -0.125662 0.171352 0.977163 0.121995 0.000000 0.000000 0.000000 1.000000
0.992024 0.015199 0.125130 -0.032126 0.006597 0.985082 -0.171958 -0.254969 -0.125877 0.171412 0.977125 0.121995 0.000000 0.000000 0.000000 1.000000
1.000000 0.000000 0.000000 -0.000000 0.000000 1.000000 0.000000 0.053282 0.000000 0.000000 1.000000 0.058154 0.000000 0.000000 0.000000 1.000000</float_array><technique_common><accessor source="#root-Matrix-animation-output-transform-array" count="152" stride="16"><param type="float4x4"/></accessor></technique_common></source><source id="root-Interpolations"><Name_array id="root-Interpolations-array" count="152">
 LINEAR LINEAR LINEAR LINEAR LINEAR LINEAR LINEAR LINEAR LINEAR LINEAR LINEAR
LINEAR LINEAR LINEAR LINEAR LINEAR LINEAR LINEAR LINEAR LINEAR LINEAR LINEAR LINEAR
LINEAR LINEAR LINEAR LINEAR LINEAR LINEAR LINEAR LINEAR LINEAR LINEAR LINEAR LINEAR
LINEAR LINEAR LINEAR LINEAR LINEAR LINEAR LINEAR LINEAR LINEAR LINEAR LINEAR LINEAR
LINEAR LINEAR LINEAR LINEAR LINEAR LINEAR LINEAR LINEAR LINEAR LINEAR LINEAR LINEAR
LINEAR LINEAR LINEAR LINEAR LINEAR LINEAR LINEAR LINEAR LINEAR LINEAR LINEAR LINEAR
LINEAR LINEAR LINEAR LINEAR LINEAR LINEAR LINEAR LINEAR LINEAR LINEAR LINEAR LINEAR
LINEAR LINEAR LINEAR LINEAR LINEAR LINEAR LINEAR LINEAR LINEAR LINEAR LINEAR LINEAR
LINEAR LINEAR LINEAR LINEAR LINEAR LINEAR LINEAR LINEAR LINEAR LINEAR LINEAR LINEAR
LINEAR LINEAR LINEAR LINEAR LINEAR LINEAR LINEAR LINEAR LINEAR LINEAR LINEAR LINEAR
LINEAR LINEAR LINEAR LINEAR LINEAR LINEAR LINEAR LINEAR LINEAR LINEAR LINEAR LINEAR
LINEAR LINEAR LINEAR LINEAR LINEAR LINEAR LINEAR LINEAR LINEAR LINEAR LINEAR LINEAR
LINEAR LINEAR LINEAR LINEAR LINEAR LINEAR LINEAR LINEAR LINEAR</Name_array><technique_common><accessor source="#root-Interpolations-array" count="152"><param type="name"/></accessor></technique_common></source><sampler id="root-Matrix-animation-transform"><input semantic="INPUT" source="#root-Matrix-animation-input"/><input semantic="OUTPUT" source="#root-Matrix-animation-output-transform"/><input semantic="INTERPOLATION" source="#root-Interpolations"/></sampler><channel source="#root-Matrix-animation-transform" target="root/matrix"/></animation><animation><source id="root-visibility-animation-input"><float_array id="root-visibility-animation-input-array" count="151">

0.033333 0.066667 0.100000 0.133333 0.166667 0.200000 0.233333 0.266667 0.300000 0.333333 0.366667 0.400000 0.433333 0.466667 0.500000 0.533333
0.566667 0.600000 0.633333 0.666667 0.700000 0.733333 0.766667 0.800000 0.833333 0.866667 0.900000 0.933333 0.966667 1.000000 1.033333 1.066667
1.100000 1.133333 1.166667 1.200000 1.233333 1.266667 1.300000 1.333333 1.366667 1.400000 1.433333 1.466667 1.500000 1.533333 1.566667 1.600000
1.633333 1.666667 1.700000 1.733333 1.766667 1.800000 1.833333 1.866667 1.900000 1.933333 1.966667 2.000000 2.033333 2.066667 2.100000 2.133333
2.166667 2.200000 2.233333 2.266667 2.300000 2.333333 2.366667 2.400000 2.433333 2.466667 2.500000 2.533333 2.566667 2.600000 2.633333 2.666667
2.700000 2.733333 2.766667 2.800000 2.833333 2.866667 2.900000 2.933333 2.966667 3.000000 3.033333 3.066667 3.100000 3.133333 3.166667 3.200000
3.233333 3.266667 3.300000 3.333333 3.366667 3.400000 3.433333 3.466667 3.500000 3.533333 3.566667 3.600000 3.633333 3.666667 3.700000 3.733333
3.766667 3.800000 3.833333 3.866667 3.900000 3.933333 3.966667 4.000000 4.033333 4.066667 4.100000 4.133333 4.166667 4.200000 4.233333 4.266667
4.300000 4.333333 4.366667 4.400000 4.433333 4.466667 4.500000 4.533333 4.566667 4.600000 4.633333 4.666667 4.700000 4.733333 4.766667 4.800000
4.833333 4.866667 4.900000 4.933333 4.966667 5.000000 5.033333</float_array><technique_common><accessor source="#root-visibility-animation-input-array" count="151"><param name="TIME" type="float"/></accessor></technique_common></source><source id="root-visibility-animation-output"><float_array id="root-visibility-animation-output-array" count="151">

1.000000 1.000000 1.000000 1.000000 1.000000 1.000000 1.000000 1.000000 1.000000 1.000000 1.000000 1.000000 1.000000 1.000000 1.000000 1.000000
1.000000 1.000000 1.000000 1.000000 1.000000 1.000000 1.000000 1.000000 1.000000 1.000000 1.000000 1.000000 1.000000 1.000000 1.000000 1.000000
1.000000 1.000000 1.000000 1.000000 1.000000 1.000000 1.000000 1.000000 1.000000 1.000000 1.000000 1.000000 1.000000 1.000000 1.000000 1.000000
1.000000 1.000000 1.000000 1.000000 1.000000 1.000000 1.000000 1.000000 1.000000 1.000000 1.000000 1.000000 1.000000 1.000000 1.000000 1.000000
1.000000 1.000000 1.000000 1.000000 1.000000 1.000000 1.000000 1.000000 1.000000 1.000000 1.000000 1.000000 1.000000 1.000000 1.000000 1.000000
1.000000 1.000000 1.000000 1.000000 1.000000 1.000000 1.000000 1.000000 1.000000 1.000000 1.000000 1.000000 1.000000 1.000000 1.000000 1.000000
1.000000 1.000000 1.000000 1.000000 1.000000 1.000000 1.000000 1.000000 1.000000 1.000000 1.000000 1.000000 1.000000 1.000000 1.000000 1.000000
1.000000 1.000000 1.000000 1.000000 1.000000 1.000000 1.000000 1.000000 1.000000 1.000000 1.000000 1.000000 1.000000 1.000000 1.000000 1.000000
1.000000 1.000000 1.000000 1.000000 1.000000 1.000000 1.000000 1.000000 1.000000 1.000000 1.000000 1.000000 1.000000 1.000000 1.000000 1.000000
1.000000 1.000000 1.000000 1.000000 1.000000 1.000000 1.000000</float_array><technique_common><accessor source="#root-visibility-animation-output-array" count="151"><param type="float"/></accessor></technique_common></source><source id="root-visibility-animation-intan"><float_array id="root-visibility-animation-intan-array" count="151">

0.000000 0.000000 0.000000 0.000000 0.000000 0.000000 0.000000 0.000000 0.000000 0.000000 0.000000 0.000000 0.000000 0.000000 0.000000 0.000000
0.000000 0.000000 0.000000 0.000000 0.000000 0.000000 0.000000 0.000000 0.000000 0.000000 0.000000 0.000000 0.000000 0.000000 0.000000 0.000000
0.000000 0.000000 0.000000 0.000000 0.000000 0.000000 0.000000 0.000000 0.000000 0.000000 0.000000 0.000000 0.000000 0.000000 0.000000 0.000000
0.000000 0.000000 0.000000 0.000000 0.000000 0.000000 0.000000 0.000000 0.000000 0.000000 0.000000 0.000000 0.000000 0.000000 0.000000 0.000000
0.000000 0.000000 0.000000 0.000000 0.000000 0.000000 0.000000 0.000000 0.000000 0.000000 0.000000 0.000000 0.000000 0.000000 0.000000 0.000000
0.000000 0.000000 0.000000 0.000000 0.000000 0.000000 0.000000 0.000000 0.000000 0.000000 0.000000 0.000000 0.000000 0.000000 0.000000 0.000000
0.000000 0.000000 0.000000 0.000000 0.000000 0.000000 0.000000 0.000000 0.000000 0.000000 0.000000 0.000000 0.000000 0.000000 0.000000 0.000000
0.000000 0.000000 0.000000 0.000000 0.000000 0.000000 0.000000 0.000000 0.000000 0.000000 0.000000 0.000000 0.000000 0.000000 0.000000 0.000000
0.000000 0.000000 0.000000 0.000000 0.000000 0.000000 0.000000 0.000000 0.000000 0.000000 0.000000 0.000000 0.000000 0.000000 0.000000 0.000000
0.000000 0.000000 0.000000 0.000000 0.000000 0.000000 0.000000</float_array><technique_common><accessor source="#root-visibility-animation-intan-array" count="151"><param type="float"/></accessor></technique_common></source><source id="root-visibility-animation-outtan"><float_array id="root-visibility-animation-outtan-array" count="151">

0.000000 0.000000 0.000000 0.000000 0.000000 0.000000 0.000000 0.000000 0.000000 0.000000 0.000000 0.000000 0.000000 0.000000 0.000000 0.000000
0.000000 0.000000 0.000000 0.000000 0.000000 0.000000 0.000000 0.000000 0.000000 0.000000 0.000000 0.000000 0.000000 0.000000 0.000000 0.000000
0.000000 0.000000 0.000000 0.000000 0.000000 0.000000 0.000000 0.000000 0.000000 0.000000 0.000000 0.000000 0.000000 0.000000 0.000000 0.000000
0.000000 0.000000 0.000000 0.000000 0.000000 0.000000 0.000000 0.000000 0.000000 0.000000 0.000000 0.000000 0.000000 0.000000 0.000000 0.000000
0.000000 0.000000 0.000000 0.000000 0.000000 0.000000 0.000000 0.000000 0.000000 0.000000 0.000000 0.000000 0.000000 0.000000 0.000000 0.000000
0.000000 0.000000 0.000000 0.000000 0.000000 0.000000 0.000000 0.000000 0.000000 0.000000 0.000000 0.000000 0.000000 0.000000 0.000000 0.000000
0.000000 0.000000 0.000000 0.000000 0.000000 0.000000 0.000000 0.000000 0.000000 0.000000 0.000000 0.000000 0.000000 0.000000 0.000000 0.000000
0.000000 0.000000 0.000000 0.000000 0.000000 0.000000 0.000000 0.000000 0.000000 0.000000 0.000000 0.000000 0.000000 0.000000 0.000000 0.000000
0.000000 0.000000 0.000000 0.000000 0.000000 0.000000 0.000000 0.000000 0.000000 0.000000 0.000000 0.000000 0.000000 0.000000 0.000000 0.000000
0.000000 0.000000 0.000000 0.000000 0.000000 0.000000 0.000000</float_array><technique_common><accessor source="#root-visibility-animation-outtan-array" count="151"><param type="float"/></accessor></technique_common></source><source id="root-visibility-animation-interpolation"><Name_array id="root-visibility-animation-interpolation-array" count="151">
 BEZIER BEZIER BEZIER BEZIER BEZIER BEZIER BEZIER BEZIER BEZIER BEZIER BEZIER
BEZIER BEZIER BEZIER BEZIER BEZIER BEZIER BEZIER BEZIER BEZIER BEZIER BEZIER BEZIER
BEZIER BEZIER BEZIER BEZIER BEZIER BEZIER BEZIER BEZIER BEZIER BEZIER BEZIER BEZIER
BEZIER BEZIER BEZIER BEZIER BEZIER BEZIER BEZIER BEZIER BEZIER BEZIER BEZIER BEZIER
BEZIER BEZIER BEZIER BEZIER BEZIER BEZIER BEZIER BEZIER BEZIER BEZIER BEZIER BEZIER
BEZIER BEZIER BEZIER BEZIER BEZIER BEZIER BEZIER BEZIER BEZIER BEZIER BEZIER BEZIER
BEZIER BEZIER BEZIER BEZIER BEZIER BEZIER BEZIER BEZIER BEZIER BEZIER BEZIER BEZIER
BEZIER BEZIER BEZIER BEZIER BEZIER BEZIER BEZIER BEZIER BEZIER BEZIER BEZIER BEZIER
BEZIER BEZIER BEZIER BEZIER BEZIER BEZIER BEZIER BEZIER BEZIER BEZIER BEZIER BEZIER
BEZIER BEZIER BEZIER BEZIER BEZIER BEZIER BEZIER BEZIER BEZIER BEZIER BEZIER BEZIER
BEZIER BEZIER BEZIER BEZIER BEZIER BEZIER BEZIER BEZIER BEZIER BEZIER BEZIER BEZIER
BEZIER BEZIER BEZIER BEZIER BEZIER BEZIER BEZIER BEZIER BEZIER BEZIER BEZIER BEZIER
BEZIER BEZIER BEZIER BEZIER BEZIER BEZIER BEZIER BEZIER</Name_array><technique_common><accessor source="#root-visibility-animation-interpolation-array" count="151"><param type="name"/></accessor></technique_common></source><sampler id="root-visibility-animation"><input semantic="INPUT" source="#root-visibility-animation-input"/><input semantic="OUTPUT" source="#root-visibility-animation-output"/><input semantic="IN_TANGENT" source="#root-visibility-animation-intan"/><input semantic="OUT_TANGENT" source="#root-visibility-animation-outtan"/><input semantic="INTERPOLATION" source="#root-visibility-animation-interpolation"/></sampler><channel source="#root-visibility-animation" target="root/visibility"/></animation></animation>
    <animation id="hips-anim" name="hips"><animation><source id="hips-Matrix-animation-input"><float_array id="hips-Matrix-animation-input-array" count="152">

0.033333 0.066667 0.100000 0.133333 0.166667 0.200000 0.233333 0.266667 0.300000 0.333333 0.366667 0.400000 0.433333 0.466667 0.500000 0.533333
0.566667 0.600000 0.633333 0.666667 0.700000 0.733333 0.766667 0.800000 0.833333 0.866667 0.900000 0.933333 0.966667 1.000000 1.033333 1.066667
1.100000 1.133333 1.166667 1.200000 1.233333 1.266667 1.300000 1.333333 1.366667 1.400000 1.433333 1.466667 1.500000 1.533333 1.566667 1.600000
1.633333 1.666667 1.700000 1.733333 1.766667 1.800000 1.833333 1.866667 1.900000 1.933333 1.966667 2.000000 2.033333 2.066667 2.100000 2.133333
2.166667 2.200000 2.233333 2.266667 2.300000 2.333333 2.366667 2.400000 2.433333 2.466667 2.500000 2.533333 2.566667 2.600000 2.633333 2.666667
2.700000 2.733333 2.766667 2.800000 2.833333 2.866667 2.900000 2.933333 2.966667 3.000000 3.033333 3.066667 3.100000 3.133333 3.166667 3.200000
3.233333 3.266667 3.300000 3.333333 3.366667 3.400000 3.433333 3.466667 3.500000 3.533333 3.566667 3.600000 3.633333 3.666667 3.700000 3.733333
3.766667 3.800000 3.833333 3.866667 3.900000 3.933333 3.966667 4.000000 4.033333 4.066667 4.100000 4.133333 4.166667 4.200000 4.233333 4.266667
4.300000 4.333333 4.366667 4.400000 4.433333 4.466667 4.500000 4.533333 4.566667 4.600000 4.633333 4.666667 4.700000 4.733333 4.766667 4.800000
4.833333 4.866667 4.900000 4.933333 4.966667 5.000000 5.033333 5.066667</float_array><technique_common><accessor source="#hips-Matrix-animation-input-array" count="152"><param name="TIME" type="float"/></accessor></technique_common></source><source id="hips-Matrix-animation-output-transform"><float_array id="hips-Matrix-animation-output-transform-array" count="2432">

1.000000 0.000000 0.000000 -0.000000 0.000000 0.904934 0.425551 -0.038776 0.000000 -0.425551 0.904934 0.002253 0.000000 0.000000 0.000000 1.000000
1.000000 -0.000000 0.000000 -0.000000 -0.000000 0.904934 0.425551 -0.038776 -0.000000 -0.425551 0.904934 0.002253 0.000000 0.000000 0.000000 1.000000
1.000000 0.000000 -0.000000 -0.000000 -0.000000 0.904934 0.425551 -0.038776 0.000000 -0.425551 0.904934 0.002253 0.000000 0.000000 0.000000 1.000000
1.000000 0.000000 0.000000 -0.000000 0.000000 0.904934 0.425551 -0.038776 0.000000 -0.425551 0.904934 0.002253 0.000000 0.000000 0.000000 1.000000
1.000000 0.000000 0.000000 0.000000 0.000000 0.904934 0.425551 -0.038776 0.000000 -0.425551 0.904934 0.002253 0.000000 0.000000 0.000000 1.000000
1.000000 0.000000 0.000000 0.000000 -0.000000 0.904934 0.425551 -0.038776 0.000000 -0.425551 0.904934 0.002253 0.000000 0.000000 0.000000 1.000000
1.000000 0.000000 -0.000000 -0.000000 0.000000 0.904934 0.425551 -0.038776 -0.000000 -0.425551 0.904934 0.002253 0.000000 0.000000 0.000000 1.000000
1.000000 0.000000 0.000000 -0.000000 0.000000 0.904934 0.425551 -0.038776 -0.000000 -0.425551 0.904934 0.002253 0.000000 0.000000 0.000000 1.000000
1.000000 -0.000000 0.000000 0.000000 0.000000 0.904934 0.425551 -0.038776 0.000000 -0.425551 0.904934 0.002253 0.000000 0.000000 0.000000 1.000000
1.000000 -0.000000 0.000000 0.000000 0.000000 0.904934 0.425551 -0.038776 0.000000 -0.425551 0.904934 0.002253 0.000000 0.000000 0.000000 1.000000
1.000000 -0.000000 -0.000000 -0.000000 0.000000 0.904934 0.425551 -0.038776 0.000000 -0.425551 0.904934 0.002253 0.000000 0.000000 0.000000 1.000000
1.000000 0.000000 -0.000000 0.000000 -0.000000 0.904934 0.425551 -0.038776 0.000000 -0.425551 0.904934 0.002253 0.000000 0.000000 0.000000 1.000000
1.000000 -0.000000 0.000000 0.000000 0.000000 0.904934 0.425551 -0.038776 0.000000 -0.425551 0.904934 0.002253 0.000000 0.000000 0.000000 1.000000
1.000000 0.000000 0.000000 0.000000 0.000000 0.904934 0.425551 -0.038776 -0.000000 -0.425551 0.904934 0.002253 0.000000 0.000000 0.000000 1.000000
1.000000 -0.000000 0.000000 0.000000 0.000000 0.904934 0.425551 -0.038776 0.000000 -0.425551 0.904934 0.002253 0.000000 0.000000 0.000000 1.000000
1.000000 -0.000000 0.000000 0.000000 0.000000 0.904934 0.425551 -0.038776 -0.000000 -0.425551 0.904934 0.002253 0.000000 0.000000 0.000000 1.000000
1.000000 -0.000000 -0.000000 0.000000 -0.000000 0.904934 0.425551 -0.038776 0.000000 -0.425551 0.904934 0.002253 0.000000 0.000000 0.000000 1.000000
1.000000 0.000000 -0.000000 0.000000 -0.000000 0.904934 0.425551 -0.038776 0.000000 -0.425551 0.904934 0.002253 0.000000 0.000000 0.000000 1.000000
1.000000 0.000000 0.000000 0.000000 -0.000000 0.904934 0.425551 -0.038776 0.000000 -0.425551 0.904934 0.002253 0.000000 0.000000 0.000000 1.000000
1.000000 0.000000 0.000000 0.000000 0.000000 0.904934 0.425551 -0.038776 -0.000000 -0.425551 0.904934 0.002253 0.000000 0.000000 0.000000 1.000000
