<?xml version="1.0" encoding="utf-8"?>
<COLLADA xmlns="http://www.collada.org/2005/11/COLLADASchema" version="1.4.1">
  <asset><contributor><author></author><authoring_tool>FBX COLLADA exporter</authoring_tool><comments></comments></contributor><created>2014-06-06T14:33:17Z</created><keywords></keywords><modified>2014-06-06T14:33:17Z</modified><revision></revision><subject></subject><title></title><unit meter="0.010000" name="centimeter"></unit><up_axis>Y_UP</up_axis></asset>
  <library_animations>
    <animation id="Root-anim" name="Root"><animation><source id="Root-Matrix-animation-input"><float_array id="Root-Matrix-animation-input-array" count="71">

0.033333 0.066667 0.100000 0.133333 0.166667 0.200000 0.233333 0.266667 0.300000 0.333333 0.366667 0.400000 0.433333 0.466667 0.500000 0.533333
0.566667 0.600000 0.633333 0.666667 0.700000 0.733333 0.766667 0.800000 0.833333 0.866667 0.900000 0.933333 0.966667 1.000000 1.033333 1.066667
1.100000 1.133333 1.166667 1.200000 1.233333 1.266667 1.300000 1.333333 1.366667 1.400000 1.433333 1.466667 1.500000 1.533333 1.566667 1.600000
1.633333 1.666667 1.700000 1.733333 1.766667 1.800000 1.833333 1.866667 1.900000 1.933333 1.966667 2.000000 2.033333 2.066667 2.100000 2.133333
2.166667 2.200000 2.233333 2.266667 2.300000 2.333333 2.366667</float_array><technique_common><accessor source="#Root-Matrix-animation-input-array" count="71"><param name="TIME" type="float"/></accessor></technique_common></source><source id="Root-Matrix-animation-output-transform"><float_array id="Root-Matrix-animation-output-transform-array" count="1136">

1.000000 -0.000000 -0.000000 0.000000 0.000000 1.000000 -0.000000 0.565033 0.000000 -0.000000 1.000000 -0.092542 0.000000 0.000000 0.000000 1.000000
1.000000 -0.000142 -0.000283 0.000000 0.000141 1.000000 -0.000333 0.565033 0.000283 0.000333 1.000000 -0.092542 0.000000 0.000000 0.000000 1.000000
1.000000 -0.000294 -0.000588 0.000000 0.000294 1.000000 -0.000692 0.565033 0.000589 0.000691 1.000000 -0.092542 0.000000 0.000000 0.000000 1.000000
0.999999 -0.000457 -0.000912 0.000000 0.000456 0.999999 -0.001072 0.565033 0.000913 0.001072 0.999999 -0.092542 0.000000 0.000000 0.000000 1.000000
0.999999 -0.000626 -0.001250 0.000000 0.000625 0.999999 -0.001470 0.565033 0.001251 0.001469 0.999998 -0.092542 0.000000 0.000000 0.000000 1.000000
0.999998 -0.000802 -0.001599 0.000000 0.000799 0.999998 -0.001881 0.565033 0.001601 0.001879 0.999997 -0.092542 0.000000 0.000000 0.000000 1.000000
0.999998 -0.000982 -0.001955 0.000000 0.000977 0.999997 -0.002300 0.565033 0.001958 0.002298 0.999995 -0.092542 0.000000 0.000000 0.000000 1.000000
0.999997 -0.001164 -0.002315 0.000000 0.001157 0.999996 -0.002724 0.565033 0.002318 0.002721 0.999994 -0.092542 0.000000 0.000000 0.000000 1.000000
0.999996 -0.001346 -0.002675 0.000000 0.001338 0.999994 -0.003147 0.565033 0.002679 0.003144 0.999991 -0.092542 0.000000 0.000000 0.000000 1.000000
0.999994 -0.001527 -0.003031 0.000000 0.001516 0.999992 -0.003567 0.565033 0.003036 0.003562 0.999989 -0.092542 0.000000 0.000000 0.000000 1.000000
0.999993 -0.001704 -0.003379 0.000000 0.001690 0.999991 -0.003978 0.565033 0.003386 0.003972 0.999986 -0.092542 0.000000 0.000000 0.000000 1.000000
0.999991 -0.001876 -0.003716 0.000000 0.001859 0.999989 -0.004375 0.565033 0.003724 0.004368 0.999984 -0.092542 0.000000 0.000000 0.000000 1.000000
0.999990 -0.002040 -0.004039 0.000000 0.002021 0.999987 -0.004756 0.565033 0.004048 0.004748 0.999981 -0.092542 0.000000 0.000000 0.000000 1.000000
0.999988 -0.002196 -0.004342 0.000000 0.002174 0.999985 -0.005115 0.565033 0.004354 0.005105 0.999977 -0.092542 0.000000 0.000000 0.000000 1.000000
0.999987 -0.002340 -0.004624 0.000000 0.002315 0.999982 -0.005447 0.565033 0.004637 0.005437 0.999974 -0.092542 0.000000 0.000000 0.000000 1.000000
0.999985 -0.002472 -0.004880 0.000000 0.002443 0.999980 -0.005750 0.565033 0.004894 0.005738 0.999972 -0.092542 0.000000 0.000000 0.000000 1.000000
0.999984 -0.002588 -0.005107 0.000000 0.002557 0.999979 -0.006018 0.565033 0.005122 0.006004 0.999969 -0.092542 0.000000 0.000000 0.000000 1.000000
0.999982 -0.002688 -0.005300 0.000000 0.002655 0.999977 -0.006246 0.565033 0.005317 0.006232 0.999966 -0.092542 0.000000 0.000000 0.000000 1.000000
0.999981 -0.002769 -0.005457 0.000000 0.002733 0.999976 -0.006432 0.565033 0.005475 0.006417 0.999964 -0.092542 0.000000 0.000000 0.000000 1.000000
0.999980 -0.002829 -0.005574 0.000000 0.002792 0.999975 -0.006570 0.565033 0.005592 0.006554 0.999963 -0.092542 0.000000 0.000000 0.000000 1.000000
0.999980 -0.002866 -0.005647 0.000000 0.002829 0.999974 -0.006656 0.565033 0.005665 0.006640 0.999962 -0.092542 0.000000 0.000000 0.000000 1.000000
0.999980 -0.002879 -0.005672 0.000000 0.002841 0.999974 -0.006685 0.565033 0.005691 0.006669 0.999962 -0.092542 0.000000 0.000000 0.000000 1.000000
0.999980 -0.002856 -0.005633 0.000000 0.002819 0.999974 -0.006622 0.565033 0.005652 0.006606 0.999962 -0.092542 0.000000 0.000000 0.000000 1.000000
0.999981 -0.002791 -0.005523 0.000000 0.002756 0.999975 -0.006440 0.565033 0.005541 0.006424 0.999964 -0.092542 0.000000 0.000000 0.000000 1.000000
0.999982 -0.002687 -0.005345 0.000000 0.002654 0.999978 -0.006147 0.565033 0.005362 0.006133 0.999967 -0.092542 0.000000 0.000000 0.000000 1.000000
0.999984 -0.002546 -0.005107 0.000000 0.002517 0.999980 -0.005754 0.565033 0.005122 0.005741 0.999970 -0.092542 0.000000 0.000000 0.000000 1.000000
0.999986 -0.002374 -0.004813 0.000000 0.002348 0.999983 -0.005270 0.565033 0.004826 0.005259 0.999975 -0.092542 0.000000 0.000000 0.000000 1.000000
0.999988 -0.002173 -0.004470 0.000000 0.002152 0.999987 -0.004705 0.565033 0.004480 0.004696 0.999979 -0.092542 0.000000 0.000000 0.000000 1.000000
0.999990 -0.001946 -0.004083 0.000000 0.001930 0.999990 -0.004068 0.565033 0.004091 0.004061 0.999983 -0.092542 0.000000 0.000000 0.000000 1.000000
0.999992 -0.001699 -0.003658 0.000000 0.001686 0.999993 -0.003369 0.565033 0.003664 0.003363 0.999988 -0.092542 0.000000 0.000000 0.000000 1.000000
0.999994 -0.001433 -0.003201 0.000000 0.001425 0.999996 -0.002618 0.565033 0.003205 0.002613 0.999991 -0.092542 0.000000 0.000000 0.000000 1.000000
0.999996 -0.001153 -0.002717 0.000000 0.001148 0.999998 -0.001823 0.565033 0.002719 0.001820 0.999995 -0.092542 0.000000 0.000000 0.000000 1.000000
0.999997 -0.000862 -0.002212 0.000000 0.000860 0.999999 -0.000995 0.565033 0.002213 0.000993 0.999997 -0.092542 0.000000 0.000000 0.000000 1.000000
0.999998 -0.000563 -0.001692 0.000000 0.000563 1.000000 -0.000143 0.565033 0.001692 0.000142 0.999999 -0.092542 0.000000 0.000000 0.000000 1.000000
0.999999 -0.000260 -0.001162 0.000000 0.000261 1.000000 0.000724 0.565033 0.001162 -0.000724 0.999999 -0.092542 0.000000 0.000000 0.000000 1.000000
1.000000 0.000043 -0.000630 0.000000 -0.000042 0.999999 0.001595 0.565033 0.000630 -0.001595 0.999999 -0.092542 0.000000 0.000000 0.000000 1.000000
1.000000 0.000344 -0.000099 0.000000 -0.000344 0.999997 0.002461 0.565033 0.000100 -0.002461 0.999997 -0.092542 0.000000 0.000000 0.000000 1.000000
1.000000 0.000639 0.000423 0.000000 -0.000641 0.999994 0.003314 0.565033 -0.000421 -0.003314 0.999994 -0.092542 0.000000 0.000000 0.000000 1.000000
0.999999 0.000925 0.000931 0.000000 -0.000929 0.999991 0.004142 0.565033 -0.000927 -0.004143 0.999991 -0.092542 0.000000 0.000000 0.000000 1.000000
0.999998 0.001199 0.001419 0.000000 -0.001206 0.999987 0.004937 0.565033 -0.001413 -0.004938 0.999987 -0.092542 0.000000 0.000000 0.000000 1.000000
0.999997 0.001457 0.001880 0.000000 -0.001468 0.999983 0.005688 0.565033 -0.001872 -0.005691 0.999982 -0.092542 0.000000 0.000000 0.000000 1.000000
0.999996 0.001696 0.002310 0.000000 -0.001711 0.999978 0.006387 0.565033 -0.002299 -0.006391 0.999977 -0.092542 0.000000 0.000000 0.000000 1.000000
0.999995 0.001914 0.002702 0.000000 -0.001933 0.999973 0.007024 0.565033 -0.002689 -0.007029 0.999972 -0.092542 0.000000 0.000000 0.000000 1.000000
0.999993 0.002107 0.003050 0.000000 -0.002130 0.999969 0.007589 0.565033 -0.003034 -0.007596 0.999967 -0.092542 0.000000 0.000000 0.000000 1.000000
0.999992 0.002271 0.003348 0.000000 -0.002298 0.999965 0.008073 0.565033 -0.003330 -0.008081 0.999962 -0.092542 0.000000 0.000000 0.000000 1.000000
0.999991 0.002405 0.003590 0.000000 -0.002435 0.999961 0.008466 0.565033 -0.003570 -0.008475 0.999958 -0.092542 0.000000 0.000000 0.000000 1.000000
0.999990 0.002504 0.003771 0.000000 -0.002537 0.999958 0.008759 0.565033 -0.003749 -0.008768 0.999955 -0.092542 0.000000 0.000000 0.000000 1.000000
0.999989 0.002566 0.003883 0.000000 -0.002600 0.999957 0.008941 0.565033 -0.003860 -0.008951 0.999952 -0.092542 0.000000 0.000000 0.000000 1.000000
0.999989 0.002587 0.003922 0.000000 -0.002622 0.999956 0.009004 0.565033 -0.003899 -0.009014 0.999952 -0.092542 0.000000 0.000000 0.000000 1.000000
0.999989 0.002577 0.003906 0.000000 -0.002612 0.999956 0.008968 0.565033 -0.003883 -0.008978 0.999952 -0.092542 0.000000 0.000000 0.000000 1.000000
0.999989 0.002547 0.003860 0.000000 -0.002581 0.999957 0.008862 0.565033 -0.003837 -0.008872 0.999953 -0.092542 0.000000 0.000000 0.000000 1.000000
0.999990 0.002499 0.003785 0.000000 -0.002531 0.999959 0.008692 0.565033 -0.003764 -0.008702 0.999955 -0.092542 0.000000 0.000000 0.000000 1.000000
0.999990 0.002434 0.003685 0.000000 -0.002465 0.999961 0.008463 0.565033 -0.003664 -0.008472 0.999957 -0.092542 0.000000 0.000000 0.000000 1.000000
0.999991 0.002353 0.003561 0.000000 -0.002382 0.999964 0.008180 0.565033 -0.003542 -0.008188 0.999960 -0.092542 0.000000 0.000000 0.000000 1.000000
0.999992 0.002259 0.003416 0.000000 -0.002285 0.999967 0.007847 0.565033 -0.003398 -0.007855 0.999963 -0.092542 0.000000 0.000000 0.000000 1.000000
0.999992 0.002152 0.003251 0.000000 -0.002176 0.999970 0.007471 0.565033 -0.003235 -0.007478 0.999967 -0.092542 0.000000 0.000000 0.000000 1.000000
0.999993 0.002033 0.003070 0.000000 -0.002055 0.999973 0.007056 0.565033 -0.003055 -0.007062 0.999970 -0.092542 0.000000 0.000000 0.000000 1.000000
0.999994 0.001905 0.002873 0.000000 -0.001924 0.999976 0.006607 0.565033 -0.002861 -0.006612 0.999974 -0.092542 0.000000 0.000000 0.000000 1.000000
0.999995 0.001769 0.002665 0.000000 -0.001785 0.999980 0.006129 0.565033 -0.002654 -0.006134 0.999978 -0.092542 0.000000 0.000000 0.000000 1.000000
0.999996 0.001625 0.002446 0.000000 -0.001639 0.999983 0.005628 0.565033 -0.002437 -0.005632 0.999981 -0.092542 0.000000 0.000000 0.000000 1.000000
0.999996 0.001476 0.002219 0.000000 -0.001487 0.999986 0.005108 0.565033 -0.002212 -0.005111 0.999984 -0.092542 0.000000 0.000000 0.000000 1.000000
0.999997 0.001323 0.001987 0.000000 -0.001332 0.999989 0.004574 0.565033 -0.001980 -0.004577 0.999988 -0.092542 0.000000 0.000000 0.000000 1.000000
0.999998 0.001167 0.001751 0.000000 -0.001174 0.999991 0.004032 0.565033 -0.001746 -0.004034 0.999990 -0.092542 0.000000 0.000000 0.000000 1.000000
0.999998 0.001010 0.001513 0.000000 -0.001015 0.999993 0.003487 0.565033 -0.001510 -0.003488 0.999993 -0.092542 0.000000 0.000000 0.000000 1.000000
0.999999 0.000853 0.001277 0.000000 -0.000857 0.999995 0.002943 0.565033 -0.001274 -0.002944 0.999995 -0.092542 0.000000 0.000000 0.000000 1.000000
0.999999 0.000698 0.001043 0.000000 -0.000701 0.999997 0.002406 0.565033 -0.001042 -0.002407 0.999997 -0.092542 0.000000 0.000000 0.000000 1.000000
1.000000 0.000546 0.000815 0.000000 -0.000548 0.999998 0.001881 0.565033 -0.000814 -0.001881 0.999998 -0.092542 0.000000 0.000000 0.000000 1.000000
1.000000 0.000399 0.000595 0.000000 -0.000400 0.999999 0.001372 0.565033 -0.000594 -0.001373 0.999999 -0.092542 0.000000 0.000000 0.000000 1.000000
1.000000 0.000258 0.000384 0.000000 -0.000258 1.000000 0.000886 0.565033 -0.000384 -0.000886 1.000000 -0.092542 0.000000 0.000000 0.000000 1.000000
1.000000 0.000124 0.000185 0.000000 -0.000124 1.000000 0.000427 0.565033 -0.000185 -0.000427 1.000000 -0.092542 0.000000 0.000000 0.000000 1.000000
1.000000 -0.000000 -0.000000 0.000000 0.000000 1.000000 -0.000000 0.565033 0.000000 -0.000000 1.000000 -0.092542 0.000000 0.000000 0.000000 1.000000</float_array><technique_common><accessor source="#Root-Matrix-animation-output-transform-array" count="71" stride="16"><param type="float4x4"/></accessor></technique_common></source><source id="Root-Interpolations"><Name_array id="Root-Interpolations-array" count="71">
 LINEAR LINEAR LINEAR LINEAR LINEAR LINEAR LINEAR LINEAR LINEAR LINEAR LINEAR
LINEAR LINEAR LINEAR LINEAR LINEAR LINEAR LINEAR LINEAR LINEAR LINEAR LINEAR LINEAR
LINEAR LINEAR LINEAR LINEAR LINEAR LINEAR LINEAR LINEAR LINEAR LINEAR LINEAR LINEAR
LINEAR LINEAR LINEAR LINEAR LINEAR LINEAR LINEAR LINEAR LINEAR LINEAR LINEAR LINEAR
LINEAR LINEAR LINEAR LINEAR LINEAR LINEAR LINEAR LINEAR LINEAR LINEAR LINEAR LINEAR
LINEAR LINEAR LINEAR LINEAR LINEAR LINEAR LINEAR LINEAR LINEAR LINEAR LINEAR LINEAR</Name_array><technique_common><accessor source="#Root-Interpolations-array" count="71"><param type="name"/></accessor></technique_common></source><sampler id="Root-Matrix-animation-transform"><input semantic="INPUT" source="#Root-Matrix-animation-input"/><input semantic="OUTPUT" source="#Root-Matrix-animation-output-transform"/><input semantic="INTERPOLATION" source="#Root-Interpolations"/></sampler><channel source="#Root-Matrix-animation-transform" target="Root/matrix"/></animation><animation><source id="Root-visibility-animation-input"><float_array id="Root-visibility-animation-input-array" count="71">

0.033333 0.066667 0.100000 0.133333 0.166667 0.200000 0.233333 0.266667 0.300000 0.333333 0.366667 0.400000 0.433333 0.466667 0.500000 0.533333
0.566667 0.600000 0.633333 0.666667 0.700000 0.733333 0.766667 0.800000 0.833333 0.866667 0.900000 0.933333 0.966667 1.000000 1.033333 1.066667
1.100000 1.133333 1.166667 1.200000 1.233333 1.266667 1.300000 1.333333 1.366667 1.400000 1.433333 1.466667 1.500000 1.533333 1.566667 1.600000
1.633333 1.666667 1.700000 1.733333 1.766667 1.800000 1.833333 1.866667 1.900000 1.933333 1.966667 2.000000 2.033333 2.066667 2.100000 2.133333
2.166667 2.200000 2.233333 2.266667 2.300000 2.333333 2.366667</float_array><technique_common><accessor source="#Root-visibility-animation-input-array" count="71"><param name="TIME" type="float"/></accessor></technique_common></source><source id="Root-visibility-animation-output"><float_array id="Root-visibility-animation-output-array" count="71">

1.000000 1.000000 1.000000 1.000000 1.000000 1.000000 1.000000 1.000000 1.000000 1.000000 1.000000 1.000000 1.000000 1.000000 1.000000 1.000000
1.000000 1.000000 1.000000 1.000000 1.000000 1.000000 1.000000 1.000000 1.000000 1.000000 1.000000 1.000000 1.000000 1.000000 1.000000 1.000000
1.000000 1.000000 1.000000 1.000000 1.000000 1.000000 1.000000 1.000000 1.000000 1.000000 1.000000 1.000000 1.000000 1.000000 1.000000 1.000000
1.000000 1.000000 1.000000 1.000000 1.000000 1.000000 1.000000 1.000000 1.000000 1.000000 1.000000 1.000000 1.000000 1.000000 1.000000 1.000000
1.000000 1.000000 1.000000 1.000000 1.000000 1.000000 1.000000</float_array><technique_common><accessor source="#Root-visibility-animation-output-array" count="71"><param type="float"/></accessor></technique_common></source><source id="Root-visibility-animation-intan"><float_array id="Root-visibility-animation-intan-array" count="71">

0.000000 0.000000 0.000000 0.000000 0.000000 0.000000 0.000000 0.000000 0.000000 0.000000 0.000000 0.000000 0.000000 0.000000 0.000000 0.000000
0.000000 0.000000 0.000000 0.000000 0.000000 0.000000 0.000000 0.000000 0.000000 0.000000 0.000000 0.000000 0.000000 0.000000 0.000000 0.000000
0.000000 0.000000 0.000000 0.000000 0.000000 0.000000 0.000000 0.000000 0.000000 0.000000 0.000000 0.000000 0.000000 0.000000 0.000000 0.000000
0.000000 0.000000 0.000000 0.000000 0.000000 0.000000 0.000000 0.000000 0.000000 0.000000 0.000000 0.000000 0.000000 0.000000 0.000000 0.000000
0.000000 0.000000 0.000000 0.000000 0.000000 0.000000 0.000000</float_array><technique_common><accessor source="#Root-visibility-animation-intan-array" count="71"><param type="float"/></accessor></technique_common></source><source id="Root-visibility-animation-outtan"><float_array id="Root-visibility-animation-outtan-array" count="71">

0.000000 0.000000 0.000000 0.000000 0.000000 0.000000 0.000000 0.000000 0.000000 0.000000 0.000000 0.000000 0.000000 0.000000 0.000000 0.000000
0.000000 0.000000 0.000000 0.000000 0.000000 0.000000 0.000000 0.000000 0.000000 0.000000 0.000000 0.000000 0.000000 0.000000 0.000000 0.000000
0.000000 0.000000 0.000000 0.000000 0.000000 0.000000 0.000000 0.000000 0.000000 0.000000 0.000000 0.000000 0.000000 0.000000 0.000000 0.000000
0.000000 0.000000 0.000000 0.000000 0.000000 0.000000 0.000000 0.000000 0.000000 0.000000 0.000000 0.000000 0.000000 0.000000 0.000000 0.000000
0.000000 0.000000 0.000000 0.000000 0.000000 0.000000 0.000000</float_array><technique_common><accessor source="#Root-visibility-animation-outtan-array" count="71"><param type="float"/></accessor></technique_common></source><source id="Root-visibility-animation-interpolation"><Name_array id="Root-visibility-animation-interpolation-array" count="71">
 BEZIER BEZIER BEZIER BEZIER BEZIER BEZIER BEZIER BEZIER BEZIER BEZIER BEZIER
BEZIER BEZIER BEZIER BEZIER BEZIER BEZIER BEZIER BEZIER BEZIER BEZIER BEZIER BEZIER
BEZIER BEZIER BEZIER BEZIER BEZIER BEZIER BEZIER BEZIER BEZIER BEZIER BEZIER BEZIER
BEZIER BEZIER BEZIER BEZIER BEZIER BEZIER BEZIER BEZIER BEZIER BEZIER BEZIER BEZIER
BEZIER BEZIER BEZIER BEZIER BEZIER BEZIER BEZIER BEZIER BEZIER BEZIER BEZIER BEZIER
BEZIER BEZIER BEZIER BEZIER BEZIER BEZIER BEZIER BEZIER BEZIER BEZIER BEZIER BEZIER</Name_array><technique_common><accessor source="#Root-visibility-animation-interpolation-array" count="71"><param type="name"/></accessor></technique_common></source><sampler id="Root-visibility-animation"><input semantic="INPUT" source="#Root-visibility-animation-input"/><input semantic="OUTPUT" source="#Root-visibility-animation-output"/><input semantic="IN_TANGENT" source="#Root-visibility-animation-intan"/><input semantic="OUT_TANGENT" source="#Root-visibility-animation-outtan"/><input semantic="INTERPOLATION" source="#Root-visibility-animation-interpolation"/></sampler><channel source="#Root-visibility-animation" target="Root/visibility"/></animation></animation>
    <animation id="LeftEye-anim" name="LeftEye"><animation><source id="LeftEye-Matrix-animation-input"><float_array id="LeftEye-Matrix-animation-input-array" count="71">

0.033333 0.066667 0.100000 0.133333 0.166667 0.200000 0.233333 0.266667 0.300000 0.333333 0.366667 0.400000 0.433333 0.466667 0.500000 0.533333
0.566667 0.600000 0.633333 0.666667 0.700000 0.733333 0.766667 0.800000 0.833333 0.866667 0.900000 0.933333 0.966667 1.000000 1.033333 1.066667
1.100000 1.133333 1.166667 1.200000 1.233333 1.266667 1.300000 1.333333 1.366667 1.400000 1.433333 1.466667 1.500000 1.533333 1.566667 1.600000
1.633333 1.666667 1.700000 1.733333 1.766667 1.800000 1.833333 1.866667 1.900000 1.933333 1.966667 2.000000 2.033333 2.066667 2.100000 2.133333
2.166667 2.200000 2.233333 2.266667 2.300000 2.333333 2.366667</float_array><technique_common><accessor source="#LeftEye-Matrix-animation-input-array" count="71"><param name="TIME" type="float"/></accessor></technique_common></source><source id="LeftEye-Matrix-animation-output-transform"><float_array id="LeftEye-Matrix-animation-output-transform-array" count="1136">

1.000000 -0.000000 0.000000 0.118111 -0.000000 1.000000 -0.000000 0.257117 0.000000 0.000000 1.000000 0.233434 0.000000 0.000000 0.000000 1.000000
1.000000 0.000135 -0.000605 0.118111 -0.000134 0.999999 0.001351 0.257117 0.000605 -0.001351 0.999999 0.233434 0.000000 0.000000 0.000000 1.000000
0.999997 0.000507 -0.002286 0.118111 -0.000495 0.999987 0.005086 0.257117 0.002289 -0.005085 0.999984 0.233434 0.000000 0.000000 0.000000 1.000000
0.999988 0.001075 -0.004845 0.118111 -0.001023 0.999942 0.010727 0.257117 0.004857 -0.010721 0.999931 0.233434 0.000000 0.000000 0.000000 1.000000
0.999966 0.001800 -0.008081 0.118111 -0.001656 0.999840 0.017794 0.257117 0.008112 -0.017780 0.999809 0.233434 0.000000 0.000000 0.000000 1.000000
0.999927 0.002640 -0.011794 0.118111 -0.002334 0.999664 0.025810 0.257117 0.011859 -0.025781 0.999597 0.233434 0.000000 0.000000 0.000000 1.000000
0.999869 0.003538 -0.015791 0.118111 -0.002994 0.999407 0.034297 0.257117 0.015903 -0.034245 0.999287 0.233434 0.000000 0.000000 0.000000 1.000000
0.999793 0.004425 -0.019881 0.118111 -0.003571 0.999078 0.042777 0.257117 0.020052 -0.042697 0.998887 0.233434 0.000000 0.000000 0.000000 1.000000
0.999701 0.005215 -0.023880 0.118111 -0.003997 0.998702 0.050777 0.257117 0.024114 -0.050666 0.998424 0.233434 0.000000 0.000000 0.000000 1.000000
0.999602 0.005807 -0.027610 0.118111 -0.004202 0.998318 0.057825 0.257117 0.027899 -0.057686 0.997945 0.233434 0.000000 0.000000 0.000000 1.000000
0.999504 0.006086 -0.030894 0.118111 -0.004115 0.997976 0.063453 0.257117 0.031218 -0.063294 0.997507 0.233434 0.000000 0.000000 0.000000 1.000000
0.999419 0.005930 -0.033560 0.118111 -0.003663 0.997733 0.067193 0.257117 0.033882 -0.067031 0.997175 0.233434 0.000000 0.000000 0.000000 1.000000
0.999359 0.005214 -0.035428 0.118111 -0.002774 0.997642 0.068580 0.257117 0.035703 -0.068437 0.997016 0.233434 0.000000 0.000000 0.000000 1.000000
0.999325 0.003579 -0.036562 0.118111 -0.001137 0.997778 0.066613 0.257117 0.036719 -0.066526 0.997109 0.233434 0.000000 0.000000 0.000000 1.000000
0.999308 0.000913 -0.037176 0.118111 0.001362 0.998129 0.061122 0.257117 0.037163 -0.061130 0.997438 0.233434 0.000000 0.000000 0.000000 1.000000
0.999300 -0.002526 -0.037312 0.118111 0.004499 0.998590 0.052888 0.257117 0.037126 -0.053019 0.997903 0.233434 0.000000 0.000000 0.000000 1.000000
0.999294 -0.006469 -0.037015 0.118111 0.008048 0.999056 0.042691 0.257117 0.036704 -0.042959 0.998402 0.233434 0.000000 0.000000 0.000000 1.000000
0.999283 -0.010648 -0.036345 0.118111 0.011789 0.999440 0.031313 0.257117 0.035992 -0.031719 0.998849 0.233434 0.000000 0.000000 0.000000 1.000000
0.999264 -0.014807 -0.035388 0.118111 0.015505 0.999689 0.019538 0.257117 0.035088 -0.020072 0.999183 0.233434 0.000000 0.000000 0.000000 1.000000
0.999238 -0.018699 -0.034257 0.118111 0.018989 0.999786 0.008150 0.257117 0.034097 -0.008795 0.999380 0.233434 0.000000 0.000000 0.000000 1.000000
0.999208 -0.022094 -0.033090 0.118111 0.022037 0.999755 -0.002066 0.257117 0.033128 0.001335 0.999450 0.233434 0.000000 0.000000 0.000000 1.000000
0.999179 -0.024775 -0.032048 0.118111 0.024455 0.999648 -0.010330 0.257117 0.032292 0.009537 0.999433 0.233434 0.000000 0.000000 0.000000 1.000000
0.999158 -0.026535 -0.031301 0.118111 0.026048 0.999535 -0.015859 0.257117 0.031707 0.015030 0.999384 0.233434 0.000000 0.000000 0.000000 1.000000
0.999150 -0.027169 -0.031017 0.118111 0.026623 0.999486 -0.017876 0.257117 0.031487 0.017035 0.999359 0.233434 0.000000 0.000000 0.000000 1.000000
0.999261 -0.025494 -0.028782 0.118111 0.025004 0.999538 -0.017268 0.257117 0.029209 0.016535 0.999437 0.233434 0.000000 0.000000 0.000000 1.000000
0.999520 -0.021017 -0.022778 0.118111 0.020664 0.999665 -0.015615 0.257117 0.023099 0.015137 0.999619 0.233434 0.000000 0.000000 0.000000 1.000000
0.999795 -0.014565 -0.014053 0.118111 0.014380 0.999810 -0.013185 0.257117 0.014243 0.012980 0.999814 0.233434 0.000000 0.000000 0.000000 1.000000
0.999969 -0.006965 -0.003657 0.118111 0.006928 0.999924 -0.010239 0.257117 0.003728 0.010214 0.999941 0.233434 0.000000 0.000000 0.000000 1.000000
0.999973 0.000968 0.007347 0.118111 -0.000916 0.999975 -0.007012 0.257117 -0.007354 0.007005 0.999948 0.233434 0.000000 0.000000 0.000000 1.000000
0.999805 0.008442 0.017879 0.118111 -0.008377 0.999958 -0.003700 0.257117 -0.017909 0.003550 0.999833 0.233434 0.000000 0.000000 0.000000 1.000000
0.999532 0.014689 0.026836 0.118111 -0.014682 0.999892 -0.000463 0.257117 -0.026840 0.000069 0.999640 0.233434 0.000000 0.000000 0.000000 1.000000
0.999272 0.018968 0.033104 0.118111 -0.019063 0.999815 0.002568 0.257117 -0.033049 -0.003197 0.999449 0.233434 0.000000 0.000000 0.000000 1.000000
0.999156 0.020551 0.035557 0.118111 -0.020751 0.999771 0.005270 0.257117 -0.035441 -0.006003 0.999354 0.233434 0.000000 0.000000 0.000000 1.000000
0.999193 0.021249 0.034084 0.118111 -0.021544 0.999733 0.008306 0.257117 -0.033899 -0.009034 0.999384 0.233434 0.000000 0.000000 0.000000 1.000000
0.999291 0.023171 0.029686 0.118111 -0.023545 0.999647 0.012294 0.257117 -0.029390 -0.012984 0.999484 0.233434 0.000000 0.000000 0.000000 1.000000
0.999399 0.026046 0.022890 0.118111 -0.026439 0.999505 0.017032 0.257117 -0.022435 -0.017627 0.999593 0.233434 0.000000 0.000000 0.000000 1.000000
0.999461 0.029598 0.014226 0.118111 -0.029911 0.999303 0.022314 0.257117 -0.013556 -0.022727 0.999650 0.233434 0.000000 0.000000 0.000000 1.000000
0.999428 0.033543 0.004217 0.118111 -0.033648 0.999043 0.027934 0.257117 -0.003276 -0.028060 0.999601 0.233434 0.000000 0.000000 0.000000 1.000000
0.999272 0.037583 -0.006616 0.118111 -0.037340 0.998735 0.033684 0.257117 0.007874 -0.033413 0.999411 0.233434 0.000000 0.000000 0.000000 1.000000
0.998985 0.041409 -0.017753 0.118111 -0.040685 0.998397 0.039357 0.257117 0.019354 -0.038594 0.999068 0.233434 0.000000 0.000000 0.000000 1.000000
0.998589 0.044697 -0.028677 0.118111 -0.043389 0.998056 0.044745 0.257117 0.030621 -0.043438 0.998587 0.233434 0.000000 0.000000 0.000000 1.000000
0.998133 0.047112 -0.038873 0.118111 -0.045160 0.997745 0.049646 0.257117 0.041124 -0.047798 0.998010 0.233434 0.000000 0.000000 0.000000 1.000000
0.997687 0.048307 -0.047831 0.118111 -0.045716 0.997501 0.053865 0.257117 0.050313 -0.051553 0.997402 0.233434 0.000000 0.000000 0.000000 1.000000
0.997333 0.047926 -0.055038 0.118111 -0.044770 0.997358 0.057210 0.257117 0.057635 -0.054593 0.996844 0.233434 0.000000 0.000000 0.000000 1.000000
0.997157 0.045610 -0.059986 0.118111 -0.042039 0.997342 0.059504 0.257117 0.062540 -0.056813 0.996424 0.233434 0.000000 0.000000 0.000000 1.000000
0.997153 0.041095 -0.063226 0.118111 -0.037245 0.997448 0.060917 0.257117 0.065568 -0.058389 0.996138 0.233434 0.000000 0.000000 0.000000 1.000000
0.997239 0.034594 -0.065711 0.118111 -0.030536 0.997622 0.061791 0.257117 0.067692 -0.059614 0.995924 0.233434 0.000000 0.000000 0.000000 1.000000
0.997367 0.026462 -0.067519 0.118111 -0.022262 0.997815 0.062211 0.257117 0.069017 -0.060544 0.995777 0.233434 0.000000 0.000000 0.000000 1.000000
0.997490 0.017055 -0.068726 0.118111 -0.012774 0.997978 0.062264 0.257117 0.069649 -0.061230 0.995691 0.233434 0.000000 0.000000 0.000000 1.000000
0.997566 0.006735 -0.069409 0.118111 -0.002422 0.998071 0.062032 0.257117 0.069693 -0.061713 0.995658 0.233434 0.000000 0.000000 0.000000 1.000000
0.997563 -0.004136 -0.069643 0.118111 0.008438 0.998066 0.061592 0.257117 0.069253 -0.062030 0.995669 0.233434 0.000000 0.000000 0.000000 1.000000
0.997466 -0.015194 -0.069501 0.118111 0.019452 0.997947 0.061012 0.257117 0.068432 -0.062210 0.995714 0.233434 0.000000 0.000000 0.000000 1.000000
0.997272 -0.026068 -0.069061 0.118111 0.030260 0.997718 0.060352 0.257117 0.067330 -0.062277 0.995785 0.233434 0.000000 0.000000 0.000000 1.000000
0.996994 -0.036393 -0.068397 0.118111 0.040501 0.997397 0.059662 0.257117 0.066048 -0.062253 0.995873 0.233434 0.000000 0.000000 0.000000 1.000000
0.996662 -0.045797 -0.067587 0.118111 0.049813 0.997015 0.058982 0.257117 0.064684 -0.062152 0.995968 0.233434 0.000000 0.000000 0.000000 1.000000
0.996315 -0.053910 -0.066707 0.118111 0.057833 0.996620 0.058348 0.257117 0.063336 -0.061991 0.996065 0.233434 0.000000 0.000000 0.000000 1.000000
0.996003 -0.060363 -0.065834 0.118111 0.064199 0.996263 0.057788 0.257117 0.062100 -0.061783 0.996156 0.233434 0.000000 0.000000 0.000000 1.000000
0.995777 -0.064787 -0.065048 0.118111 0.068547 0.995999 0.057328 0.257117 0.061073 -0.061545 0.996234 0.233434 0.000000 0.000000 0.000000 1.000000
0.995683 -0.066812 -0.064426 0.118111 0.070514 0.995881 0.056999 0.257117 0.060353 -0.061296 0.996293 0.233434 0.000000 0.000000 0.000000 1.000000
0.995839 -0.066170 -0.062664 0.118111 0.069687 0.996013 0.055698 0.257117 0.058729 -0.059833 0.996479 0.233434 0.000000 0.000000 0.000000 1.000000
0.996277 -0.063127 -0.058715 0.118111 0.066233 0.996420 0.052541 0.257117 0.055188 -0.056234 0.996891 0.233434 0.000000 0.000000 0.000000 1.000000
0.996900 -0.058106 -0.053054 0.118111 0.060661 0.997009 0.047885 0.257117 0.050113 -0.050954 0.997443 0.233434 0.000000 0.000000 0.000000 1.000000
0.997604 -0.051529 -0.046165 0.118111 0.053481 0.997682 0.042085 0.257117 0.043889 -0.044453 0.998047 0.233434 0.000000 0.000000 0.000000 1.000000
0.998296 -0.043831 -0.038523 0.118111 0.045203 0.998347 0.035503 0.257117 0.036903 -0.037184 0.998627 0.233434 0.000000 0.000000 0.000000 1.000000
0.998903 -0.035467 -0.030588 0.118111 0.036341 0.998933 0.028513 0.257117 0.029544 -0.029593 0.999125 0.233434 0.000000 0.000000 0.000000 1.000000
0.999377 -0.026922 -0.022802 0.118111 0.027413 0.999393 0.021495 0.257117 0.022209 -0.022107 0.999509 0.233434 0.000000 0.000000 0.000000 1.000000
0.999704 -0.018705 -0.015580 0.118111 0.018937 0.999710 0.014844 0.257117 0.015298 -0.015135 0.999768 0.233434 0.000000 0.000000 0.000000 1.000000
0.999892 -0.011352 -0.009318 0.118111 0.011435 0.999894 0.008961 0.257117 0.009215 -0.009066 0.999916 0.233434 0.000000 0.000000 0.000000 1.000000
0.999976 -0.005411 -0.004389 0.118111 0.005430 0.999976 0.004253 0.257117 0.004366 -0.004277 0.999981 0.233434 0.000000 0.000000 0.000000 1.000000
0.999998 -0.001443 -0.001161 0.118111 0.001444 0.999998 0.001130 0.257117 0.001159 -0.001132 0.999999 0.233434 0.000000 0.000000 0.000000 1.000000
1.000000 -0.000000 0.000000 0.118111 -0.000000 1.000000 -0.000000 0.257117 0.000000 0.000000 1.000000 0.233434 0.000000 0.000000 0.000000 1.000000</float_array><technique_common><accessor source="#LeftEye-Matrix-animation-output-transform-array" count="71" stride="16"><param type="float4x4"/></accessor></technique_common></source><source id="LeftEye-Interpolations"><Name_array id="LeftEye-Interpolations-array" count="71">
 LINEAR LINEAR LINEAR LINEAR LINEAR LINEAR LINEAR LINEAR LINEAR LINEAR LINEAR
LINEAR LINEAR LINEAR LINEAR LINEAR LINEAR LINEAR LINEAR LINEAR LINEAR LINEAR LINEAR
LINEAR LINEAR LINEAR LINEAR LINEAR LINEAR LINEAR LINEAR LINEAR LINEAR LINEAR LINEAR
LINEAR LINEAR LINEAR LINEAR LINEAR LINEAR LINEAR LINEAR LINEAR LINEAR LINEAR LINEAR
LINEAR LINEAR LINEAR LINEAR LINEAR LINEAR LINEAR LINEAR LINEAR LINEAR LINEAR LINEAR
LINEAR LINEAR LINEAR LINEAR LINEAR LINEAR LINEAR LINEAR LINEAR LINEAR LINEAR LINEAR</Name_array><technique_common><accessor source="#LeftEye-Interpolations-array" count="71"><param type="name"/></accessor></technique_common></source><sampler id="LeftEye-Matrix-animation-transform"><input semantic="INPUT" source="#LeftEye-Matrix-animation-input"/><input semantic="OUTPUT" source="#LeftEye-Matrix-animation-output-transform"/><input semantic="INTERPOLATION" source="#LeftEye-Interpolations"/></sampler><channel source="#LeftEye-Matrix-animation-transform" target="LeftEye/matrix"/></animation><animation><source id="LeftEye-visibility-animation-input"><float_array id="LeftEye-visibility-animation-input-array" count="71">

0.033333 0.066667 0.100000 0.133333 0.166667 0.200000 0.233333 0.266667 0.300000 0.333333 0.366667 0.400000 0.433333 0.466667 0.500000 0.533333
0.566667 0.600000 0.633333 0.666667 0.700000 0.733333 0.766667 0.800000 0.833333 0.866667 0.900000 0.933333 0.966667 1.000000 1.033333 1.066667
1.100000 1.133333 1.166667 1.200000 1.233333 1.266667 1.300000 1.333333 1.366667 1.400000 1.433333 1.466667 1.500000 1.533333 1.566667 1.600000
1.633333 1.666667 1.700000 1.733333 1.766667 1.800000 1.833333 1.866667 1.900000 1.933333 1.966667 2.000000 2.033333 2.066667 2.100000 2.133333
2.166667 2.200000 2.233333 2.266667 2.300000 2.333333 2.366667</float_array><technique_common><accessor source="#LeftEye-visibility-animation-input-array" count="71"><param name="TIME" type="float"/></accessor></technique_common></source><source id="LeftEye-visibility-animation-output"><float_array id="LeftEye-visibility-animation-output-array" count="71">

1.000000 1.000000 1.000000 1.000000 1.000000 1.000000 1.000000 1.000000 1.000000 1.000000 1.000000 1.000000 1.000000 1.000000 1.000000 1.000000
1.000000 1.000000 1.000000 1.000000 1.000000 1.000000 1.000000 1.000000 1.000000 1.000000 1.000000 1.000000 1.000000 1.000000 1.000000 1.000000
1.000000 1.000000 1.000000 1.000000 1.000000 1.000000 1.000000 1.000000 1.000000 1.000000 1.000000 1.000000 1.000000 1.000000 1.000000 1.000000
1.000000 1.000000 1.000000 1.000000 1.000000 1.000000 1.000000 1.000000 1.000000 1.000000 1.000000 1.000000 1.000000 1.000000 1.000000 1.000000
1.000000 1.000000 1.000000 1.000000 1.000000 1.000000 1.000000</float_array><technique_common><accessor source="#LeftEye-visibility-animation-output-array" count="71"><param type="float"/></accessor></technique_common></source><source id="LeftEye-visibility-animation-intan"><float_array id="LeftEye-visibility-animation-intan-array" count="71">

0.000000 0.000000 0.000000 0.000000 0.000000 0.000000 0.000000 0.000000 0.000000 0.000000 0.000000 0.000000 0.000000 0.000000 0.000000 0.000000
0.000000 0.000000 0.000000 0.000000 0.000000 0.000000 0.000000 0.000000 0.000000 0.000000 0.000000 0.000000 0.000000 0.000000 0.000000 0.000000
0.000000 0.000000 0.000000 0.000000 0.000000 0.000000 0.000000 0.000000 0.000000 0.000000 0.000000 0.000000 0.000000 0.000000 0.000000 0.000000
0.000000 0.000000 0.000000 0.000000 0.000000 0.000000 0.000000 0.000000 0.000000 0.000000 0.000000 0.000000 0.000000 0.000000 0.000000 0.000000
0.000000 0.000000 0.000000 0.000000 0.000000 0.000000 0.000000</float_array><technique_common><accessor source="#LeftEye-visibility-animation-intan-array" count="71"><param type="float"/></accessor></technique_common></source><source id="LeftEye-visibility-animation-outtan"><float_array id="LeftEye-visibility-animation-outtan-array" count="71">

0.000000 0.000000 0.000000 0.000000 0.000000 0.000000 0.000000 0.000000 0.000000 0.000000 0.000000 0.000000 0.000000 0.000000 0.000000 0.000000
0.000000 0.000000 0.000000 0.000000 0.000000 0.000000 0.000000 0.000000 0.000000 0.000000 0.000000 0.000000 0.000000 0.000000 0.000000 0.000000
0.000000 0.000000 0.000000 0.000000 0.000000 0.000000 0.000000 0.000000 0.000000 0.000000 0.000000 0.000000 0.000000 0.000000 0.000000 0.000000
0.000000 0.000000 0.000000 0.000000 0.000000 0.000000 0.000000 0.000000 0.000000 0.000000 0.000000 0.000000 0.000000 0.000000 0.000000 0.000000
0.000000 0.000000 0.000000 0.000000 0.000000 0.000000 0.000000</float_array><technique_common><accessor source="#LeftEye-visibility-animation-outtan-array" count="71"><param type="float"/></accessor></technique_common></source><source id="LeftEye-visibility-animation-interpolation"><Name_array id="LeftEye-visibility-animation-interpolation-array" count="71">
 BEZIER BEZIER BEZIER BEZIER BEZIER BEZIER BEZIER BEZIER BEZIER BEZIER BEZIER
BEZIER BEZIER BEZIER BEZIER BEZIER BEZIER BEZIER BEZIER BEZIER BEZIER BEZIER BEZIER
BEZIER BEZIER BEZIER BEZIER BEZIER BEZIER BEZIER BEZIER BEZIER BEZIER BEZIER BEZIER
BEZIER BEZIER BEZIER BEZIER BEZIER BEZIER BEZIER BEZIER BEZIER BEZIER BEZIER BEZIER
BEZIER BEZIER BEZIER BEZIER BEZIER BEZIER BEZIER BEZIER BEZIER BEZIER BEZIER BEZIER
BEZIER BEZIER BEZIER BEZIER BEZIER BEZIER BEZIER BEZIER BEZIER BEZIER BEZIER BEZIER</Name_array><technique_common><accessor source="#LeftEye-visibility-animation-interpolation-array" count="71"><param type="name"/></accessor></technique_common></source><sampler id="LeftEye-visibility-animation"><input semantic="INPUT" source="#LeftEye-visibility-animation-input"/><input semantic="OUTPUT" source="#LeftEye-visibility-animation-output"/><input semantic="IN_TANGENT" source="#LeftEye-visibility-animation-intan"/><input semantic="OUT_TANGENT" source="#LeftEye-visibility-animation-outtan"/><input semantic="INTERPOLATION" source="#LeftEye-visibility-animation-interpolation"/></sampler><channel source="#LeftEye-visibility-animation" target="LeftEye/visibility"/></animation></animation>
    <animation id="LeftEye1-anim" name="LeftEye1"><animation><source id="LeftEye1-Matrix-animation-input"><float_array id="LeftEye1-Matrix-animation-input-array" count="71">

0.033333 0.066667 0.100000 0.133333 0.166667 0.200000 0.233333 0.266667 0.300000 0.333333 0.366667 0.400000 0.433333 0.466667 0.500000 0.533333
0.566667 0.600000 0.633333 0.666667 0.700000 0.733333 0.766667 0.800000 0.833333 0.866667 0.900000 0.933333 0.966667 1.000000 1.033333 1.066667
1.100000 1.133333 1.166667 1.200000 1.233333 1.266667 1.300000 1.333333 1.366667 1.400000 1.433333 1.466667 1.500000 1.533333 1.566667 1.600000
1.633333 1.666667 1.700000 1.733333 1.766667 1.800000 1.833333 1.866667 1.900000 1.933333 1.966667 2.000000 2.033333 2.066667 2.100000 2.133333
2.166667 2.200000 2.233333 2.266667 2.300000 2.333333 2.366667</float_array><technique_common><accessor source="#LeftEye1-Matrix-animation-input-array" count="71"><param name="TIME" type="float"/></accessor></technique_common></source><source id="LeftEye1-Matrix-animation-output-transform"><float_array id="LeftEye1-Matrix-animation-output-transform-array" count="1136">

1.000000 -0.000000 0.000000 0.024914 -0.000000 1.000000 -0.000000 0.045545 0.000000 0.000000 1.000000 0.054627 0.000000 0.000000 0.000000 1.000000
1.000000 -0.000000 0.000000 0.024914 0.000000 1.000000 0.000000 0.045545 -0.000000 -0.000000 1.000000 0.054627 0.000000 0.000000 0.000000 1.000000
1.000000 -0.000000 0.000000 0.024914 0.000000 1.000000 -0.000000 0.045545 -0.000000 0.000000 1.000000 0.054627 0.000000 0.000000 0.000000 1.000000
1.000000 -0.000000 0.000000 0.024914 0.000000 1.000000 -0.000000 0.045545 -0.000000 0.000000 1.000000 0.054627 0.000000 0.000000 0.000000 1.000000
1.000000 -0.000000 0.000000 0.024914 0.000000 1.000000 -0.000000 0.045545 -0.000000 0.000000 1.000000 0.054627 0.000000 0.000000 0.000000 1.000000
1.000000 -0.000000 0.000000 0.024914 0.000000 1.000000 -0.000000 0.045545 -0.000000 0.000000 1.000000 0.054627 0.000000 0.000000 0.000000 1.000000
1.000000 -0.000000 0.000000 0.024914 0.000000 1.000000 -0.000000 0.045545 -0.000000 0.000000 1.000000 0.054627 0.000000 0.000000 0.000000 1.000000
1.000000 0.000000 0.000000 0.024914 -0.000000 1.000000 -0.000000 0.045545 -0.000000 0.000000 1.000000 0.054627 0.000000 0.000000 0.000000 1.000000
1.000000 -0.000000 0.000000 0.024914 0.000000 1.000000 -0.000000 0.045545 -0.000000 0.000000 1.000000 0.054627 0.000000 0.000000 0.000000 1.000000
1.000000 -0.000000 0.000000 0.024914 0.000000 1.000000 0.000000 0.045545 -0.000000 -0.000000 1.000000 0.054627 0.000000 0.000000 0.000000 1.000000
1.000000 -0.000000 0.000000 0.024914 0.000000 1.000000 -0.000000 0.045545 -0.000000 0.000000 1.000000 0.054627 0.000000 0.000000 0.000000 1.000000
1.000000 -0.000000 0.000000 0.024914 0.000000 1.000000 -0.000000 0.045545 -0.000000 0.000000 1.000000 0.054627 0.000000 0.000000 0.000000 1.000000
1.000000 -0.000000 0.000000 0.024914 0.000000 1.000000 -0.000000 0.045545 -0.000000 0.000000 1.000000 0.054627 0.000000 0.000000 0.000000 1.000000
1.000000 -0.000000 0.000000 0.024914 0.000000 1.000000 0.000000 0.045545 -0.000000 -0.000000 1.000000 0.054627 0.000000 0.000000 0.000000 1.000000
1.000000 -0.000000 0.000000 0.024914 0.000000 1.000000 -0.000000 0.045545 -0.000000 0.000000 1.000000 0.054627 0.000000 0.000000 0.000000 1.000000
1.000000 -0.000000 0.000000 0.024914 0.000000 1.000000 -0.000000 0.045545 -0.000000 0.000000 1.000000 0.054627 0.000000 0.000000 0.000000 1.000000
1.000000 -0.000000 0.000000 0.024914 0.000000 1.000000 -0.000000 0.045545 -0.000000 0.000000 1.000000 0.054627 0.000000 0.000000 0.000000 1.000000
