<?xml version="1.0" encoding="utf-8"?>
<COLLADA xmlns="http://www.collada.org/2005/11/COLLADASchema" version="1.4.1">
  <asset><contributor><author></author><authoring_tool>FBX COLLADA exporter</authoring_tool><comments></comments></contributor><created>2014-06-06T13:14:23Z</created><keywords></keywords><modified>2014-06-06T13:14:23Z</modified><revision></revision><subject></subject><title></title><unit meter="0.010000" name="centimeter"></unit><up_axis>Y_UP</up_axis></asset>
  <library_animations>
    <animation id="Root-anim" name="Root"><animation><source id="Root-Matrix-animation-input"><float_array id="Root-Matrix-animation-input-array" count="181">

0.033333 0.066667 0.100000 0.133333 0.166667 0.200000 0.233333 0.266667 0.300000 0.333333 0.366667 0.400000 0.433333 0.466667 0.500000 0.533333
0.566667 0.600000 0.633333 0.666667 0.700000 0.733333 0.766667 0.800000 0.833333 0.866667 0.900000 0.933333 0.966667 1.000000 1.033333 1.066667
1.100000 1.133333 1.166667 1.200000 1.233333 1.266667 1.300000 1.333333 1.366667 1.400000 1.433333 1.466667 1.500000 1.533333 1.566667 1.600000
1.633333 1.666667 1.700000 1.733333 1.766667 1.800000 1.833333 1.866667 1.900000 1.933333 1.966667 2.000000 2.033333 2.066667 2.100000 2.133333
2.166667 2.200000 2.233333 2.266667 2.300000 2.333333 2.366667 2.400000 2.433333 2.466667 2.500000 2.533333 2.566667 2.600000 2.633333 2.666667
2.700000 2.733333 2.766667 2.800000 2.833333 2.866667 2.900000 2.933333 2.966667 3.000000 3.033333 3.066667 3.100000 3.133333 3.166667 3.200000
3.233333 3.266667 3.300000 3.333333 3.366667 3.400000 3.433333 3.466667 3.500000 3.533333 3.566667 3.600000 3.633333 3.666667 3.700000 3.733333
3.766667 3.800000 3.833333 3.866667 3.900000 3.933333 3.966667 4.000000 4.033333 4.066667 4.100000 4.133333 4.166667 4.200000 4.233333 4.266667
4.300000 4.333333 4.366667 4.400000 4.433333 4.466667 4.500000 4.533333 4.566667 4.600000 4.633333 4.666667 4.700000 4.733333 4.766667 4.800000
4.833333 4.866667 4.900000 4.933333 4.966667 5.000000 5.033333 5.066667 5.100000 5.133333 5.166667 5.200000 5.233333 5.266667 5.300000 5.333333
5.366667 5.400000 5.433333 5.466667 5.500000 5.533333 5.566667 5.600000 5.633333 5.666667 5.700000 5.733333 5.766667 5.800000 5.833333 5.866667
5.900000 5.933333 5.966667 6.000000 6.033333</float_array><technique_common><accessor source="#Root-Matrix-animation-input-array" count="181"><param name="TIME" type="float"/></accessor></technique_common></source><source id="Root-Matrix-animation-output-transform"><float_array id="Root-Matrix-animation-output-transform-array" count="2896">

1.000000 -0.000000 -0.000000 0.000000 0.000000 1.000000 -0.000000 0.565033 0.000000 -0.000000 1.000000 -0.092542 0.000000 0.000000 0.000000 1.000000
1.000000 -0.000333 -0.000314 -0.000021 0.000333 1.000000 -0.000018 0.565000 0.000314 0.000018 1.000000 -0.092539 0.000000 0.000000 0.000000 1.000000
0.999999 -0.001238 -0.001165 -0.000082 0.001238 0.999999 -0.000077 0.564902 0.001165 0.000076 0.999999 -0.092531 0.000000 0.000000 0.000000 1.000000
0.999994 -0.002572 -0.002419 -0.000179 0.002571 0.999997 -0.000184 0.564748 0.002420 0.000177 0.999997 -0.092518 0.000000 0.000000 0.000000 1.000000
0.999983 -0.004191 -0.003942 -0.000306 0.004190 0.999991 -0.000344 0.564541 0.003943 0.000327 0.999992 -0.092500 0.000000 0.000000 0.000000 1.000000
0.999967 -0.005955 -0.005598 -0.000460 0.005952 0.999982 -0.000564 0.564289 0.005601 0.000531 0.999984 -0.092480 0.000000 0.000000 0.000000 1.000000
0.999944 -0.007719 -0.007252 -0.000635 0.007713 0.999970 -0.000852 0.563998 0.007259 0.000796 0.999973 -0.092456 0.000000 0.000000 0.000000 1.000000
0.999918 -0.009342 -0.008771 -0.000829 0.009332 0.999956 -0.001213 0.563673 0.008782 0.001131 0.999961 -0.092430 0.000000 0.000000 0.000000 1.000000
0.999893 -0.010681 -0.010019 -0.001035 0.010665 0.999942 -0.001654 0.563321 0.010036 0.001547 0.999948 -0.092402 0.000000 0.000000 0.000000 1.000000
0.999874 -0.011593 -0.010863 -0.001251 0.011570 0.999931 -0.002181 0.562947 0.010888 0.002055 0.999939 -0.092373 0.000000 0.000000 0.000000 1.000000
0.999866 -0.011934 -0.011168 -0.001471 0.011903 0.999925 -0.002802 0.562557 0.011201 0.002668 0.999934 -0.092344 0.000000 0.000000 0.000000 1.000000
0.999878 -0.011925 -0.010107 -0.001691 0.011889 0.999923 -0.003553 0.562158 0.010149 0.003432 0.999943 -0.092314 0.000000 0.000000 0.000000 1.000000
0.999904 -0.011849 -0.007241 -0.001906 0.011817 0.999920 -0.004450 0.561756 0.007293 0.004364 0.999964 -0.092285 0.000000 0.000000 0.000000 1.000000
0.999928 -0.011655 -0.003021 -0.002113 0.011639 0.999917 -0.005464 0.561356 0.003084 0.005428 0.999981 -0.092258 0.000000 0.000000 0.000000 1.000000
0.999934 -0.011295 0.002101 -0.002306 0.011308 0.999915 -0.006565 0.560965 -0.002027 0.006588 0.999976 -0.092232 0.000000 0.000000 0.000000 1.000000
0.999913 -0.010720 0.007672 -0.002482 0.010779 0.999912 -0.007724 0.560588 -0.007589 0.007806 0.999941 -0.092208 0.000000 0.000000 0.000000 1.000000
0.999863 -0.009885 0.013240 -0.002636 0.010004 0.999910 -0.008913 0.560231 -0.013151 0.009044 0.999873 -0.092187 0.000000 0.000000 0.000000 1.000000
0.999793 -0.008749 0.018351 -0.002763 0.008935 0.999909 -0.010102 0.559901 -0.018261 0.010264 0.999781 -0.092170 0.000000 0.000000 0.000000 1.000000
0.999719 -0.007272 0.022554 -0.002859 0.007528 0.999908 -0.011263 0.559604 -0.022470 0.011429 0.999682 -0.092157 0.000000 0.000000 0.000000 1.000000
0.999663 -0.005418 0.025395 -0.002920 0.005734 0.999907 -0.012366 0.559345 -0.025325 0.012507 0.999601 -0.092149 0.000000 0.000000 0.000000 1.000000
0.999646 -0.003152 0.026422 -0.002942 0.003506 0.999904 -0.013382 0.559131 -0.026378 0.013469 0.999561 -0.092146 0.000000 0.000000 0.000000 1.000000
0.999663 -0.000315 0.025954 -0.002904 0.000687 0.999897 -0.014340 0.558953 -0.025946 0.014353 0.999560 -0.092151 0.000000 0.000000 0.000000 1.000000
0.999690 0.003145 0.024684 -0.002799 -0.002768 0.999879 -0.015289 0.558799 -0.024729 0.015216 0.999578 -0.092165 0.000000 0.000000 0.000000 1.000000
0.999716 0.007105 0.022729 -0.002636 -0.006737 0.999846 -0.016230 0.558667 -0.022841 0.016072 0.999610 -0.092187 0.000000 0.000000 0.000000 1.000000
0.999730 0.011443 0.020205 -0.002426 -0.011096 0.999791 -0.017161 0.558555 -0.020398 0.016933 0.999649 -0.092215 0.000000 0.000000 0.000000 1.000000
0.999723 0.016034 0.017228 -0.002179 -0.015723 0.999713 -0.018084 0.558462 -0.017513 0.017808 0.999688 -0.092249 0.000000 0.000000 0.000000 1.000000
0.999688 0.020758 0.013915 -0.001906 -0.020492 0.999610 -0.018997 0.558386 -0.014304 0.018706 0.999723 -0.092285 0.000000 0.000000 0.000000 1.000000
0.999621 0.025493 0.010384 -0.001618 -0.025282 0.999482 -0.019902 0.558325 -0.010886 0.019632 0.999748 -0.092324 0.000000 0.000000 0.000000 1.000000
0.999524 0.030116 0.006752 -0.001324 -0.029970 0.999334 -0.020797 0.558277 -0.007374 0.020585 0.999761 -0.092364 0.000000 0.000000 0.000000 1.000000
0.999400 0.034507 0.003138 -0.001035 -0.034431 0.999172 -0.021684 0.558241 -0.003884 0.021563 0.999760 -0.092402 0.000000 0.000000 0.000000 1.000000
0.999257 0.038545 -0.000340 -0.000763 -0.038543 0.999002 -0.022562 0.558216 -0.000530 0.022558 0.999745 -0.092439 0.000000 0.000000 0.000000 1.000000
0.999107 0.042110 -0.003561 -0.000516 -0.042183 0.998835 -0.023432 0.558199 0.002570 0.023561 0.999719 -0.092472 0.000000 0.000000 0.000000 1.000000
0.998963 0.045084 -0.006407 -0.000306 -0.045227 0.998681 -0.024293 0.558188 0.005304 0.024558 0.999684 -0.092500 0.000000 0.000000 0.000000 1.000000
0.998840 0.047347 -0.008758 -0.000143 -0.047554 0.998552 -0.025148 0.558183 0.007555 0.025535 0.999645 -0.092522 0.000000 0.000000 0.000000 1.000000
0.998754 0.048782 -0.010494 -0.000037 -0.049041 0.998458 -0.025995 0.558181 0.009209 0.026477 0.999607 -0.092537 0.000000 0.000000 0.000000 1.000000
0.998719 0.049270 -0.011493 0.000000 -0.049563 0.998410 -0.026835 0.558181 0.010152 0.027370 0.999574 -0.092542 0.000000 0.000000 0.000000 1.000000
0.998720 0.049116 -0.012053 0.000000 -0.049434 0.998393 -0.027707 0.558207 0.010672 0.028267 0.999543 -0.092542 0.000000 0.000000 0.000000 1.000000
0.998734 0.048715 -0.012554 0.000000 -0.049058 0.998385 -0.028639 0.558285 0.011138 0.029219 0.999511 -0.092542 0.000000 0.000000 0.000000 1.000000
0.998759 0.048087 -0.012998 0.000000 -0.048455 0.998386 -0.029621 0.558408 0.011552 0.030214 0.999477 -0.092542 0.000000 0.000000 0.000000 1.000000
0.998793 0.047251 -0.013387 0.000000 -0.047642 0.998394 -0.030638 0.558573 0.011918 0.031239 0.999441 -0.092542 0.000000 0.000000 0.000000 1.000000
0.998837 0.046224 -0.013725 0.000000 -0.046640 0.998409 -0.031680 0.558775 0.012238 0.032283 0.999404 -0.092542 0.000000 0.000000 0.000000 1.000000
0.998887 0.045028 -0.014012 0.000000 -0.045466 0.998429 -0.032733 0.559010 0.012516 0.033334 0.999366 -0.092542 0.000000 0.000000 0.000000 1.000000
0.998944 0.043679 -0.014252 0.000000 -0.044140 0.998454 -0.033786 0.559272 0.012755 0.034380 0.999327 -0.092542 0.000000 0.000000 0.000000 1.000000
0.999005 0.042198 -0.014448 0.000000 -0.042679 0.998482 -0.034826 0.559558 0.012957 0.035408 0.999289 -0.092542 0.000000 0.000000 0.000000 1.000000
0.999069 0.040603 -0.014602 0.000000 -0.041104 0.998512 -0.035840 0.559862 0.013125 0.036407 0.999251 -0.092542 0.000000 0.000000 0.000000 1.000000
0.999134 0.038913 -0.014718 0.000000 -0.039432 0.998544 -0.036817 0.560181 0.013264 0.037365 0.999214 -0.092542 0.000000 0.000000 0.000000 1.000000
0.999200 0.037147 -0.014797 0.000000 -0.037682 0.998577 -0.037743 0.560510 0.013374 0.038270 0.999178 -0.092542 0.000000 0.000000 0.000000 1.000000
0.999266 0.035323 -0.014845 0.000000 -0.035874 0.998610 -0.038607 0.560844 0.013461 0.039111 0.999144 -0.092542 0.000000 0.000000 0.000000 1.000000
0.999329 0.033462 -0.014865 0.000000 -0.034025 0.998644 -0.039396 0.561178 0.013526 0.039875 0.999113 -0.092542 0.000000 0.000000 0.000000 1.000000
0.999391 0.031582 -0.014859 0.000000 -0.032155 0.998678 -0.040098 0.561509 0.013573 0.040551 0.999085 -0.092542 0.000000 0.000000 0.000000 1.000000
0.999449 0.029701 -0.014833 0.000000 -0.030283 0.998712 -0.040700 0.561831 0.013605 0.041127 0.999061 -0.092542 0.000000 0.000000 0.000000 1.000000
0.999503 0.027838 -0.014790 0.000000 -0.028427 0.998747 -0.041190 0.562140 0.013624 0.041590 0.999042 -0.092542 0.000000 0.000000 0.000000 1.000000
0.999553 0.026013 -0.014734 0.000000 -0.026605 0.998782 -0.041556 0.562432 0.013635 0.041929 0.999028 -0.092542 0.000000 0.000000 0.000000 1.000000
0.999598 0.024243 -0.014669 0.000000 -0.024838 0.998818 -0.041785 0.562702 0.013639 0.042133 0.999019 -0.092542 0.000000 0.000000 0.000000 1.000000
0.999639 0.022549 -0.014601 0.000000 -0.023143 0.998855 -0.041866 0.562945 0.013640 0.042188 0.999017 -0.092542 0.000000 0.000000 0.000000 1.000000
0.999680 0.020779 -0.014392 0.000000 -0.021352 0.998935 -0.040893 0.563182 0.013527 0.041187 0.999060 -0.092542 0.000000 0.000000 0.000000 1.000000
0.999726 0.018804 -0.013920 0.000000 -0.019324 0.999082 -0.038222 0.563433 0.013188 0.038480 0.999172 -0.092542 0.000000 0.000000 0.000000 1.000000
0.999774 0.016672 -0.013204 0.000000 -0.017116 0.999267 -0.034230 0.563689 0.012623 0.034448 0.999327 -0.092542 0.000000 0.000000 0.000000 1.000000
0.999821 0.014433 -0.012262 0.000000 -0.014787 0.999461 -0.029293 0.563943 0.011833 0.029469 0.999496 -0.092542 0.000000 0.000000 0.000000 1.000000
0.999865 0.012133 -0.011109 0.000000 -0.012395 0.999640 -0.023789 0.564187 0.010817 0.023923 0.999655 -0.092542 0.000000 0.000000 0.000000 1.000000
0.999904 0.009824 -0.009755 0.000000 -0.009999 0.999786 -0.018094 0.564414 0.009575 0.018190 0.999789 -0.092542 0.000000 0.000000 0.000000 1.000000
0.999938 0.007554 -0.008205 0.000000 -0.007657 0.999891 -0.012588 0.564617 0.008109 0.012650 0.999887 -0.092542 0.000000 0.000000 0.000000 1.000000
0.999965 0.005379 -0.006459 0.000000 -0.005428 0.999956 -0.007647 0.564788 0.006418 0.007682 0.999950 -0.092542 0.000000 0.000000 0.000000 1.000000
0.999984 0.003353 -0.004515 0.000000 -0.003370 0.999988 -0.003651 0.564919 0.004502 0.003666 0.999983 -0.092542 0.000000 0.000000 0.000000 1.000000
0.999996 0.001539 -0.002364 0.000000 -0.001541 0.999998 -0.000976 0.565004 0.002363 0.000979 0.999997 -0.092542 0.000000 0.000000 0.000000 1.000000
1.000000 -0.000000 -0.000000 0.000000 0.000000 1.000000 -0.000000 0.565033 0.000000 -0.000000 1.000000 -0.092542 0.000000 0.000000 0.000000 1.000000
0.999995 -0.001361 0.002802 0.000000 0.001362 0.999999 -0.000343 0.565033 -0.002802 0.000347 0.999996 -0.092542 0.000000 0.000000 0.000000 1.000000
0.999977 -0.002677 0.006185 0.000000 0.002686 0.999996 -0.001307 0.565033 -0.006181 0.001324 0.999980 -0.092542 0.000000 0.000000 0.000000 1.000000
0.999942 -0.003935 0.010035 0.000000 0.003963 0.999988 -0.002798 0.565033 -0.010024 0.002838 0.999946 -0.092542 0.000000 0.000000 0.000000 1.000000
0.999885 -0.005119 0.014240 0.000000 0.005187 0.999975 -0.004719 0.565033 -0.014216 0.004792 0.999887 -0.092542 0.000000 0.000000 0.000000 1.000000
0.999806 -0.006216 0.018686 0.000000 0.006348 0.999956 -0.006975 0.565033 -0.018642 0.007092 0.999801 -0.092542 0.000000 0.000000 0.000000 1.000000
0.999703 -0.007215 0.023259 0.000000 0.007437 0.999928 -0.009470 0.565033 -0.023189 0.009640 0.999685 -0.092542 0.000000 0.000000 0.000000 1.000000
0.999579 -0.008108 0.027842 0.000000 0.008448 0.999891 -0.012108 0.565033 -0.027741 0.012338 0.999539 -0.092542 0.000000 0.000000 0.000000 1.000000
0.999438 -0.008888 0.032322 0.000000 0.009370 0.999847 -0.014794 0.565033 -0.032185 0.015088 0.999368 -0.092542 0.000000 0.000000 0.000000 1.000000
0.999285 -0.009554 0.036581 0.000000 0.010197 0.999796 -0.017431 0.565033 -0.036407 0.017792 0.999179 -0.092542 0.000000 0.000000 0.000000 1.000000
0.999128 -0.010106 0.040503 0.000000 0.010919 0.999742 -0.019926 0.565033 -0.040291 0.020351 0.998981 -0.092542 0.000000 0.000000 0.000000 1.000000
0.998977 -0.010545 0.043973 0.000000 0.011529 0.999687 -0.022181 0.565033 -0.043725 0.022665 0.998786 -0.092542 0.000000 0.000000 0.000000 1.000000
0.998842 -0.010878 0.046873 0.000000 0.012018 0.999637 -0.024101 0.565033 -0.046594 0.024636 0.998610 -0.092542 0.000000 0.000000 0.000000 1.000000
0.998733 -0.011110 0.049088 0.000000 0.012377 0.999596 -0.025591 0.565033 -0.048784 0.026166 0.998467 -0.092542 0.000000 0.000000 0.000000 1.000000
0.998661 -0.011246 0.050502 0.000000 0.012599 0.999568 -0.026555 0.565033 -0.050182 0.027156 0.998371 -0.092542 0.000000 0.000000 0.000000 1.000000
0.998635 -0.011291 0.050999 0.000000 0.012675 0.999558 -0.026898 0.565033 -0.050673 0.027507 0.998336 -0.092542 0.000000 0.000000 0.000000 1.000000
0.998645 -0.011305 0.050788 0.000000 0.012673 0.999563 -0.026703 0.565033 -0.050463 0.027310 0.998352 -0.092542 0.000000 0.000000 0.000000 1.000000
0.998676 -0.011338 0.050170 0.000000 0.012662 0.999578 -0.026145 0.565033 -0.049852 0.026745 0.998398 -0.092542 0.000000 0.000000 0.000000 1.000000
0.998725 -0.011378 0.049172 0.000000 0.012632 0.999601 -0.025264 0.565033 -0.048865 0.025853 0.998471 -0.092542 0.000000 0.000000 0.000000 1.000000
0.998791 -0.011410 0.047822 0.000000 0.012573 0.999630 -0.024101 0.565033 -0.047529 0.024673 0.998565 -0.092542 0.000000 0.000000 0.000000 1.000000
0.998870 -0.011419 0.046144 0.000000 0.012477 0.999665 -0.022696 0.565033 -0.045870 0.023246 0.998677 -0.092542 0.000000 0.000000 0.000000 1.000000
0.998959 -0.011392 0.044166 0.000000 0.012332 0.999702 -0.021089 0.565033 -0.043913 0.021612 0.998802 -0.092542 0.000000 0.000000 0.000000 1.000000
0.999057 -0.011313 0.041915 0.000000 0.012131 0.999740 -0.019320 0.565033 -0.041686 0.019811 0.998934 -0.092542 0.000000 0.000000 0.000000 1.000000
0.999160 -0.011169 0.039417 0.000000 0.011864 0.999778 -0.017431 0.565033 -0.039213 0.017884 0.999071 -0.092542 0.000000 0.000000 0.000000 1.000000
0.999266 -0.010946 0.036699 0.000000 0.011520 0.999814 -0.015461 0.565033 -0.036523 0.015872 0.999207 -0.092542 0.000000 0.000000 0.000000 1.000000
0.999372 -0.010631 0.033788 0.000000 0.011090 0.999848 -0.013450 0.565033 -0.033640 0.013817 0.999339 -0.092542 0.000000 0.000000 0.000000 1.000000
0.999476 -0.010210 0.030711 0.000000 0.010566 0.999879 -0.011440 0.565033 -0.030591 0.011758 0.999463 -0.092542 0.000000 0.000000 0.000000 1.000000
0.999575 -0.009673 0.027496 0.000000 0.009937 0.999906 -0.009469 0.565033 -0.027401 0.009738 0.999577 -0.092542 0.000000 0.000000 0.000000 1.000000
0.999667 -0.009008 0.024169 0.000000 0.009194 0.999929 -0.007580 0.565033 -0.024099 0.007799 0.999679 -0.092542 0.000000 0.000000 0.000000 1.000000
0.999751 -0.008205 0.020757 0.000000 0.008327 0.999948 -0.005811 0.565033 -0.020708 0.005982 0.999768 -0.092542 0.000000 0.000000 0.000000 1.000000
0.999824 -0.007254 0.017288 0.000000 0.007328 0.999964 -0.004203 0.565033 -0.017257 0.004329 0.999842 -0.092542 0.000000 0.000000 0.000000 1.000000
0.999886 -0.006146 0.013787 0.000000 0.006185 0.999977 -0.002798 0.565033 -0.013770 0.002883 0.999901 -0.092542 0.000000 0.000000 0.000000 1.000000
0.999935 -0.004874 0.010283 0.000000 0.004891 0.999987 -0.001634 0.565033 -0.010275 0.001685 0.999946 -0.092542 0.000000 0.000000 0.000000 1.000000
0.999971 -0.003430 0.006800 0.000000 0.003435 0.999994 -0.000753 0.565033 -0.006797 0.000777 0.999977 -0.092542 0.000000 0.000000 0.000000 1.000000
0.999993 -0.001807 0.003364 0.000000 0.001808 0.999998 -0.000195 0.565033 -0.003363 0.000201 0.999994 -0.092542 0.000000 0.000000 0.000000 1.000000
1.000000 -0.000000 -0.000000 0.000000 0.000000 1.000000 -0.000000 0.565033 0.000000 -0.000000 1.000000 -0.092542 0.000000 0.000000 0.000000 1.000000
0.999989 0.002786 -0.003727 0.000000 -0.002788 0.999996 -0.000485 0.565033 0.003726 0.000495 0.999993 -0.092542 0.000000 0.000000 0.000000 1.000000
0.999941 0.007158 -0.008182 0.000000 -0.007174 0.999973 -0.001865 0.565033 0.008168 0.001924 0.999965 -0.092542 0.000000 0.000000 0.000000 1.000000
0.999830 0.012836 -0.013235 0.000000 -0.012891 0.999909 -0.004031 0.565033 0.013182 0.004201 0.999904 -0.092542 0.000000 0.000000 0.000000 1.000000
0.999633 0.019542 -0.018761 0.000000 -0.019674 0.999783 -0.006872 0.565033 0.018622 0.007239 0.999800 -0.092542 0.000000 0.000000 0.000000 1.000000
0.999332 0.026998 -0.024631 0.000000 -0.027258 0.999576 -0.010278 0.565033 0.024343 0.010942 0.999644 -0.092542 0.000000 0.000000 0.000000 1.000000
0.998918 0.034928 -0.030713 0.000000 -0.035376 0.999274 -0.014137 0.565033 0.030197 0.015208 0.999428 -0.092542 0.000000 0.000000 0.000000 1.000000
0.998392 0.043064 -0.036871 0.000000 -0.043762 0.998874 -0.018338 0.565033 0.036040 0.019922 0.999152 -0.092542 0.000000 0.000000 0.000000 1.000000
0.997767 0.051139 -0.042960 0.000000 -0.052151 0.998380 -0.022770 0.565033 0.041726 0.024959 0.998817 -0.092542 0.000000 0.000000 0.000000 1.000000
0.997069 0.058896 -0.048827 0.000000 -0.060278 0.997808 -0.027322 0.565033 0.047110 0.030185 0.998434 -0.092542 0.000000 0.000000 0.000000 1.000000
0.996335 0.066083 -0.054311 0.000000 -0.067877 0.997184 -0.031885 0.565033 0.052051 0.035454 0.998015 -0.092542 0.000000 0.000000 0.000000 1.000000
0.995611 0.072454 -0.059244 0.000000 -0.074685 0.996544 -0.036349 0.565033 0.056406 0.040614 0.997582 -0.092542 0.000000 0.000000 0.000000 1.000000
0.994950 0.077771 -0.063452 0.000000 -0.080438 0.995932 -0.040606 0.565033 0.060035 0.045505 0.997158 -0.092542 0.000000 0.000000 0.000000 1.000000
0.994411 0.081801 -0.066752 0.000000 -0.084873 0.995395 -0.044550 0.565033 0.062800 0.049967 0.996775 -0.092542 0.000000 0.000000 0.000000 1.000000
0.994050 0.084312 -0.068960 0.000000 -0.087726 0.994984 -0.048075 0.565033 0.064561 0.053839 0.996460 -0.092542 0.000000 0.000000 0.000000 1.000000
0.993920 0.085074 -0.069892 0.000000 -0.088736 0.994745 -0.051075 0.565033 0.065179 0.056967 0.996246 -0.092542 0.000000 0.000000 0.000000 1.000000
0.994030 0.084233 -0.069345 0.000000 -0.088035 0.994667 -0.053730 0.564756 0.064449 0.059514 0.996145 -0.092542 0.000000 0.000000 0.000000 1.000000
0.994331 0.082202 -0.067449 0.000000 -0.086049 0.994701 -0.056265 0.564002 0.062467 0.061750 0.996135 -0.092542 0.000000 0.000000 0.000000 1.000000
0.994773 0.079147 -0.064520 0.000000 -0.082955 0.994826 -0.058643 0.562892 0.059545 0.063689 0.996192 -0.092542 0.000000 0.000000 0.000000 1.000000
0.995306 0.075230 -0.060873 0.000000 -0.078929 0.995023 -0.060829 0.561543 0.055994 0.065348 0.996290 -0.092542 0.000000 0.000000 0.000000 1.000000
0.995884 0.070608 -0.056829 0.000000 -0.074148 0.995269 -0.062784 0.560076 0.052127 0.066740 0.996408 -0.092542 0.000000 0.000000 0.000000 1.000000
0.996464 0.065437 -0.052711 0.000000 -0.068787 0.995546 -0.064471 0.558608 0.048257 0.067869 0.996526 -0.092542 0.000000 0.000000 0.000000 1.000000
0.997011 0.059868 -0.048845 0.000000 -0.063024 0.995837 -0.065853 0.557260 0.044699 0.068734 0.996633 -0.092542 0.000000 0.000000 0.000000 1.000000
0.997498 0.054054 -0.045561 0.000000 -0.057035 0.996129 -0.066890 0.556150 0.041768 0.069322 0.996720 -0.092542 0.000000 0.000000 0.000000 1.000000
0.997906 0.048148 -0.043189 0.000000 -0.050999 0.996412 -0.067548 0.555396 0.039782 0.069609 0.996781 -0.092542 0.000000 0.000000 0.000000 1.000000
0.998219 0.042302 -0.042063 0.000000 -0.045093 0.996680 -0.067787 0.555118 0.039056 0.069563 0.996813 -0.092542 0.000000 0.000000 0.000000 1.000000
0.998496 0.035620 -0.041686 0.000000 -0.038394 0.996963 -0.067754 0.555498 0.039146 0.069252 0.996831 -0.092542 0.000000 0.000000 0.000000 1.000000
0.998768 0.027447 -0.041344 0.000000 -0.030205 0.997254 -0.067620 0.556529 0.039374 0.068786 0.996854 -0.092542 0.000000 0.000000 0.000000 1.000000
0.998990 0.018300 -0.041038 0.000000 -0.021042 0.997505 -0.067389 0.558048 0.039703 0.068185 0.996882 -0.092542 0.000000 0.000000 0.000000 1.000000
0.999131 0.008698 -0.040775 0.000000 -0.011422 0.997683 -0.067063 0.559892 0.040097 0.067470 0.996915 -0.092542 0.000000 0.000000 0.000000 1.000000
0.999177 -0.000843 -0.040556 0.000000 -0.001863 0.997775 -0.066646 0.561900 0.040522 0.066667 0.996952 -0.092542 0.000000 0.000000 0.000000 1.000000
0.999136 -0.009804 -0.040384 0.000000 0.007117 0.997785 -0.066144 0.563907 0.040943 0.065800 0.996993 -0.092542 0.000000 0.000000 0.000000 1.000000
0.999033 -0.017666 -0.040260 0.000000 0.015001 0.997736 -0.065565 0.565751 0.041327 0.064898 0.997036 -0.092542 0.000000 0.000000 0.000000 1.000000
0.998906 -0.023913 -0.040183 0.000000 0.021272 0.997664 -0.064917 0.567270 0.041642 0.063991 0.997081 -0.092542 0.000000 0.000000 0.000000 1.000000
0.998800 -0.028027 -0.040151 0.000000 0.025413 0.997613 -0.064207 0.568301 0.041854 0.063109 0.997129 -0.092542 0.000000 0.000000 0.000000 1.000000
0.998758 -0.029492 -0.040157 0.000000 0.026908 0.997623 -0.063443 0.568681 0.041933 0.062284 0.997177 -0.092542 0.000000 0.000000 0.000000 1.000000
0.998782 -0.028577 -0.040220 0.000000 0.026023 0.997697 -0.062643 0.568634 0.041917 0.061520 0.997225 -0.092542 0.000000 0.000000 0.000000 1.000000
0.998846 -0.026058 -0.040346 0.000000 0.023534 0.997810 -0.061818 0.568503 0.041868 0.060797 0.997272 -0.092542 0.000000 0.000000 0.000000 1.000000
0.998933 -0.022181 -0.040511 0.000000 0.019686 0.997946 -0.060966 0.568301 0.041780 0.060104 0.997317 -0.092542 0.000000 0.000000 0.000000 1.000000
0.999024 -0.017191 -0.040691 0.000000 0.014727 0.998085 -0.060085 0.568041 0.041646 0.059427 0.997364 -0.092542 0.000000 0.000000 0.000000 1.000000
0.999100 -0.011334 -0.040865 0.000000 0.008904 0.998208 -0.059173 0.567735 0.041462 0.058756 0.997411 -0.092542 0.000000 0.000000 0.000000 1.000000
0.999147 -0.004856 -0.041009 0.000000 0.002462 0.998300 -0.058227 0.567397 0.041222 0.058077 0.997461 -0.092542 0.000000 0.000000 0.000000 1.000000
0.999153 0.001997 -0.041102 0.000000 -0.004350 0.998351 -0.057247 0.567039 0.040920 0.057378 0.997514 -0.092542 0.000000 0.000000 0.000000 1.000000
0.999114 0.008978 -0.041124 0.000000 -0.011286 0.998354 -0.056232 0.566675 0.040552 0.056646 0.997570 -0.092542 0.000000 0.000000 0.000000 1.000000
0.999031 0.015841 -0.041056 0.000000 -0.018097 0.998312 -0.055180 0.566317 0.040112 0.055869 0.997632 -0.092542 0.000000 0.000000 0.000000 1.000000
0.998914 0.022339 -0.040878 0.000000 -0.024537 0.998235 -0.054091 0.565979 0.039597 0.055035 0.997699 -0.092542 0.000000 0.000000 0.000000 1.000000
0.998778 0.028226 -0.040574 0.000000 -0.030359 0.998135 -0.052965 0.565673 0.039003 0.054132 0.997772 -0.092542 0.000000 0.000000 0.000000 1.000000
0.998641 0.033255 -0.040126 0.000000 -0.035316 0.998033 -0.051803 0.565413 0.038325 0.053150 0.997851 -0.092542 0.000000 0.000000 0.000000 1.000000
0.998527 0.037181 -0.039522 0.000000 -0.039162 0.997951 -0.050604 0.565211 0.037559 0.052077 0.997937 -0.092542 0.000000 0.000000 0.000000 1.000000
0.998458 0.039756 -0.038745 0.000000 -0.041650 0.997912 -0.049369 0.565080 0.036702 0.050907 0.998029 -0.092542 0.000000 0.000000 0.000000 1.000000
0.998455 0.040736 -0.037786 0.000000 -0.042535 0.997937 -0.048098 0.565033 0.035749 0.049631 0.998128 -0.092542 0.000000 0.000000 0.000000 1.000000
0.998507 0.040542 -0.036615 0.000000 -0.042237 0.998012 -0.046777 0.565033 0.034645 0.048254 0.998234 -0.092542 0.000000 0.000000 0.000000 1.000000
0.998586 0.039807 -0.035232 0.000000 -0.041390 0.998111 -0.045397 0.565033 0.033358 0.046791 0.998348 -0.092542 0.000000 0.000000 0.000000 1.000000
0.998687 0.038599 -0.033669 0.000000 -0.040064 0.998229 -0.043964 0.565033 0.031912 0.045256 0.998466 -0.092542 0.000000 0.000000 0.000000 1.000000
0.998805 0.036985 -0.031959 0.000000 -0.038328 0.998362 -0.042484 0.565033 0.030335 0.043658 0.998586 -0.092542 0.000000 0.000000 0.000000 1.000000
0.998932 0.035033 -0.030132 0.000000 -0.036254 0.998503 -0.040962 0.565033 0.028652 0.042011 0.998706 -0.092542 0.000000 0.000000 0.000000 1.000000
0.999063 0.032810 -0.028221 0.000000 -0.033909 0.998648 -0.039404 0.565033 0.026890 0.040324 0.998825 -0.092542 0.000000 0.000000 0.000000 1.000000
0.999193 0.030384 -0.026256 0.000000 -0.031365 0.998792 -0.037816 0.565033 0.025075 0.038609 0.998940 -0.092542 0.000000 0.000000 0.000000 1.000000
0.999318 0.027823 -0.024268 0.000000 -0.028692 0.998932 -0.036203 0.565033 0.023234 0.036875 0.999050 -0.092542 0.000000 0.000000 0.000000 1.000000
0.999434 0.025197 -0.022286 0.000000 -0.025958 0.999065 -0.034573 0.565033 0.021394 0.035131 0.999154 -0.092542 0.000000 0.000000 0.000000 1.000000
0.999538 0.022573 -0.020339 0.000000 -0.023235 0.999188 -0.032929 0.565033 0.019579 0.033387 0.999251 -0.092542 0.000000 0.000000 0.000000 1.000000
0.999629 0.020021 -0.018458 0.000000 -0.020592 0.999299 -0.031279 0.565033 0.017819 0.031648 0.999340 -0.092542 0.000000 0.000000 0.000000 1.000000
0.999706 0.017611 -0.016670 0.000000 -0.018100 0.999397 -0.029629 0.565033 0.016138 0.029922 0.999422 -0.092542 0.000000 0.000000 0.000000 1.000000
0.999769 0.015412 -0.015002 0.000000 -0.015827 0.999483 -0.027984 0.565033 0.014563 0.028215 0.999496 -0.092542 0.000000 0.000000 0.000000 1.000000
0.999818 0.013493 -0.013484 0.000000 -0.013845 0.999557 -0.026352 0.565033 0.013122 0.026533 0.999562 -0.092542 0.000000 0.000000 0.000000 1.000000
0.999855 0.011926 -0.012140 0.000000 -0.012223 0.999619 -0.024736 0.565033 0.011841 0.024881 0.999620 -0.092542 0.000000 0.000000 0.000000 1.000000
0.999885 0.010584 -0.010898 0.000000 -0.010832 0.999676 -0.023024 0.565033 0.010651 0.023139 0.999676 -0.092542 0.000000 0.000000 0.000000 1.000000
0.999910 0.009296 -0.009673 0.000000 -0.009499 0.999732 -0.021124 0.565033 0.009474 0.021214 0.999730 -0.092542 0.000000 0.000000 0.000000 1.000000
0.999932 0.008069 -0.008475 0.000000 -0.008229 0.999784 -0.019084 0.565033 0.008320 0.019152 0.999782 -0.092542 0.000000 0.000000 0.000000 1.000000
0.999949 0.006906 -0.007317 0.000000 -0.007029 0.999832 -0.016947 0.565033 0.007198 0.016997 0.999830 -0.092542 0.000000 0.000000 0.000000 1.000000
0.999964 0.005812 -0.006207 0.000000 -0.005903 0.999874 -0.014758 0.565033 0.006121 0.014794 0.999872 -0.092542 0.000000 0.000000 0.000000 1.000000
0.999975 0.004793 -0.005157 0.000000 -0.004858 0.999909 -0.012564 0.565033 0.005097 0.012589 0.999908 -0.092542 0.000000 0.000000 0.000000 1.000000
0.999984 0.003855 -0.004177 0.000000 -0.003898 0.999938 -0.010409 0.565033 0.004137 0.010425 0.999937 -0.092542 0.000000 0.000000 0.000000 1.000000
0.999990 0.003003 -0.003277 0.000000 -0.003031 0.999961 -0.008338 0.565033 0.003251 0.008348 0.999960 -0.092542 0.000000 0.000000 0.000000 1.000000
0.999994 0.002245 -0.002465 0.000000 -0.002261 0.999977 -0.006397 0.565033 0.002451 0.006403 0.999977 -0.092542 0.000000 0.000000 0.000000 1.000000
0.999997 0.001585 -0.001752 0.000000 -0.001593 0.999988 -0.004631 0.565033 0.001745 0.004633 0.999988 -0.092542 0.000000 0.000000 0.000000 1.000000
0.999999 0.001031 -0.001147 0.000000 -0.001035 0.999995 -0.003084 0.565033 0.001144 0.003085 0.999995 -0.092542 0.000000 0.000000 0.000000 1.000000
1.000000 0.000589 -0.000660 0.000000 -0.000591 0.999998 -0.001802 0.565033 0.000659 0.001803 0.999998 -0.092542 0.000000 0.000000 0.000000 1.000000
1.000000 0.000266 -0.000300 0.000000 -0.000266 1.000000 -0.000831 0.565033 0.000300 0.000831 1.000000 -0.092542 0.000000 0.000000 0.000000 1.000000
1.000000 0.000067 -0.000077 0.000000 -0.000067 1.000000 -0.000215 0.565033 0.000077 0.000215 1.000000 -0.092542 0.000000 0.000000 0.000000 1.000000
1.000000 -0.000000 -0.000000 0.000000 0.000000 1.000000 -0.000000 0.565033 0.000000 -0.000000 1.000000 -0.092542 0.000000 0.000000 0.000000 1.000000</float_array><technique_common><accessor source="#Root-Matrix-animation-output-transform-array" count="181" stride="16"><param type="float4x4"/></accessor></technique_common></source><source id="Root-Interpolations"><Name_array id="Root-Interpolations-array" count="181">
 LINEAR LINEAR LINEAR LINEAR LINEAR LINEAR LINEAR LINEAR LINEAR LINEAR LINEAR
LINEAR LINEAR LINEAR LINEAR LINEAR LINEAR LINEAR LINEAR LINEAR LINEAR LINEAR LINEAR
LINEAR LINEAR LINEAR LINEAR LINEAR LINEAR LINEAR LINEAR LINEAR LINEAR LINEAR LINEAR
LINEAR LINEAR LINEAR LINEAR LINEAR LINEAR LINEAR LINEAR LINEAR LINEAR LINEAR LINEAR
LINEAR LINEAR LINEAR LINEAR LINEAR LINEAR LINEAR LINEAR LINEAR LINEAR LINEAR LINEAR
LINEAR LINEAR LINEAR LINEAR LINEAR LINEAR LINEAR LINEAR LINEAR LINEAR LINEAR LINEAR
LINEAR LINEAR LINEAR LINEAR LINEAR LINEAR LINEAR LINEAR LINEAR LINEAR LINEAR LINEAR
LINEAR LINEAR LINEAR LINEAR LINEAR LINEAR LINEAR LINEAR LINEAR LINEAR LINEAR LINEAR
LINEAR LINEAR LINEAR LINEAR LINEAR LINEAR LINEAR LINEAR LINEAR LINEAR LINEAR LINEAR
LINEAR LINEAR LINEAR LINEAR LINEAR LINEAR LINEAR LINEAR LINEAR LINEAR LINEAR LINEAR
LINEAR LINEAR LINEAR LINEAR LINEAR LINEAR LINEAR LINEAR LINEAR LINEAR LINEAR LINEAR
LINEAR LINEAR LINEAR LINEAR LINEAR LINEAR LINEAR LINEAR LINEAR LINEAR LINEAR LINEAR
LINEAR LINEAR LINEAR LINEAR LINEAR LINEAR LINEAR LINEAR LINEAR LINEAR LINEAR LINEAR
LINEAR LINEAR LINEAR LINEAR LINEAR LINEAR LINEAR LINEAR LINEAR LINEAR LINEAR LINEAR
LINEAR LINEAR LINEAR LINEAR LINEAR LINEAR LINEAR LINEAR LINEAR LINEAR LINEAR LINEAR
LINEAR LINEAR</Name_array><technique_common><accessor source="#Root-Interpolations-array" count="181"><param type="name"/></accessor></technique_common></source><sampler id="Root-Matrix-animation-transform"><input semantic="INPUT" source="#Root-Matrix-animation-input"/><input semantic="OUTPUT" source="#Root-Matrix-animation-output-transform"/><input semantic="INTERPOLATION" source="#Root-Interpolations"/></sampler><channel source="#Root-Matrix-animation-transform" target="Root/matrix"/></animation><animation><source id="Root-visibility-animation-input"><float_array id="Root-visibility-animation-input-array" count="181">

0.033333 0.066667 0.100000 0.133333 0.166667 0.200000 0.233333 0.266667 0.300000 0.333333 0.366667 0.400000 0.433333 0.466667 0.500000 0.533333
0.566667 0.600000 0.633333 0.666667 0.700000 0.733333 0.766667 0.800000 0.833333 0.866667 0.900000 0.933333 0.966667 1.000000 1.033333 1.066667
1.100000 1.133333 1.166667 1.200000 1.233333 1.266667 1.300000 1.333333 1.366667 1.400000 1.433333 1.466667 1.500000 1.533333 1.566667 1.600000
1.633333 1.666667 1.700000 1.733333 1.766667 1.800000 1.833333 1.866667 1.900000 1.933333 1.966667 2.000000 2.033333 2.066667 2.100000 2.133333
2.166667 2.200000 2.233333 2.266667 2.300000 2.333333 2.366667 2.400000 2.433333 2.466667 2.500000 2.533333 2.566667 2.600000 2.633333 2.666667
2.700000 2.733333 2.766667 2.800000 2.833333 2.866667 2.900000 2.933333 2.966667 3.000000 3.033333 3.066667 3.100000 3.133333 3.166667 3.200000
3.233333 3.266667 3.300000 3.333333 3.366667 3.400000 3.433333 3.466667 3.500000 3.533333 3.566667 3.600000 3.633333 3.666667 3.700000 3.733333
3.766667 3.800000 3.833333 3.866667 3.900000 3.933333 3.966667 4.000000 4.033333 4.066667 4.100000 4.133333 4.166667 4.200000 4.233333 4.266667
4.300000 4.333333 4.366667 4.400000 4.433333 4.466667 4.500000 4.533333 4.566667 4.600000 4.633333 4.666667 4.700000 4.733333 4.766667 4.800000
4.833333 4.866667 4.900000 4.933333 4.966667 5.000000 5.033333 5.066667 5.100000 5.133333 5.166667 5.200000 5.233333 5.266667 5.300000 5.333333
5.366667 5.400000 5.433333 5.466667 5.500000 5.533333 5.566667 5.600000 5.633333 5.666667 5.700000 5.733333 5.766667 5.800000 5.833333 5.866667
5.900000 5.933333 5.966667 6.000000 6.033333</float_array><technique_common><accessor source="#Root-visibility-animation-input-array" count="181"><param name="TIME" type="float"/></accessor></technique_common></source><source id="Root-visibility-animation-output"><float_array id="Root-visibility-animation-output-array" count="181">

1.000000 1.000000 1.000000 1.000000 1.000000 1.000000 1.000000 1.000000 1.000000 1.000000 1.000000 1.000000 1.000000 1.000000 1.000000 1.000000
1.000000 1.000000 1.000000 1.000000 1.000000 1.000000 1.000000 1.000000 1.000000 1.000000 1.000000 1.000000 1.000000 1.000000 1.000000 1.000000
1.000000 1.000000 1.000000 1.000000 1.000000 1.000000 1.000000 1.000000 1.000000 1.000000 1.000000 1.000000 1.000000 1.000000 1.000000 1.000000
1.000000 1.000000 1.000000 1.000000 1.000000 1.000000 1.000000 1.000000 1.000000 1.000000 1.000000 1.000000 1.000000 1.000000 1.000000 1.000000
1.000000 1.000000 1.000000 1.000000 1.000000 1.000000 1.000000 1.000000 1.000000 1.000000 1.000000 1.000000 1.000000 1.000000 1.000000 1.000000
1.000000 1.000000 1.000000 1.000000 1.000000 1.000000 1.000000 1.000000 1.000000 1.000000 1.000000 1.000000 1.000000 1.000000 1.000000 1.000000
1.000000 1.000000 1.000000 1.000000 1.000000 1.000000 1.000000 1.000000 1.000000 1.000000 1.000000 1.000000 1.000000 1.000000 1.000000 1.000000
1.000000 1.000000 1.000000 1.000000 1.000000 1.000000 1.000000 1.000000 1.000000 1.000000 1.000000 1.000000 1.000000 1.000000 1.000000 1.000000
1.000000 1.000000 1.000000 1.000000 1.000000 1.000000 1.000000 1.000000 1.000000 1.000000 1.000000 1.000000 1.000000 1.000000 1.000000 1.000000
1.000000 1.000000 1.000000 1.000000 1.000000 1.000000 1.000000 1.000000 1.000000 1.000000 1.000000 1.000000 1.000000 1.000000 1.000000 1.000000
1.000000 1.000000 1.000000 1.000000 1.000000 1.000000 1.000000 1.000000 1.000000 1.000000 1.000000 1.000000 1.000000 1.000000 1.000000 1.000000
1.000000 1.000000 1.000000 1.000000 1.000000</float_array><technique_common><accessor source="#Root-visibility-animation-output-array" count="181"><param type="float"/></accessor></technique_common></source><source id="Root-visibility-animation-intan"><float_array id="Root-visibility-animation-intan-array" count="181">

0.000000 0.000000 0.000000 0.000000 0.000000 0.000000 0.000000 0.000000 0.000000 0.000000 0.000000 0.000000 0.000000 0.000000 0.000000 0.000000
0.000000 0.000000 0.000000 0.000000 0.000000 0.000000 0.000000 0.000000 0.000000 0.000000 0.000000 0.000000 0.000000 0.000000 0.000000 0.000000
0.000000 0.000000 0.000000 0.000000 0.000000 0.000000 0.000000 0.000000 0.000000 0.000000 0.000000 0.000000 0.000000 0.000000 0.000000 0.000000
0.000000 0.000000 0.000000 0.000000 0.000000 0.000000 0.000000 0.000000 0.000000 0.000000 0.000000 0.000000 0.000000 0.000000 0.000000 0.000000
0.000000 0.000000 0.000000 0.000000 0.000000 0.000000 0.000000 0.000000 0.000000 0.000000 0.000000 0.000000 0.000000 0.000000 0.000000 0.000000
0.000000 0.000000 0.000000 0.000000 0.000000 0.000000 0.000000 0.000000 0.000000 0.000000 0.000000 0.000000 0.000000 0.000000 0.000000 0.000000
0.000000 0.000000 0.000000 0.000000 0.000000 0.000000 0.000000 0.000000 0.000000 0.000000 0.000000 0.000000 0.000000 0.000000 0.000000 0.000000
0.000000 0.000000 0.000000 0.000000 0.000000 0.000000 0.000000 0.000000 0.000000 0.000000 0.000000 0.000000 0.000000 0.000000 0.000000 0.000000
0.000000 0.000000 0.000000 0.000000 0.000000 0.000000 0.000000 0.000000 0.000000 0.000000 0.000000 0.000000 0.000000 0.000000 0.000000 0.000000
0.000000 0.000000 0.000000 0.000000 0.000000 0.000000 0.000000 0.000000 0.000000 0.000000 0.000000 0.000000 0.000000 0.000000 0.000000 0.000000
0.000000 0.000000 0.000000 0.000000 0.000000 0.000000 0.000000 0.000000 0.000000 0.000000 0.000000 0.000000 0.000000 0.000000 0.000000 0.000000
0.000000 0.000000 0.000000 0.000000 0.000000</float_array><technique_common><accessor source="#Root-visibility-animation-intan-array" count="181"><param type="float"/></accessor></technique_common></source><source id="Root-visibility-animation-outtan"><float_array id="Root-visibility-animation-outtan-array" count="181">

0.000000 0.000000 0.000000 0.000000 0.000000 0.000000 0.000000 0.000000 0.000000 0.000000 0.000000 0.000000 0.000000 0.000000 0.000000 0.000000
0.000000 0.000000 0.000000 0.000000 0.000000 0.000000 0.000000 0.000000 0.000000 0.000000 0.000000 0.000000 0.000000 0.000000 0.000000 0.000000
0.000000 0.000000 0.000000 0.000000 0.000000 0.000000 0.000000 0.000000 0.000000 0.000000 0.000000 0.000000 0.000000 0.000000 0.000000 0.000000
0.000000 0.000000 0.000000 0.000000 0.000000 0.000000 0.000000 0.000000 0.000000 0.000000 0.000000 0.000000 0.000000 0.000000 0.000000 0.000000
0.000000 0.000000 0.000000 0.000000 0.000000 0.000000 0.000000 0.000000 0.000000 0.000000 0.000000 0.000000 0.000000 0.000000 0.000000 0.000000
0.000000 0.000000 0.000000 0.000000 0.000000 0.000000 0.000000 0.000000 0.000000 0.000000 0.000000 0.000000 0.000000 0.000000 0.000000 0.000000
0.000000 0.000000 0.000000 0.000000 0.000000 0.000000 0.000000 0.000000 0.000000 0.000000 0.000000 0.000000 0.000000 0.000000 0.000000 0.000000
0.000000 0.000000 0.000000 0.000000 0.000000 0.000000 0.000000 0.000000 0.000000 0.000000 0.000000 0.000000 0.000000 0.000000 0.000000 0.000000
0.000000 0.000000 0.000000 0.000000 0.000000 0.000000 0.000000 0.000000 0.000000 0.000000 0.000000 0.000000 0.000000 0.000000 0.000000 0.000000
0.000000 0.000000 0.000000 0.000000 0.000000 0.000000 0.000000 0.000000 0.000000 0.000000 0.000000 0.000000 0.000000 0.000000 0.000000 0.000000
0.000000 0.000000 0.000000 0.000000 0.000000 0.000000 0.000000 0.000000 0.000000 0.000000 0.000000 0.000000 0.000000 0.000000 0.000000 0.000000
0.000000 0.000000 0.000000 0.000000 0.000000</float_array><technique_common><accessor source="#Root-visibility-animation-outtan-array" count="181"><param type="float"/></accessor></technique_common></source><source id="Root-visibility-animation-interpolation"><Name_array id="Root-visibility-animation-interpolation-array" count="181">
 BEZIER BEZIER BEZIER BEZIER BEZIER BEZIER BEZIER BEZIER BEZIER BEZIER BEZIER
BEZIER BEZIER BEZIER BEZIER BEZIER BEZIER BEZIER BEZIER BEZIER BEZIER BEZIER BEZIER
BEZIER BEZIER BEZIER BEZIER BEZIER BEZIER BEZIER BEZIER BEZIER BEZIER BEZIER BEZIER
BEZIER BEZIER BEZIER BEZIER BEZIER BEZIER BEZIER BEZIER BEZIER BEZIER BEZIER BEZIER
BEZIER BEZIER BEZIER BEZIER BEZIER BEZIER BEZIER BEZIER BEZIER BEZIER BEZIER BEZIER
BEZIER BEZIER BEZIER BEZIER BEZIER BEZIER BEZIER BEZIER BEZIER BEZIER BEZIER BEZIER
BEZIER BEZIER BEZIER BEZIER BEZIER BEZIER BEZIER BEZIER BEZIER BEZIER BEZIER BEZIER
BEZIER BEZIER BEZIER BEZIER BEZIER BEZIER BEZIER BEZIER BEZIER BEZIER BEZIER BEZIER
BEZIER BEZIER BEZIER BEZIER BEZIER BEZIER BEZIER BEZIER BEZIER BEZIER BEZIER BEZIER
