<?xml version="1.0" encoding="utf-8"?>
<COLLADA xmlns="http://www.collada.org/2005/11/COLLADASchema" version="1.4.1">
  <asset><contributor><author></author><authoring_tool>FBX COLLADA exporter</authoring_tool><comments></comments></contributor><created>2014-06-06T15:03:24Z</created><keywords></keywords><modified>2014-06-06T15:03:24Z</modified><revision></revision><subject></subject><title></title><unit meter="0.010000" name="centimeter"></unit><up_axis>Y_UP</up_axis></asset>
  <library_animations>
    <animation id="Root-anim" name="Root"><animation><source id="Root-Matrix-animation-input"><float_array id="Root-Matrix-animation-input-array" count="91">

0.033333 0.066667 0.100000 0.133333 0.166667 0.200000 0.233333 0.266667 0.300000 0.333333 0.366667 0.400000 0.433333 0.466667 0.500000 0.533333
0.566667 0.600000 0.633333 0.666667 0.700000 0.733333 0.766667 0.800000 0.833333 0.866667 0.900000 0.933333 0.966667 1.000000 1.033333 1.066667
1.100000 1.133333 1.166667 1.200000 1.233333 1.266667 1.300000 1.333333 1.366667 1.400000 1.433333 1.466667 1.500000 1.533333 1.566667 1.600000
1.633333 1.666667 1.700000 1.733333 1.766667 1.800000 1.833333 1.866667 1.900000 1.933333 1.966667 2.000000 2.033333 2.066667 2.100000 2.133333
2.166667 2.200000 2.233333 2.266667 2.300000 2.333333 2.366667 2.400000 2.433333 2.466667 2.500000 2.533333 2.566667 2.600000 2.633333 2.666667
2.700000 2.733333 2.766667 2.800000 2.833333 2.866667 2.900000 2.933333 2.966667 3.000000 3.033333</float_array><technique_common><accessor source="#Root-Matrix-animation-input-array" count="91"><param name="TIME" type="float"/></accessor></technique_common></source><source id="Root-Matrix-animation-output-transform"><float_array id="Root-Matrix-animation-output-transform-array" count="1456">

0.993720 -0.036331 -0.105835 0.000000 0.059605 0.972334 0.225864 0.632539 0.094701 -0.230754 0.968393 -0.092542 0.000000 0.000000 0.000000 1.000000
0.994258 -0.037747 -0.100132 0.000078 0.059716 0.972189 0.226455 0.632539 0.088799 -0.231134 0.968861 -0.092542 0.000000 0.000000 0.000000 1.000000
0.994878 -0.039392 -0.093095 0.000284 0.059742 0.972027 0.227144 0.632539 0.081544 -0.231542 0.969401 -0.092542 0.000000 0.000000 0.000000 1.000000
0.995488 -0.041123 -0.085518 0.000574 0.059718 0.971870 0.227821 0.632539 0.073744 -0.231900 0.969940 -0.092542 0.000000 0.000000 0.000000 1.000000
0.996019 -0.042793 -0.078192 0.000907 0.059679 0.971742 0.228378 0.632539 0.066209 -0.232135 0.970428 -0.092542 0.000000 0.000000 0.000000 1.000000
0.996429 -0.044251 -0.071911 0.001241 0.059657 0.971666 0.228705 0.632539 0.059753 -0.232178 0.970836 -0.092542 0.000000 0.000000 0.000000 1.000000
0.996690 -0.045345 -0.067471 0.001531 0.059688 0.971667 0.228692 0.632539 0.055189 -0.231962 0.971158 -0.092542 0.000000 0.000000 0.000000 1.000000
0.996784 -0.045923 -0.065665 0.001737 0.059805 0.971769 0.228231 0.632539 0.053330 -0.231424 0.971390 -0.092542 0.000000 0.000000 0.000000 1.000000
0.996680 -0.045839 -0.067289 0.001815 0.060044 0.971993 0.227210 0.632539 0.054989 -0.230496 0.971518 -0.092542 0.000000 0.000000 0.000000 1.000000
0.996357 -0.045126 -0.072361 0.001677 0.060419 0.972359 0.225540 0.632539 0.060183 -0.229090 0.971543 -0.092542 0.000000 0.000000 0.000000 1.000000
0.995824 -0.043982 -0.080006 0.001296 0.060907 0.972847 0.223291 0.632539 0.068013 -0.227232 0.971463 -0.092542 0.000000 0.000000 0.000000 1.000000
0.995062 -0.042521 -0.089680 0.000721 0.061479 0.973425 0.220600 0.632539 0.077917 -0.225024 0.971233 -0.092542 0.000000 0.000000 0.000000 1.000000
0.994064 -0.040856 -0.100835 0.000001 0.062107 0.974059 0.217603 0.632539 0.089329 -0.222574 0.970815 -0.092542 0.000000 0.000000 0.000000 1.000000
0.992835 -0.039087 -0.112923 -0.000817 0.062763 0.974719 0.214437 0.632539 0.101687 -0.219988 0.970188 -0.092542 0.000000 0.000000 0.000000 1.000000
0.991405 -0.037305 -0.125396 -0.001684 0.063420 0.975375 0.211238 0.632539 0.114428 -0.217375 0.969358 -0.092542 0.000000 0.000000 0.000000 1.000000
0.989833 -0.035589 -0.137708 -0.002551 0.064049 0.975999 0.208143 0.632539 0.126995 -0.214847 0.968356 -0.092542 0.000000 0.000000 0.000000 1.000000
0.988205 -0.034006 -0.149310 -0.003369 0.064623 0.976565 0.205291 0.632539 0.138830 -0.212519 0.967245 -0.092542 0.000000 0.000000 0.000000 1.000000
0.986633 -0.032610 -0.159660 -0.004089 0.065114 0.977049 0.202819 0.632539 0.149382 -0.210504 0.966112 -0.092542 0.000000 0.000000 0.000000 1.000000
0.985248 -0.031448 -0.168217 -0.004664 0.065493 0.977427 0.200864 0.632539 0.158103 -0.208918 0.965068 -0.092542 0.000000 0.000000 0.000000 1.000000
0.984193 -0.030563 -0.174443 -0.005045 0.065733 0.977677 0.199566 0.632539 0.164449 -0.207878 0.964232 -0.092542 0.000000 0.000000 0.000000 1.000000
0.983609 -0.030001 -0.177799 -0.005183 0.065806 0.977775 0.199061 0.632539 0.167875 -0.207499 0.963723 -0.092542 0.000000 0.000000 0.000000 1.000000
0.983436 -0.029636 -0.178815 -0.005096 0.065783 0.977634 0.199762 0.632539 0.168896 -0.208216 0.963390 -0.092542 0.000000 0.000000 0.000000 1.000000
0.983537 -0.029340 -0.178307 -0.004853 0.065731 0.977225 0.201769 0.632539 0.168326 -0.210167 0.963066 -0.092542 0.000000 0.000000 0.000000 1.000000
0.983929 -0.029166 -0.176164 -0.004475 0.065609 0.976612 0.204757 0.632539 0.166072 -0.213024 0.962830 -0.092542 0.000000 0.000000 0.000000 1.000000
0.984617 -0.029177 -0.172274 -0.003985 0.065380 0.975856 0.208400 0.632539 0.162034 -0.216457 0.962752 -0.092542 0.000000 0.000000 0.000000 1.000000
0.985597 -0.029439 -0.166527 -0.003407 0.065006 0.975024 0.212373 0.632539 0.156115 -0.220139 0.962895 -0.092542 0.000000 0.000000 0.000000 1.000000
0.986853 -0.030017 -0.158807 -0.002764 0.064447 0.974186 0.216351 0.632539 0.148214 -0.223741 0.963313 -0.092542 0.000000 0.000000 0.000000 1.000000
0.988352 -0.030966 -0.149000 -0.002079 0.063667 0.973417 0.220011 0.632539 0.138227 -0.226935 0.964051 -0.092542 0.000000 0.000000 0.000000 1.000000
0.990045 -0.032329 -0.136987 -0.001374 0.062625 0.972798 0.223032 0.632539 0.126050 -0.229390 0.965138 -0.092542 0.000000 0.000000 0.000000 1.000000
0.991864 -0.034121 -0.122641 -0.000674 0.061284 0.972409 0.225090 0.632539 0.111577 -0.230775 0.966589 -0.092542 0.000000 0.000000 0.000000 1.000000
0.993720 -0.036331 -0.105835 0.000000 0.059605 0.972334 0.225864 0.632539 0.094701 -0.230754 0.968393 -0.092542 0.000000 0.000000 0.000000 1.000000
0.996334 -0.034729 -0.078180 0.000640 0.051380 0.973625 0.222294 0.632539 0.068398 -0.225496 0.971840 -0.092542 0.000000 0.000000 0.000000 1.000000
0.999012 -0.026066 -0.035995 0.001282 0.033151 0.976496 0.212969 0.632539 0.029597 -0.213952 0.976396 -0.092542 0.000000 0.000000 0.000000 1.000000
0.999836 -0.011979 0.013614 0.001965 0.009014 0.979743 0.200054 0.632539 -0.015734 -0.199898 0.979690 -0.092542 0.000000 0.000000 0.000000 1.000000
0.997967 0.005171 0.063527 0.002730 -0.016918 0.982441 0.185803 0.632539 -0.061451 -0.186500 0.980531 -0.092542 0.000000 0.000000 0.000000 1.000000
0.994022 0.022177 0.106904 0.003616 -0.040519 0.984160 0.172592 0.632539 -0.101383 -0.175891 0.979175 -0.092542 0.000000 0.000000 0.000000 1.000000
0.989892 0.035253 0.137369 0.004664 -0.057678 0.984961 0.162864 0.632539 -0.129562 -0.169141 0.977039 -0.092542 0.000000 0.000000 0.000000 1.000000
0.988029 0.040454 0.148872 0.005913 -0.064306 0.985169 0.159080 0.632539 -0.140228 -0.166749 0.975977 -0.092542 0.000000 0.000000 0.000000 1.000000
0.989261 0.037354 0.141309 0.007734 -0.060153 0.985169 0.160695 0.631939 -0.133211 -0.167469 0.976836 -0.092542 0.000000 0.000000 0.000000 1.000000
0.992132 0.029374 0.121705 0.010185 -0.049404 0.985057 0.164989 0.630440 -0.115040 -0.169703 0.978758 -0.092542 0.000000 0.000000 0.000000 1.000000
0.995336 0.018545 0.094671 0.012838 -0.034623 0.984640 0.171130 0.628491 -0.090043 -0.173610 0.980689 -0.092542 0.000000 0.000000 0.000000 1.000000
0.997868 0.006882 0.064905 0.015263 -0.018382 0.983805 0.178295 0.626541 -0.062627 -0.179108 0.981834 -0.092542 0.000000 0.000000 0.000000 1.000000
0.999299 -0.003719 0.037243 0.017033 -0.003263 0.982605 0.185679 0.625042 -0.037286 -0.185670 0.981904 -0.092542 0.000000 0.000000 0.000000 1.000000
0.999795 -0.011571 0.016630 0.017718 0.008154 0.981261 0.192509 0.624442 -0.018546 -0.192334 0.981154 -0.092542 0.000000 0.000000 0.000000 1.000000
0.999844 -0.017528 0.002350 0.017502 0.016708 0.979798 0.199290 0.625139 -0.005796 -0.199220 0.979938 -0.092542 0.000000 0.000000 0.000000 1.000000
0.999681 -0.023244 -0.009867 0.016892 0.024782 0.978076 0.206767 0.626937 0.004845 -0.206945 0.978341 -0.092542 0.000000 0.000000 0.000000 1.000000
0.999389 -0.028406 -0.020345 0.015948 0.032114 0.976186 0.214547 0.629396 0.013766 -0.215070 0.976502 -0.092542 0.000000 0.000000 0.000000 1.000000
0.999032 -0.032719 -0.029390 0.014731 0.038445 0.974232 0.222248 0.632074 0.021361 -0.223162 0.974547 -0.092542 0.000000 0.000000 0.000000 1.000000
0.998660 -0.035891 -0.037291 0.013301 0.043514 0.972338 0.229487 0.634533 0.028023 -0.230802 0.972597 -0.092542 0.000000 0.000000 0.000000 1.000000
0.998308 -0.037633 -0.044326 0.011716 0.047064 0.970639 0.235890 0.636331 0.034147 -0.237577 0.970768 -0.092542 0.000000 0.000000 0.000000 1.000000
0.998000 -0.037655 -0.050766 0.010038 0.048835 0.969275 0.241082 0.637028 0.040128 -0.243079 0.969176 -0.092542 0.000000 0.000000 0.000000 1.000000
0.997750 -0.036726 -0.056096 0.008325 0.049410 0.968291 0.244890 0.636468 0.045323 -0.247111 0.967927 -0.092542 0.000000 0.000000 0.000000 1.000000
0.997557 -0.035851 -0.059959 0.006638 0.049653 0.967606 0.247533 0.635068 0.049142 -0.249906 0.967022 -0.092542 0.000000 0.000000 0.000000 1.000000
0.997406 -0.035076 -0.062859 0.005037 0.049719 0.967169 0.249222 0.633248 0.052054 -0.251701 0.966404 -0.092542 0.000000 0.000000 0.000000 1.000000
0.997271 -0.034432 -0.065303 0.003581 0.049766 0.966923 0.250168 0.631428 0.054529 -0.252735 0.965998 -0.092542 0.000000 0.000000 0.000000 1.000000
0.997122 -0.033944 -0.067791 0.002330 0.049948 0.966807 0.250578 0.630028 0.057036 -0.253243 0.965720 -0.092542 0.000000 0.000000 0.000000 1.000000
0.996921 -0.033632 -0.070828 0.001344 0.050423 0.966760 0.250663 0.629468 0.060043 -0.253463 0.965480 -0.092542 0.000000 0.000000 0.000000 1.000000
0.996648 -0.033509 -0.074626 0.000591 0.051225 0.966899 0.249964 0.629804 0.063780 -0.252949 0.965375 -0.092542 0.000000 0.000000 0.000000 1.000000
0.996315 -0.033564 -0.078926 -0.000012 0.052240 0.967330 0.248080 0.630714 0.068021 -0.251289 0.965519 -0.092542 0.000000 0.000000 0.000000 1.000000
0.995934 -0.033774 -0.083514 -0.000483 0.053396 0.967974 0.245307 0.632056 0.072554 -0.248769 0.965842 -0.092542 0.000000 0.000000 0.000000 1.000000
0.995521 -0.034113 -0.088176 -0.000837 0.054625 0.968753 0.241939 0.633686 0.077167 -0.245671 0.966277 -0.092542 0.000000 0.000000 0.000000 1.000000
0.995095 -0.034545 -0.092698 -0.001092 0.055856 0.969591 0.238271 0.635459 0.081649 -0.242280 0.966765 -0.092542 0.000000 0.000000 0.000000 1.000000
0.994681 -0.035026 -0.096870 -0.001263 0.057019 0.970418 0.234602 0.637232 0.085787 -0.238878 0.967253 -0.092542 0.000000 0.000000 0.000000 1.000000
0.994305 -0.035506 -0.100478 -0.001367 0.058046 0.971166 0.231228 0.638862 0.089371 -0.235744 0.967697 -0.092542 0.000000 0.000000 0.000000 1.000000
0.994000 -0.035924 -0.103315 -0.001421 0.058865 0.971775 0.228447 0.640204 0.092192 -0.233158 0.968059 -0.092542 0.000000 0.000000 0.000000 1.000000
0.993794 -0.036220 -0.105170 -0.001442 0.059408 0.972184 0.226560 0.641115 0.094039 -0.231402 0.968303 -0.092542 0.000000 0.000000 0.000000 1.000000
0.993720 -0.036331 -0.105835 -0.001445 0.059605 0.972334 0.225864 0.641450 0.094701 -0.230754 0.968393 -0.092542 0.000000 0.000000 0.000000 1.000000
0.993629 -0.036160 -0.106743 -0.001307 0.059597 0.972457 0.225333 0.641275 0.095655 -0.230259 0.968417 -0.092542 0.000000 0.000000 0.000000 1.000000
0.993373 -0.035692 -0.109254 -0.000925 0.059574 0.972798 0.223864 0.640790 0.098291 -0.228889 0.968478 -0.092542 0.000000 0.000000 0.000000 1.000000
0.992973 -0.034999 -0.113047 -0.000347 0.059539 0.973309 0.221643 0.640058 0.102273 -0.226816 0.968553 -0.092542 0.000000 0.000000 0.000000 1.000000
0.992449 -0.034154 -0.117806 0.000376 0.059496 0.973941 0.218858 0.639140 0.107261 -0.224214 0.968619 -0.092542 0.000000 0.000000 0.000000 1.000000
0.991824 -0.033227 -0.123210 0.001197 0.059447 0.974650 0.215694 0.638098 0.112919 -0.221255 0.968656 -0.092542 0.000000 0.000000 0.000000 1.000000
0.991127 -0.032284 -0.128938 0.002067 0.059395 0.975389 0.212341 0.636995 0.118909 -0.218115 0.968652 -0.092542 0.000000 0.000000 0.000000 1.000000
0.990394 -0.031378 -0.134669 0.002936 0.059343 0.976117 0.208985 0.635891 0.124895 -0.214969 0.968602 -0.092542 0.000000 0.000000 0.000000 1.000000
0.989668 -0.030559 -0.140081 0.003757 0.059294 0.976793 0.205815 0.634849 0.130541 -0.211994 0.968513 -0.092542 0.000000 0.000000 0.000000 1.000000
0.989002 -0.029866 -0.144852 0.004481 0.059250 0.977380 0.203019 0.633931 0.135512 -0.209369 0.968401 -0.092542 0.000000 0.000000 0.000000 1.000000
0.988453 -0.029333 -0.148659 0.005058 0.059216 0.977843 0.200788 0.633199 0.139476 -0.207273 0.968289 -0.092542 0.000000 0.000000 0.000000 1.000000
0.988081 -0.028989 -0.151180 0.005440 0.059193 0.978147 0.199311 0.632714 0.142098 -0.205884 0.968204 -0.092542 0.000000 0.000000 0.000000 1.000000
0.987945 -0.028867 -0.152092 0.005578 0.059185 0.978256 0.198776 0.632539 0.143047 -0.205381 0.968172 -0.092542 0.000000 0.000000 0.000000 1.000000
0.988037 -0.028925 -0.151481 0.005468 0.059193 0.978147 0.199311 0.632539 0.142405 -0.205893 0.968157 -0.092542 0.000000 0.000000 0.000000 1.000000
0.988295 -0.029099 -0.149752 0.005165 0.059216 0.977843 0.200788 0.632539 0.140592 -0.207306 0.968121 -0.092542 0.000000 0.000000 0.000000 1.000000
0.988690 -0.029388 -0.147066 0.004706 0.059250 0.977380 0.203019 0.632539 0.137773 -0.209437 0.968068 -0.092542 0.000000 0.000000 0.000000 1.000000
0.989190 -0.029793 -0.143579 0.004132 0.059294 0.976793 0.205815 0.632539 0.134116 -0.212103 0.968001 -0.092542 0.000000 0.000000 0.000000 1.000000
0.989765 -0.030316 -0.139452 0.003480 0.059343 0.976117 0.208985 0.632539 0.129786 -0.215121 0.967925 -0.092542 0.000000 0.000000 0.000000 1.000000
0.990384 -0.030953 -0.134841 0.002789 0.059395 0.975389 0.212341 0.632539 0.124950 -0.218308 0.967848 -0.092542 0.000000 0.000000 0.000000 1.000000
0.991020 -0.031696 -0.129906 0.002098 0.059447 0.974650 0.215694 0.632539 0.119776 -0.221480 0.967781 -0.092542 0.000000 0.000000 0.000000 1.000000
0.991648 -0.032533 -0.124803 0.001446 0.059496 0.973941 0.218858 0.632539 0.114430 -0.224455 0.967743 -0.092542 0.000000 0.000000 0.000000 1.000000
0.992248 -0.033442 -0.119689 0.000872 0.059539 0.973309 0.221643 0.632539 0.109082 -0.227051 0.967755 -0.092542 0.000000 0.000000 0.000000 1.000000
0.992802 -0.034399 -0.114720 0.000413 0.059574 0.972798 0.223864 0.632539 0.103898 -0.229087 0.967845 -0.092542 0.000000 0.000000 0.000000 1.000000
0.993296 -0.035373 -0.110050 0.000110 0.059597 0.972457 0.225333 0.632539 0.099049 -0.230381 0.968046 -0.092542 0.000000 0.000000 0.000000 1.000000
1.000000 -0.000000 -0.000000 0.000000 0.000000 1.000000 -0.000000 0.565033 0.000000 -0.000000 1.000000 -0.092542 0.000000 0.000000 0.000000 1.000000</float_array><technique_common><accessor source="#Root-Matrix-animation-output-transform-array" count="91" stride="16"><param type="float4x4"/></accessor></technique_common></source><source id="Root-Interpolations"><Name_array id="Root-Interpolations-array" count="91">
 LINEAR LINEAR LINEAR LINEAR LINEAR LINEAR LINEAR LINEAR LINEAR LINEAR LINEAR
LINEAR LINEAR LINEAR LINEAR LINEAR LINEAR LINEAR LINEAR LINEAR LINEAR LINEAR LINEAR
LINEAR LINEAR LINEAR LINEAR LINEAR LINEAR LINEAR LINEAR LINEAR LINEAR LINEAR LINEAR
LINEAR LINEAR LINEAR LINEAR LINEAR LINEAR LINEAR LINEAR LINEAR LINEAR LINEAR LINEAR
LINEAR LINEAR LINEAR LINEAR LINEAR LINEAR LINEAR LINEAR LINEAR LINEAR LINEAR LINEAR
LINEAR LINEAR LINEAR LINEAR LINEAR LINEAR LINEAR LINEAR LINEAR LINEAR LINEAR LINEAR
LINEAR LINEAR LINEAR LINEAR LINEAR LINEAR LINEAR LINEAR LINEAR LINEAR LINEAR LINEAR
LINEAR LINEAR LINEAR LINEAR LINEAR LINEAR LINEAR LINEAR</Name_array><technique_common><accessor source="#Root-Interpolations-array" count="91"><param type="name"/></accessor></technique_common></source><sampler id="Root-Matrix-animation-transform"><input semantic="INPUT" source="#Root-Matrix-animation-input"/><input semantic="OUTPUT" source="#Root-Matrix-animation-output-transform"/><input semantic="INTERPOLATION" source="#Root-Interpolations"/></sampler><channel source="#Root-Matrix-animation-transform" target="Root/matrix"/></animation><animation><source id="Root-visibility-animation-input"><float_array id="Root-visibility-animation-input-array" count="91">

0.033333 0.066667 0.100000 0.133333 0.166667 0.200000 0.233333 0.266667 0.300000 0.333333 0.366667 0.400000 0.433333 0.466667 0.500000 0.533333
0.566667 0.600000 0.633333 0.666667 0.700000 0.733333 0.766667 0.800000 0.833333 0.866667 0.900000 0.933333 0.966667 1.000000 1.033333 1.066667
1.100000 1.133333 1.166667 1.200000 1.233333 1.266667 1.300000 1.333333 1.366667 1.400000 1.433333 1.466667 1.500000 1.533333 1.566667 1.600000
1.633333 1.666667 1.700000 1.733333 1.766667 1.800000 1.833333 1.866667 1.900000 1.933333 1.966667 2.000000 2.033333 2.066667 2.100000 2.133333
2.166667 2.200000 2.233333 2.266667 2.300000 2.333333 2.366667 2.400000 2.433333 2.466667 2.500000 2.533333 2.566667 2.600000 2.633333 2.666667
2.700000 2.733333 2.766667 2.800000 2.833333 2.866667 2.900000 2.933333 2.966667 3.000000 3.033333</float_array><technique_common><accessor source="#Root-visibility-animation-input-array" count="91"><param name="TIME" type="float"/></accessor></technique_common></source><source id="Root-visibility-animation-output"><float_array id="Root-visibility-animation-output-array" count="91">

1.000000 1.000000 1.000000 1.000000 1.000000 1.000000 1.000000 1.000000 1.000000 1.000000 1.000000 1.000000 1.000000 1.000000 1.000000 1.000000
1.000000 1.000000 1.000000 1.000000 1.000000 1.000000 1.000000 1.000000 1.000000 1.000000 1.000000 1.000000 1.000000 1.000000 1.000000 1.000000
1.000000 1.000000 1.000000 1.000000 1.000000 1.000000 1.000000 1.000000 1.000000 1.000000 1.000000 1.000000 1.000000 1.000000 1.000000 1.000000
1.000000 1.000000 1.000000 1.000000 1.000000 1.000000 1.000000 1.000000 1.000000 1.000000 1.000000 1.000000 1.000000 1.000000 1.000000 1.000000
1.000000 1.000000 1.000000 1.000000 1.000000 1.000000 1.000000 1.000000 1.000000 1.000000 1.000000 1.000000 1.000000 1.000000 1.000000 1.000000
1.000000 1.000000 1.000000 1.000000 1.000000 1.000000 1.000000 1.000000 1.000000 1.000000 1.000000</float_array><technique_common><accessor source="#Root-visibility-animation-output-array" count="91"><param type="float"/></accessor></technique_common></source><source id="Root-visibility-animation-intan"><float_array id="Root-visibility-animation-intan-array" count="91">

0.000000 0.000000 0.000000 0.000000 0.000000 0.000000 0.000000 0.000000 0.000000 0.000000 0.000000 0.000000 0.000000 0.000000 0.000000 0.000000
0.000000 0.000000 0.000000 0.000000 0.000000 0.000000 0.000000 0.000000 0.000000 0.000000 0.000000 0.000000 0.000000 0.000000 0.000000 0.000000
0.000000 0.000000 0.000000 0.000000 0.000000 0.000000 0.000000 0.000000 0.000000 0.000000 0.000000 0.000000 0.000000 0.000000 0.000000 0.000000
0.000000 0.000000 0.000000 0.000000 0.000000 0.000000 0.000000 0.000000 0.000000 0.000000 0.000000 0.000000 0.000000 0.000000 0.000000 0.000000
0.000000 0.000000 0.000000 0.000000 0.000000 0.000000 0.000000 0.000000 0.000000 0.000000 0.000000 0.000000 0.000000 0.000000 0.000000 0.000000
0.000000 0.000000 0.000000 0.000000 0.000000 0.000000 0.000000 0.000000 0.000000 0.000000 0.000000</float_array><technique_common><accessor source="#Root-visibility-animation-intan-array" count="91"><param type="float"/></accessor></technique_common></source><source id="Root-visibility-animation-outtan"><float_array id="Root-visibility-animation-outtan-array" count="91">

0.000000 0.000000 0.000000 0.000000 0.000000 0.000000 0.000000 0.000000 0.000000 0.000000 0.000000 0.000000 0.000000 0.000000 0.000000 0.000000
0.000000 0.000000 0.000000 0.000000 0.000000 0.000000 0.000000 0.000000 0.000000 0.000000 0.000000 0.000000 0.000000 0.000000 0.000000 0.000000
0.000000 0.000000 0.000000 0.000000 0.000000 0.000000 0.000000 0.000000 0.000000 0.000000 0.000000 0.000000 0.000000 0.000000 0.000000 0.000000
0.000000 0.000000 0.000000 0.000000 0.000000 0.000000 0.000000 0.000000 0.000000 0.000000 0.000000 0.000000 0.000000 0.000000 0.000000 0.000000
0.000000 0.000000 0.000000 0.000000 0.000000 0.000000 0.000000 0.000000 0.000000 0.000000 0.000000 0.000000 0.000000 0.000000 0.000000 0.000000
0.000000 0.000000 0.000000 0.000000 0.000000 0.000000 0.000000 0.000000 0.000000 0.000000 0.000000</float_array><technique_common><accessor source="#Root-visibility-animation-outtan-array" count="91"><param type="float"/></accessor></technique_common></source><source id="Root-visibility-animation-interpolation"><Name_array id="Root-visibility-animation-interpolation-array" count="91">
 BEZIER BEZIER BEZIER BEZIER BEZIER BEZIER BEZIER BEZIER BEZIER BEZIER BEZIER
BEZIER BEZIER BEZIER BEZIER BEZIER BEZIER BEZIER BEZIER BEZIER BEZIER BEZIER BEZIER
BEZIER BEZIER BEZIER BEZIER BEZIER BEZIER BEZIER BEZIER BEZIER BEZIER BEZIER BEZIER
BEZIER BEZIER BEZIER BEZIER BEZIER BEZIER BEZIER BEZIER BEZIER BEZIER BEZIER BEZIER
BEZIER BEZIER BEZIER BEZIER BEZIER BEZIER BEZIER BEZIER BEZIER BEZIER BEZIER BEZIER
BEZIER BEZIER BEZIER BEZIER BEZIER BEZIER BEZIER BEZIER BEZIER BEZIER BEZIER BEZIER
BEZIER BEZIER BEZIER BEZIER BEZIER BEZIER BEZIER BEZIER BEZIER BEZIER BEZIER BEZIER
BEZIER BEZIER BEZIER BEZIER BEZIER BEZIER BEZIER BEZIER</Name_array><technique_common><accessor source="#Root-visibility-animation-interpolation-array" count="91"><param type="name"/></accessor></technique_common></source><sampler id="Root-visibility-animation"><input semantic="INPUT" source="#Root-visibility-animation-input"/><input semantic="OUTPUT" source="#Root-visibility-animation-output"/><input semantic="IN_TANGENT" source="#Root-visibility-animation-intan"/><input semantic="OUT_TANGENT" source="#Root-visibility-animation-outtan"/><input semantic="INTERPOLATION" source="#Root-visibility-animation-interpolation"/></sampler><channel source="#Root-visibility-animation" target="Root/visibility"/></animation></animation>
    <animation id="LeftEye-anim" name="LeftEye"><animation><source id="LeftEye-Matrix-animation-input"><float_array id="LeftEye-Matrix-animation-input-array" count="91">

0.033333 0.066667 0.100000 0.133333 0.166667 0.200000 0.233333 0.266667 0.300000 0.333333 0.366667 0.400000 0.433333 0.466667 0.500000 0.533333
0.566667 0.600000 0.633333 0.666667 0.700000 0.733333 0.766667 0.800000 0.833333 0.866667 0.900000 0.933333 0.966667 1.000000 1.033333 1.066667
1.100000 1.133333 1.166667 1.200000 1.233333 1.266667 1.300000 1.333333 1.366667 1.400000 1.433333 1.466667 1.500000 1.533333 1.566667 1.600000
1.633333 1.666667 1.700000 1.733333 1.766667 1.800000 1.833333 1.866667 1.900000 1.933333 1.966667 2.000000 2.033333 2.066667 2.100000 2.133333
2.166667 2.200000 2.233333 2.266667 2.300000 2.333333 2.366667 2.400000 2.433333 2.466667 2.500000 2.533333 2.566667 2.600000 2.633333 2.666667
2.700000 2.733333 2.766667 2.800000 2.833333 2.866667 2.900000 2.933333 2.966667 3.000000 3.033333</float_array><technique_common><accessor source="#LeftEye-Matrix-animation-input-array" count="91"><param name="TIME" type="float"/></accessor></technique_common></source><source id="LeftEye-Matrix-animation-output-transform"><float_array id="LeftEye-Matrix-animation-output-transform-array" count="1456">

0.978044 -0.102256 0.181585 0.118111 0.038537 0.945058 0.324624 0.257117 -0.204803 -0.310499 0.928249 0.233434 0.000000 0.000000 0.000000 1.000000
0.978317 -0.102879 0.179755 0.118111 0.039400 0.944502 0.326134 0.257117 -0.203331 -0.311981 0.928076 0.233434 0.000000 0.000000 0.000000 1.000000
0.979145 -0.104142 0.174441 0.118111 0.041672 0.943320 0.329257 0.257117 -0.198843 -0.315121 0.927987 0.233434 0.000000 0.000000 0.000000 1.000000
0.980389 -0.105890 0.166204 0.118111 0.045133 0.941605 0.333681 0.257117 -0.191832 -0.319636 0.927919 0.233434 0.000000 0.000000 0.000000 1.000000
0.981902 -0.107963 0.155604 0.118111 0.049559 0.939449 0.339087 0.257117 -0.182790 -0.325239 0.927797 0.233434 0.000000 0.000000 0.000000 1.000000
0.983538 -0.110206 0.143203 0.118111 0.054730 0.936946 0.345161 0.257117 -0.172212 -0.331642 0.927554 0.233434 0.000000 0.000000 0.000000 1.000000
0.985170 -0.112482 0.129571 0.118111 0.060419 0.934199 0.351600 0.257117 -0.160594 -0.338557 0.927140 0.233434 0.000000 0.000000 0.000000 1.000000
0.986690 -0.114677 0.115287 0.118111 0.066397 0.931311 0.358121 0.257117 -0.148436 -0.345700 0.926530 0.233434 0.000000 0.000000 0.000000 1.000000
0.988024 -0.116708 0.100938 0.118111 0.072431 0.928397 0.364464 0.257117 -0.136247 -0.352788 0.925731 0.233434 0.000000 0.000000 0.000000 1.000000
0.989123 -0.118519 0.087120 0.118111 0.078281 0.925571 0.370391 0.257117 -0.124534 -0.359542 0.924781 0.233434 0.000000 0.000000 0.000000 1.000000
0.989970 -0.120083 0.074431 0.118111 0.083708 0.922957 0.375691 0.257117 -0.113810 -0.365693 0.923751 0.233434 0.000000 0.000000 0.000000 1.000000
0.990573 -0.121394 0.063472 0.118111 0.088468 0.920675 0.380172 0.257117 -0.104588 -0.370972 0.922736 0.233434 0.000000 0.000000 0.000000 1.000000
0.990956 -0.122464 0.054850 0.118111 0.092318 0.918852 0.383652 0.257117 -0.097382 -0.375119 0.921847 0.233434 0.000000 0.000000 0.000000 1.000000
0.991150 -0.123309 0.049164 0.118111 0.095015 0.917610 0.385959 0.257117 -0.092706 -0.377871 0.921205 0.233434 0.000000 0.000000 0.000000 1.000000
0.991176 -0.123936 0.047016 0.118111 0.096317 0.917073 0.386910 0.257117 -0.091070 -0.378967 0.920918 0.233434 0.000000 0.000000 0.000000 1.000000
0.990981 -0.124402 0.049802 0.118111 0.095783 0.917523 0.385976 0.257117 -0.093710 -0.377724 0.921164 0.233434 0.000000 0.000000 0.000000 1.000000
0.990506 -0.124729 0.057791 0.118111 0.093381 0.919017 0.382998 0.257117 -0.100881 -0.373965 0.921940 0.233434 0.000000 0.000000 0.000000 1.000000
0.989714 -0.124822 0.069891 0.118111 0.089484 0.921341 0.378316 0.257117 -0.111616 -0.368170 0.923034 0.233434 0.000000 0.000000 0.000000 1.000000
0.988562 -0.124579 0.085004 0.118111 0.084468 0.924276 0.372262 0.257117 -0.124944 -0.360824 0.924227 0.233434 0.000000 0.000000 0.000000 1.000000
0.987033 -0.123919 0.102033 0.118111 0.078707 0.927600 0.365190 0.257117 -0.139900 -0.352424 0.925324 0.233434 0.000000 0.000000 0.000000 1.000000
0.985164 -0.122811 0.119875 0.118111 0.072570 0.931091 0.357497 0.257117 -0.155520 -0.343494 0.926189 0.233434 0.000000 0.000000 0.000000 1.000000
0.983056 -0.121287 0.137445 0.118111 0.066417 0.934531 0.349628 0.257117 -0.170852 -0.334575 0.926752 0.233434 0.000000 0.000000 0.000000 1.000000
0.980877 -0.119446 0.153667 0.118111 0.060598 0.937713 0.342085 0.257117 -0.184956 -0.326232 0.927019 0.233434 0.000000 0.000000 0.000000 1.000000
0.978854 -0.117451 0.167482 0.118111 0.055451 0.940436 0.335419 0.257117 -0.196901 -0.319039 0.927062 0.233434 0.000000 0.000000 0.000000 1.000000
0.977255 -0.115510 0.177851 0.118111 0.051308 0.942512 0.330211 0.257117 -0.205769 -0.313575 0.927000 0.233434 0.000000 0.000000 0.000000 1.000000
0.976176 -0.111579 0.186091 0.118111 0.045578 0.943958 0.326904 0.257117 -0.212137 -0.310634 0.926555 0.233434 0.000000 0.000000 0.000000 1.000000
0.975507 -0.105113 0.193229 0.118111 0.037398 0.944903 0.325208 0.257117 -0.216766 -0.310016 0.925690 0.233434 0.000000 0.000000 0.000000 1.000000
0.975273 -0.098551 0.197814 0.118111 0.029684 0.945373 0.324637 0.257117 -0.219001 -0.310738 0.924922 0.233434 0.000000 0.000000 0.000000 1.000000
0.975578 -0.094292 0.198387 0.118111 0.025352 0.945475 0.324707 0.257117 -0.218187 -0.311747 0.924775 0.233434 0.000000 0.000000 0.000000 1.000000
0.976523 -0.094719 0.193470 0.118111 0.027326 0.945354 0.324900 0.257117 -0.213671 -0.311985 0.925748 0.233434 0.000000 0.000000 0.000000 1.000000
0.978044 -0.102256 0.181585 0.118111 0.038537 0.945058 0.324624 0.257117 -0.204803 -0.310499 0.928249 0.233434 0.000000 0.000000 0.000000 1.000000
0.980303 -0.121876 0.155408 0.118111 0.066349 0.944383 0.322085 0.257117 -0.186019 -0.305430 0.933868 0.233434 0.000000 0.000000 0.000000 1.000000
0.981467 -0.153107 0.115241 0.118111 0.109740 0.942060 0.316985 0.257117 -0.157097 -0.298464 0.941403 0.233434 0.000000 0.000000 0.000000 1.000000
0.979280 -0.189696 0.070892 0.118111 0.158942 0.936892 0.311402 0.257117 -0.125490 -0.293682 0.947630 0.233434 0.000000 0.000000 0.000000 1.000000
0.973960 -0.224508 0.031582 0.118111 0.204162 0.929080 0.308430 0.257117 -0.098587 -0.293951 0.950723 0.233434 0.000000 0.000000 0.000000 1.000000
0.968214 -0.250054 0.005895 0.118111 0.235792 0.920348 0.312029 0.257117 -0.083449 -0.300721 0.950054 0.233434 0.000000 0.000000 0.000000 1.000000
0.963112 -0.268957 -0.008767 0.118111 0.257275 0.910753 0.323015 0.257117 -0.078892 -0.313355 0.946353 0.233434 0.000000 0.000000 0.000000 1.000000
0.957482 -0.287736 -0.020876 0.118111 0.277581 0.899140 0.338372 0.257117 -0.078592 -0.329779 0.940781 0.233434 0.000000 0.000000 0.000000 1.000000
0.951811 -0.305143 -0.030701 0.118111 0.295630 0.886261 0.356572 0.257117 -0.081597 -0.348466 0.933763 0.233434 0.000000 0.000000 0.000000 1.000000
0.946621 -0.320064 -0.038298 0.118111 0.310403 0.873044 0.376091 0.257117 -0.086937 -0.367904 0.925791 0.233434 0.000000 0.000000 0.000000 1.000000
0.942457 -0.331483 -0.043513 0.118111 0.320947 0.860596 0.395434 0.257117 -0.093632 -0.386645 0.917463 0.233434 0.000000 0.000000 0.000000 1.000000
0.939863 -0.338435 -0.046027 0.118111 0.326368 0.850164 0.413165 0.257117 -0.100699 -0.403340 0.909492 0.233434 0.000000 0.000000 0.000000 1.000000
0.939346 -0.339950 -0.045431 0.118111 0.325800 0.843063 0.427901 0.257117 -0.107163 -0.416749 0.902683 0.233434 0.000000 0.000000 0.000000 1.000000
0.941319 -0.334978 -0.041339 0.118111 0.318370 0.840558 0.438296 0.257117 -0.112072 -0.425737 0.897880 0.233434 0.000000 0.000000 0.000000 1.000000
0.945621 -0.323530 -0.033603 0.118111 0.303907 0.841964 0.445800 0.257117 -0.115938 -0.431770 0.894502 0.233434 0.000000 0.000000 0.000000 1.000000
0.951428 -0.307043 -0.022567 0.118111 0.283555 0.845376 0.452698 0.257117 -0.119920 -0.437108 0.891378 0.233434 0.000000 0.000000 0.000000 1.000000
0.958046 -0.286483 -0.008720 0.118111 0.258381 0.850101 0.458876 0.257117 -0.124047 -0.441877 0.888457 0.233434 0.000000 0.000000 0.000000 1.000000
0.964818 -0.262816 0.007395 0.118111 0.229474 0.855479 0.464218 0.257117 -0.128330 -0.446188 0.885690 0.233434 0.000000 0.000000 0.000000 1.000000
0.971177 -0.237026 0.025187 0.118111 0.197969 0.860940 0.468604 0.257117 -0.132756 -0.450111 0.883049 0.233434 0.000000 0.000000 0.000000 1.000000
0.976685 -0.210115 0.044027 0.118111 0.165041 0.866052 0.471928 0.257117 -0.137289 -0.453658 0.880537 0.233434 0.000000 0.000000 0.000000 1.000000
0.981056 -0.183107 0.063258 0.118111 0.131910 0.870536 0.474096 0.257117 -0.141878 -0.456770 0.878198 0.233434 0.000000 0.000000 0.000000 1.000000
0.984167 -0.157024 0.082209 0.118111 0.099812 0.874287 0.475037 0.257117 -0.146467 -0.459310 0.876117 0.233434 0.000000 0.000000 0.000000 1.000000
0.986053 -0.132882 0.100210 0.118111 0.069992 0.877360 0.474701 0.257117 -0.151000 -0.461067 0.874424 0.233434 0.000000 0.000000 0.000000 1.000000
0.986880 -0.111685 0.116598 0.118111 0.043693 0.879949 0.473055 0.257117 -0.155434 -0.461754 0.873283 0.233434 0.000000 0.000000 0.000000 1.000000
0.986911 -0.094414 0.130741 0.118111 0.022137 0.882347 0.470078 0.257117 -0.159741 -0.461031 0.872888 0.233434 0.000000 0.000000 0.000000 1.000000
0.986455 -0.082042 0.142044 0.118111 0.006529 0.884891 0.465753 0.257117 -0.163905 -0.458516 0.873440 0.233434 0.000000 0.000000 0.000000 1.000000
0.985691 -0.074189 0.151360 0.118111 -0.003608 0.888445 0.458969 0.257117 -0.168525 -0.452948 0.875464 0.233434 0.000000 0.000000 0.000000 1.000000
0.984698 -0.069477 0.159820 0.118111 -0.009842 0.893456 0.449043 0.257117 -0.173990 -0.443745 0.879100 0.233434 0.000000 0.000000 0.000000 1.000000
0.983593 -0.067414 0.167331 0.118111 -0.012617 0.899576 0.436583 0.257117 -0.179958 -0.431531 0.883966 0.233434 0.000000 0.000000 0.000000 1.000000
0.982456 -0.067557 0.173830 0.118111 -0.012374 0.906416 0.422204 0.257117 -0.186085 -0.416948 0.889678 0.233434 0.000000 0.000000 0.000000 1.000000
0.981344 -0.069514 0.179253 0.118111 -0.009546 0.913582 0.406544 0.257117 -0.192023 -0.400670 0.895874 0.233434 0.000000 0.000000 0.000000 1.000000
0.980307 -0.072936 0.183516 0.118111 -0.004558 0.920691 0.390266 0.257117 -0.197426 -0.383417 0.902227 0.233434 0.000000 0.000000 0.000000 1.000000
0.979392 -0.077519 0.186499 0.118111 0.002173 0.927400 0.374064 0.257117 -0.201957 -0.365950 0.908457 0.233434 0.000000 0.000000 0.000000 1.000000
0.978649 -0.082991 0.188037 0.118111 0.010243 0.933413 0.358657 0.257117 -0.205282 -0.349074 0.914334 0.233434 0.000000 0.000000 0.000000 1.000000
0.978135 -0.089102 0.187916 0.118111 0.019252 0.938485 0.344783 0.257117 -0.207077 -0.333626 0.919681 0.233434 0.000000 0.000000 0.000000 1.000000
0.977912 -0.095610 0.185869 0.118111 0.028811 0.942419 0.333190 0.257117 -0.207023 -0.320476 0.924358 0.233434 0.000000 0.000000 0.000000 1.000000
0.978044 -0.102256 0.181585 0.118111 0.038537 0.945058 0.324624 0.257117 -0.204803 -0.310499 0.928249 0.233434 0.000000 0.000000 0.000000 1.000000
0.979003 -0.113129 0.169573 0.118111 0.053682 0.945585 0.320917 0.257117 -0.196650 -0.305076 0.931803 0.233434 0.000000 0.000000 0.000000 1.000000
0.980428 -0.130521 0.147393 0.118111 0.077187 0.943549 0.322113 0.257117 -0.181115 -0.304432 0.935157 0.233434 0.000000 0.000000 0.000000 1.000000
0.981272 -0.151280 0.119244 0.118111 0.105178 0.939409 0.326265 0.257117 -0.161377 -0.307613 0.937727 0.233434 0.000000 0.000000 0.000000 1.000000
0.980988 -0.172241 0.089418 0.118111 0.133743 0.933886 0.331618 0.257117 -0.140624 -0.313354 0.939167 0.233434 0.000000 0.000000 0.000000 1.000000
0.979717 -0.190431 0.062373 0.118111 0.158957 0.928084 0.336739 0.257117 -0.122013 -0.319994 0.939530 0.233434 0.000000 0.000000 0.000000 1.000000
0.978213 -0.203162 0.042720 0.118111 0.176917 0.923446 0.340511 0.257117 -0.108629 -0.325534 0.939270 0.233434 0.000000 0.000000 0.000000 1.000000
0.977507 -0.207955 0.035133 0.118111 0.183761 0.921562 0.341987 0.257117 -0.103495 -0.327839 0.939048 0.233434 0.000000 0.000000 0.000000 1.000000
0.977672 -0.206925 0.036607 0.118111 0.182317 0.921887 0.341884 0.257117 -0.104492 -0.327576 0.939029 0.233434 0.000000 0.000000 0.000000 1.000000
0.978121 -0.204000 0.040786 0.118111 0.178219 0.922800 0.341583 0.257117 -0.107320 -0.326841 0.938966 0.233434 0.000000 0.000000 0.000000 1.000000
0.978771 -0.199424 0.047307 0.118111 0.171819 0.924195 0.341090 0.257117 -0.111742 -0.325721 0.938839 0.233434 0.000000 0.000000 0.000000 1.000000
0.979524 -0.193437 0.055806 0.118111 0.163466 0.925960 0.340406 0.257117 -0.117521 -0.324314 0.938621 0.233434 0.000000 0.000000 0.000000 1.000000
0.980283 -0.186281 0.065919 0.118111 0.153512 0.927984 0.339529 0.257117 -0.124419 -0.322716 0.938283 0.233434 0.000000 0.000000 0.000000 1.000000
0.980955 -0.178201 0.077281 0.118111 0.142308 0.930156 0.338464 0.257117 -0.132198 -0.321020 0.937801 0.233434 0.000000 0.000000 0.000000 1.000000
0.981465 -0.169446 0.089525 0.118111 0.130212 0.932378 0.337219 0.257117 -0.140612 -0.319312 0.937160 0.233434 0.000000 0.000000 0.000000 1.000000
0.981759 -0.160271 0.102288 0.118111 0.117578 0.934561 0.335815 0.257117 -0.149416 -0.317663 0.936357 0.233434 0.000000 0.000000 0.000000 1.000000
0.981808 -0.150933 0.115209 0.118111 0.104763 0.936632 0.334283 0.257117 -0.158363 -0.316132 0.935405 0.233434 0.000000 0.000000 0.000000 1.000000
0.981610 -0.141697 0.127924 0.118111 0.092126 0.938534 0.332665 0.257117 -0.167199 -0.314762 0.934328 0.233434 0.000000 0.000000 0.000000 1.000000
0.981191 -0.132827 0.140079 0.118111 0.080025 0.940226 0.331017 0.257117 -0.175674 -0.313581 0.933170 0.233434 0.000000 0.000000 0.000000 1.000000
0.980602 -0.124591 0.151317 0.118111 0.068815 0.941678 0.329403 0.257117 -0.183533 -0.312600 0.931985 0.233434 0.000000 0.000000 0.000000 1.000000
0.979917 -0.117256 0.161291 0.118111 0.058853 0.942878 0.327898 0.257117 -0.190525 -0.311820 0.930843 0.233434 0.000000 0.000000 0.000000 1.000000
0.979223 -0.111089 0.169649 0.118111 0.050492 0.943819 0.326584 0.257117 -0.196398 -0.311233 0.929818 0.233434 0.000000 0.000000 0.000000 1.000000
0.978619 -0.106357 0.176048 0.118111 0.044085 0.944498 0.325545 0.257117 -0.200902 -0.310824 0.928993 0.233434 0.000000 0.000000 0.000000 1.000000
0.978199 -0.103325 0.180143 0.118111 0.039983 0.944915 0.324866 0.257117 -0.203786 -0.310581 0.928445 0.233434 0.000000 0.000000 0.000000 1.000000
1.000000 -0.000000 0.000000 0.118111 -0.000000 1.000000 -0.000000 0.257117 0.000000 0.000000 1.000000 0.233434 0.000000 0.000000 0.000000 1.000000</float_array><technique_common><accessor source="#LeftEye-Matrix-animation-output-transform-array" count="91" stride="16"><param type="float4x4"/></accessor></technique_common></source><source id="LeftEye-Interpolations"><Name_array id="LeftEye-Interpolations-array" count="91">
 LINEAR LINEAR LINEAR LINEAR LINEAR LINEAR LINEAR LINEAR LINEAR LINEAR LINEAR
LINEAR LINEAR LINEAR LINEAR LINEAR LINEAR LINEAR LINEAR LINEAR LINEAR LINEAR LINEAR
LINEAR LINEAR LINEAR LINEAR LINEAR LINEAR LINEAR LINEAR LINEAR LINEAR LINEAR LINEAR
LINEAR LINEAR LINEAR LINEAR LINEAR LINEAR LINEAR LINEAR LINEAR LINEAR LINEAR LINEAR
LINEAR LINEAR LINEAR LINEAR LINEAR LINEAR LINEAR LINEAR LINEAR LINEAR LINEAR LINEAR
LINEAR LINEAR LINEAR LINEAR LINEAR LINEAR LINEAR LINEAR LINEAR LINEAR LINEAR LINEAR
LINEAR LINEAR LINEAR LINEAR LINEAR LINEAR LINEAR LINEAR LINEAR LINEAR LINEAR LINEAR
LINEAR LINEAR LINEAR LINEAR LINEAR LINEAR LINEAR LINEAR</Name_array><technique_common><accessor source="#LeftEye-Interpolations-array" count="91"><param type="name"/></accessor></technique_common></source><sampler id="LeftEye-Matrix-animation-transform"><input semantic="INPUT" source="#LeftEye-Matrix-animation-input"/><input semantic="OUTPUT" source="#LeftEye-Matrix-animation-output-transform"/><input semantic="INTERPOLATION" source="#LeftEye-Interpolations"/></sampler><channel source="#LeftEye-Matrix-animation-transform" target="LeftEye/matrix"/></animation><animation><source id="LeftEye-visibility-animation-input"><float_array id="LeftEye-visibility-animation-input-array" count="91">

0.033333 0.066667 0.100000 0.133333 0.166667 0.200000 0.233333 0.266667 0.300000 0.333333 0.366667 0.400000 0.433333 0.466667 0.500000 0.533333
0.566667 0.600000 0.633333 0.666667 0.700000 0.733333 0.766667 0.800000 0.833333 0.866667 0.900000 0.933333 0.966667 1.000000 1.033333 1.066667
1.100000 1.133333 1.166667 1.200000 1.233333 1.266667 1.300000 1.333333 1.366667 1.400000 1.433333 1.466667 1.500000 1.533333 1.566667 1.600000
1.633333 1.666667 1.700000 1.733333 1.766667 1.800000 1.833333 1.866667 1.900000 1.933333 1.966667 2.000000 2.033333 2.066667 2.100000 2.133333
2.166667 2.200000 2.233333 2.266667 2.300000 2.333333 2.366667 2.400000 2.433333 2.466667 2.500000 2.533333 2.566667 2.600000 2.633333 2.666667
2.700000 2.733333 2.766667 2.800000 2.833333 2.866667 2.900000 2.933333 2.966667 3.000000 3.033333</float_array><technique_common><accessor source="#LeftEye-visibility-animation-input-array" count="91"><param name="TIME" type="float"/></accessor></technique_common></source><source id="LeftEye-visibility-animation-output"><float_array id="LeftEye-visibility-animation-output-array" count="91">

