<?xml version="1.0" encoding="utf-8"?>
<COLLADA xmlns="http://www.collada.org/2005/11/COLLADASchema" version="1.4.1">
  <asset><contributor><author></author><authoring_tool>FBX COLLADA exporter</authoring_tool><comments></comments></contributor><created>2014-06-06T12:22:18Z</created><keywords></keywords><modified>2014-06-06T12:22:18Z</modified><revision></revision><subject></subject><title></title><unit meter="0.010000" name="centimeter"></unit><up_axis>Y_UP</up_axis></asset>
  <library_animations>
    <animation id="Root-anim" name="Root"><animation><source id="Root-Matrix-animation-input"><float_array id="Root-Matrix-animation-input-array" count="130">

0.033333 0.066667 0.100000 0.133333 0.166667 0.200000 0.233333 0.266667 0.300000 0.333333 0.366667 0.400000 0.433333 0.466667 0.500000 0.533333
0.566667 0.600000 0.633333 0.666667 0.700000 0.733333 0.766667 0.800000 0.833333 0.866667 0.900000 0.933333 0.966667 1.000000 1.033333 1.066667
1.100000 1.133333 1.166667 1.200000 1.233333 1.266667 1.300000 1.333333 1.366667 1.400000 1.433333 1.466667 1.500000 1.533333 1.566667 1.600000
1.633333 1.666667 1.700000 1.733333 1.766667 1.800000 1.833333 1.866667 1.900000 1.933333 1.966667 2.000000 2.033333 2.066667 2.100000 2.133333
2.166667 2.200000 2.233333 2.266667 2.300000 2.333333 2.366667 2.400000 2.433333 2.466667 2.500000 2.533333 2.566667 2.600000 2.633333 2.666667
2.700000 2.733333 2.766667 2.800000 2.833333 2.866667 2.900000 2.933333 2.966667 3.000000 3.033333 3.066667 3.100000 3.133333 3.166667 3.200000
3.233333 3.266667 3.300000 3.333333 3.366667 3.400000 3.433333 3.466667 3.500000 3.533333 3.566667 3.600000 3.633333 3.666667 3.700000 3.733333
3.766667 3.800000 3.833333 3.866667 3.900000 3.933333 3.966667 4.000000 4.033333 4.066667 4.100000 4.133333 4.166667 4.200000 4.233333 4.266667
4.300000 4.333333</float_array><technique_common><accessor source="#Root-Matrix-animation-input-array" count="130"><param name="TIME" type="float"/></accessor></technique_common></source><source id="Root-Matrix-animation-output-transform"><float_array id="Root-Matrix-animation-output-transform-array" count="2080">

1.000000 -0.000000 -0.000000 0.000000 0.000000 1.000000 -0.000000 0.565033 0.000000 -0.000000 1.000000 -0.092542 0.000000 0.000000 0.000000 1.000000
1.000000 0.000296 -0.000443 0.000000 -0.000296 1.000000 -0.000179 0.565033 0.000443 0.000179 1.000000 -0.092542 0.000000 0.000000 0.000000 1.000000
0.999998 0.001107 -0.001688 0.000000 -0.001108 0.999999 -0.000668 0.565033 0.001687 0.000670 0.999998 -0.092542 0.000000 0.000000 0.000000 1.000000
0.999991 0.002316 -0.003611 0.000000 -0.002321 0.999996 -0.001400 0.565033 0.003607 0.001408 0.999993 -0.092542 0.000000 0.000000 0.000000 1.000000
0.999974 0.003807 -0.006087 0.000000 -0.003821 0.999990 -0.002304 0.565033 0.006078 0.002327 0.999979 -0.092542 0.000000 0.000000 0.000000 1.000000
0.999945 0.005463 -0.008991 0.000000 -0.005493 0.999979 -0.003312 0.565033 0.008972 0.003361 0.999954 -0.092542 0.000000 0.000000 0.000000 1.000000
0.999900 0.007168 -0.012197 0.000000 -0.007222 0.999964 -0.004355 0.565033 0.012165 0.004442 0.999916 -0.092542 0.000000 0.000000 0.000000 1.000000
0.999840 0.008809 -0.015579 0.000000 -0.008893 0.999946 -0.005363 0.565033 0.015531 0.005500 0.999864 -0.092542 0.000000 0.000000 0.000000 1.000000
0.999767 0.010272 -0.019009 0.000000 -0.010393 0.999926 -0.006267 0.565033 0.018943 0.006463 0.999800 -0.092542 0.000000 0.000000 0.000000 1.000000
0.999684 0.011447 -0.022359 0.000000 -0.011606 0.999908 -0.006998 0.565033 0.022277 0.007255 0.999726 -0.092542 0.000000 0.000000 0.000000 1.000000
0.999600 0.012223 -0.025500 0.000000 -0.012418 0.999895 -0.007488 0.565033 0.025406 0.007801 0.999647 -0.092542 0.000000 0.000000 0.000000 1.000000
0.999521 0.012492 -0.028303 0.000000 -0.012714 0.999890 -0.007666 0.565033 0.028204 0.008022 0.999570 -0.092542 0.000000 0.000000 0.000000 1.000000
0.999459 0.012207 -0.030547 0.000000 -0.012440 0.999895 -0.007437 0.565033 0.030453 0.007813 0.999506 -0.092542 0.000000 0.000000 0.000000 1.000000
0.999416 0.011445 -0.032200 0.000000 -0.011669 0.999909 -0.006794 0.565033 0.032120 0.007166 0.999458 -0.092542 0.000000 0.000000 0.000000 1.000000
0.999388 0.010281 -0.033427 0.000000 -0.010480 0.999928 -0.005808 0.565033 0.033365 0.006154 0.999424 -0.092542 0.000000 0.000000 0.000000 1.000000
0.999370 0.008789 -0.034390 0.000000 -0.008950 0.999950 -0.004546 0.565033 0.034348 0.004850 0.999398 -0.092542 0.000000 0.000000 0.000000 1.000000
0.999354 0.007044 -0.035251 0.000000 -0.007157 0.999970 -0.003077 0.565033 0.035228 0.003327 0.999374 -0.092542 0.000000 0.000000 0.000000 1.000000
0.999332 0.005122 -0.036173 0.000000 -0.005178 0.999986 -0.001470 0.565033 0.036165 0.001657 0.999344 -0.092542 0.000000 0.000000 0.000000 1.000000
0.999299 0.003097 -0.037316 0.000000 -0.003092 0.999995 0.000205 0.565033 0.037316 -0.000089 0.999304 -0.092542 0.000000 0.000000 0.000000 1.000000
0.999245 0.001048 -0.038841 0.000000 -0.000975 0.999998 0.001880 0.565033 0.038843 -0.001841 0.999244 -0.092542 0.000000 0.000000 0.000000 1.000000
0.999163 -0.000950 -0.040907 0.000000 0.001094 0.999993 0.003487 0.565033 0.040903 -0.003528 0.999157 -0.092542 0.000000 0.000000 0.000000 1.000000
0.999042 -0.002818 -0.043672 0.000000 0.003037 0.999983 0.004955 0.565033 0.043657 -0.005083 0.999034 -0.092542 0.000000 0.000000 0.000000 1.000000
0.998871 -0.004479 -0.047292 0.000000 0.004778 0.999969 0.006218 0.565033 0.047262 -0.006436 0.998862 -0.092542 0.000000 0.000000 0.000000 1.000000
0.998634 -0.005855 -0.051924 0.000000 0.006237 0.999955 0.007204 0.565033 0.051879 -0.007518 0.998625 -0.092542 0.000000 0.000000 0.000000 1.000000
0.998309 -0.006874 -0.057722 0.000000 0.007339 0.999942 0.007847 0.565033 0.057665 -0.008257 0.998302 -0.092542 0.000000 0.000000 0.000000 1.000000
0.997868 -0.007463 -0.064842 0.000000 0.008004 0.999935 0.008076 0.565033 0.064778 -0.008578 0.997863 -0.092542 0.000000 0.000000 0.000000 1.000000
0.997126 -0.007773 -0.075364 -0.000104 0.008403 0.999932 0.008043 0.565033 0.075297 -0.008653 0.997124 -0.092542 0.000000 0.000000 0.000000 1.000000
0.995834 -0.008002 -0.090833 -0.000402 0.008760 0.999930 0.007948 0.565033 0.090763 -0.008711 0.995834 -0.092542 0.000000 0.000000 0.000000 1.000000
0.993832 -0.008159 -0.110595 -0.000871 0.009077 0.999928 0.007799 0.565033 0.110523 -0.008755 0.993835 -0.092542 0.000000 0.000000 0.000000 1.000000
0.990949 -0.008255 -0.133988 -0.001488 0.009357 0.999927 0.007602 0.565033 0.133915 -0.008787 0.990954 -0.092542 0.000000 0.000000 0.000000 1.000000
0.987027 -0.008298 -0.160340 -0.002230 0.009603 0.999927 0.007366 0.565033 0.160267 -0.008810 0.987034 -0.092542 0.000000 0.000000 0.000000 1.000000
0.981947 -0.008297 -0.188975 -0.003074 0.009815 0.999927 0.007097 0.565033 0.188902 -0.008824 0.981956 -0.092542 0.000000 0.000000 0.000000 1.000000
0.975642 -0.008263 -0.219211 -0.003999 0.009997 0.999927 0.006803 0.565033 0.219139 -0.008829 0.975654 -0.092542 0.000000 0.000000 0.000000 1.000000
0.968115 -0.008204 -0.250373 -0.004980 0.010152 0.999927 0.006490 0.565033 0.250302 -0.008825 0.968128 -0.092542 0.000000 0.000000 0.000000 1.000000
0.959441 -0.008126 -0.281794 -0.005995 0.010280 0.999928 0.006167 0.565033 0.281723 -0.008814 0.959455 -0.092542 0.000000 0.000000 0.000000 1.000000
0.949777 -0.008038 -0.312823 -0.007022 0.010386 0.999929 0.005840 0.565033 0.312754 -0.008796 0.949793 -0.092542 0.000000 0.000000 0.000000 1.000000
0.939361 -0.007944 -0.342837 -0.008037 0.010470 0.999930 0.005517 0.565033 0.342769 -0.008772 0.939379 -0.092542 0.000000 0.000000 0.000000 1.000000
0.928504 -0.007851 -0.371239 -0.009018 0.010536 0.999931 0.005204 0.565033 0.371172 -0.008744 0.928523 -0.092542 0.000000 0.000000 0.000000 1.000000
0.917585 -0.007762 -0.397465 -0.009942 0.010585 0.999932 0.004910 0.565033 0.397400 -0.008713 0.917604 -0.092542 0.000000 0.000000 0.000000 1.000000
0.907035 -0.007680 -0.420985 -0.010787 0.010620 0.999933 0.004641 0.565033 0.420921 -0.008681 0.907056 -0.092542 0.000000 0.000000 0.000000 1.000000
0.897329 -0.007608 -0.441297 -0.011529 0.010644 0.999934 0.004405 0.565033 0.441234 -0.008650 0.897350 -0.092542 0.000000 0.000000 0.000000 1.000000
0.888960 -0.007548 -0.457922 -0.012146 0.010658 0.999934 0.004209 0.565033 0.457860 -0.008622 0.888982 -0.092542 0.000000 0.000000 0.000000 1.000000
0.882425 -0.007503 -0.470393 -0.012614 0.010666 0.999935 0.004059 0.565033 0.470332 -0.008599 0.882448 -0.092542 0.000000 0.000000 0.000000 1.000000
0.878198 -0.007474 -0.478240 -0.012912 0.010669 0.999935 0.003964 0.565033 0.478179 -0.008584 0.878220 -0.092542 0.000000 0.000000 0.000000 1.000000
0.876705 -0.007463 -0.480970 -0.013017 0.010669 0.999935 0.003931 0.565033 0.480910 -0.008578 0.876728 -0.092542 0.000000 0.000000 0.000000 1.000000
0.876731 -0.007409 -0.480923 -0.013017 0.010663 0.999935 0.004035 0.565033 0.480862 -0.008665 0.876753 -0.092542 0.000000 0.000000 0.000000 1.000000
0.876833 -0.007251 -0.480741 -0.013017 0.010644 0.999934 0.004331 0.565033 0.480678 -0.008915 0.876852 -0.092542 0.000000 0.000000 0.000000 1.000000
0.877043 -0.006998 -0.480361 -0.013017 0.010608 0.999932 0.004801 0.565033 0.480295 -0.009307 0.877058 -0.092542 0.000000 0.000000 0.000000 1.000000
0.877396 -0.006659 -0.479720 -0.013017 0.010554 0.999930 0.005423 0.565033 0.479651 -0.009821 0.877405 -0.092542 0.000000 0.000000 0.000000 1.000000
0.877926 -0.006241 -0.478756 -0.013017 0.010477 0.999926 0.006178 0.565033 0.478682 -0.010440 0.877926 -0.092542 0.000000 0.000000 0.000000 1.000000
0.878665 -0.005754 -0.477404 -0.013017 0.010375 0.999921 0.007044 0.565033 0.477326 -0.011143 0.878655 -0.092542 0.000000 0.000000 0.000000 1.000000
0.879645 -0.005207 -0.475602 -0.013017 0.010246 0.999915 0.008003 0.565033 0.475520 -0.011912 0.879624 -0.092542 0.000000 0.000000 0.000000 1.000000
0.880898 -0.004610 -0.473284 -0.013017 0.010085 0.999908 0.009032 0.565033 0.473199 -0.012729 0.880863 -0.092542 0.000000 0.000000 0.000000 1.000000
0.882452 -0.003972 -0.470386 -0.013017 0.009891 0.999900 0.010112 0.565033 0.470299 -0.013576 0.882403 -0.092542 0.000000 0.000000 0.000000 1.000000
0.884335 -0.003305 -0.466842 -0.013017 0.009661 0.999890 0.011223 0.565033 0.466754 -0.014435 0.884270 -0.092542 0.000000 0.000000 0.000000 1.000000
0.886572 -0.002616 -0.462584 -0.013017 0.009391 0.999880 0.012343 0.565033 0.462496 -0.015288 0.886490 -0.092542 0.000000 0.000000 0.000000 1.000000
0.889185 -0.001918 -0.457543 -0.013017 0.009079 0.999868 0.013454 0.565033 0.457457 -0.016117 0.889086 -0.092542 0.000000 0.000000 0.000000 1.000000
0.892194 -0.001218 -0.451651 -0.013017 0.008722 0.999856 0.014534 0.565033 0.451568 -0.016907 0.892077 -0.092542 0.000000 0.000000 0.000000 1.000000
0.895613 -0.000526 -0.444834 -0.013017 0.008317 0.999844 0.015563 0.565033 0.444756 -0.017639 0.895478 -0.092542 0.000000 0.000000 0.000000 1.000000
0.899453 0.000149 -0.437018 -0.013017 0.007861 0.999833 0.016522 0.565033 0.436948 -0.018296 0.899301 -0.092542 0.000000 0.000000 0.000000 1.000000
0.903717 0.000801 -0.428129 -0.013017 0.007352 0.999822 0.017388 0.565033 0.428067 -0.018861 0.903550 -0.092542 0.000000 0.000000 0.000000 1.000000
0.908406 0.001422 -0.418088 -0.013017 0.006785 0.999812 0.018143 0.565033 0.418035 -0.019318 0.908225 -0.092542 0.000000 0.000000 0.000000 1.000000
0.913509 0.002007 -0.406813 -0.013017 0.006160 0.999805 0.018765 0.565033 0.406771 -0.019648 0.913319 -0.092542 0.000000 0.000000 0.000000 1.000000
0.919012 0.002555 -0.394222 -0.013017 0.005472 0.999800 0.019235 0.565033 0.394193 -0.019834 0.918814 -0.092542 0.000000 0.000000 0.000000 1.000000
0.924887 0.003063 -0.380230 -0.013017 0.004718 0.999798 0.019531 0.565033 0.380213 -0.019858 0.924686 -0.092542 0.000000 0.000000 0.000000 1.000000
0.931100 0.003534 -0.364748 -0.013017 0.003897 0.999800 0.019635 0.565033 0.364744 -0.019703 0.930899 -0.092542 0.000000 0.000000 0.000000 1.000000
0.938751 0.004181 -0.344571 -0.012853 0.002754 0.999803 0.019634 0.565033 0.344585 -0.019381 0.938555 -0.092542 0.000000 0.000000 0.000000 1.000000
0.948319 0.005172 -0.317278 -0.012381 0.001115 0.999807 0.019630 0.565033 0.317318 -0.018970 0.948130 -0.092542 0.000000 0.000000 0.000000 1.000000
0.958811 0.006442 -0.283972 -0.011628 -0.000907 0.999807 0.019619 0.565033 0.284044 -0.018553 0.958632 -0.092542 0.000000 0.000000 0.000000 1.000000
0.969285 0.007918 -0.245813 -0.010623 -0.003198 0.999803 0.019597 0.565033 0.245920 -0.018209 0.969119 -0.092542 0.000000 0.000000 0.000000 1.000000
0.978918 0.009519 -0.204031 -0.009393 -0.005645 0.999793 0.019560 0.565033 0.204175 -0.017996 0.978769 -0.092542 0.000000 0.000000 0.000000 1.000000
0.987064 0.011151 -0.159936 -0.007967 -0.008134 0.999777 0.019505 0.565033 0.160118 -0.017952 0.986935 -0.092542 0.000000 0.000000 0.000000 1.000000
0.993295 0.012716 -0.114907 -0.006373 -0.010551 0.999756 0.019429 0.565033 0.115126 -0.018086 0.993186 -0.092542 0.000000 0.000000 0.000000 1.000000
0.997421 0.014115 -0.070366 -0.004639 -0.012784 0.999731 0.019327 0.565033 0.070620 -0.018378 0.997334 -0.092542 0.000000 0.000000 0.000000 1.000000
0.999498 0.015248 -0.027757 -0.002792 -0.014718 0.999707 0.019197 0.565033 0.028042 -0.018779 0.999430 -0.092542 0.000000 0.000000 0.000000 1.000000
0.999806 0.016024 0.011484 -0.000861 -0.016240 0.999687 0.019034 0.565033 -0.011176 -0.019217 0.999753 -0.092542 0.000000 0.000000 0.000000 1.000000
0.998810 0.016356 0.045950 0.001126 -0.017237 0.999674 0.018836 0.565033 -0.045627 -0.019605 0.998766 -0.092542 0.000000 0.000000 0.000000 1.000000
0.997107 0.016167 0.074271 0.003141 -0.017594 0.999672 0.018598 0.565033 -0.073946 -0.019851 0.997065 -0.092542 0.000000 0.000000 0.000000 1.000000
0.995123 0.015296 0.097452 0.005156 -0.017143 0.999688 0.018141 0.565033 -0.097145 -0.019723 0.995075 -0.092542 0.000000 0.000000 0.000000 1.000000
0.992966 0.013733 0.117605 0.007143 -0.015879 0.999724 0.017322 0.565033 -0.117334 -0.019068 0.992909 -0.092542 0.000000 0.000000 0.000000 1.000000
0.990771 0.011622 0.135047 0.009073 -0.013935 0.999772 0.016197 0.565033 -0.134827 -0.017929 0.990707 -0.092542 0.000000 0.000000 0.000000 1.000000
0.988629 0.009094 0.150097 0.010920 -0.011447 0.999825 0.014818 0.565033 -0.149936 -0.016368 0.988560 -0.092542 0.000000 0.000000 0.000000 1.000000
0.986594 0.006275 0.163074 0.012655 -0.008548 0.999876 0.013241 0.565033 -0.162971 -0.014457 0.986525 -0.092542 0.000000 0.000000 0.000000 1.000000
0.984688 0.003284 0.174293 0.014249 -0.005373 0.999919 0.011519 0.565033 -0.174241 -0.012279 0.984626 -0.092542 0.000000 0.000000 0.000000 1.000000
0.982914 0.000235 0.184065 0.015675 -0.002057 0.999951 0.009707 0.565033 -0.184054 -0.009920 0.982866 -0.092542 0.000000 0.000000 0.000000 1.000000
0.981254 -0.002759 0.192698 0.016904 0.001268 0.999968 0.007860 0.565033 -0.192713 -0.007469 0.981227 -0.092542 0.000000 0.000000 0.000000 1.000000
0.979679 -0.005585 0.200495 0.017910 0.004466 0.999972 0.006032 0.565033 -0.200523 -0.005014 0.979676 -0.092542 0.000000 0.000000 0.000000 1.000000
0.978147 -0.008130 0.207756 0.018662 0.007403 0.999963 0.004278 0.565033 -0.207783 -0.002646 0.978171 -0.092542 0.000000 0.000000 0.000000 1.000000
0.976609 -0.010282 0.214778 0.019134 0.009945 0.999947 0.002651 0.565033 -0.214794 -0.000453 0.976659 -0.092542 0.000000 0.000000 0.000000 1.000000
0.975007 -0.011927 0.221856 0.019298 0.011958 0.999928 0.001206 0.565033 -0.221854 0.001477 0.975079 -0.092542 0.000000 0.000000 0.000000 1.000000
0.973440 -0.013222 0.228561 0.019195 0.013628 0.999907 -0.000200 0.565033 -0.228537 0.003310 0.973530 -0.092542 0.000000 0.000000 0.000000 1.000000
0.972053 -0.014399 0.234321 0.018905 0.015227 0.999883 -0.001724 0.565033 -0.234269 0.005243 0.972158 -0.092542 0.000000 0.000000 0.000000 1.000000
0.970845 -0.015461 0.239209 0.018455 0.016742 0.999854 -0.003324 0.565033 -0.239123 0.007232 0.970962 -0.092542 0.000000 0.000000 0.000000 1.000000
0.969812 -0.016411 0.243299 0.017872 0.018164 0.999823 -0.004961 0.565033 -0.243175 0.009230 0.969939 -0.092542 0.000000 0.000000 0.000000 1.000000
0.968948 -0.017253 0.246662 0.017184 0.019481 0.999788 -0.006595 0.565033 -0.246496 0.011196 0.969079 -0.092542 0.000000 0.000000 0.000000 1.000000
0.968242 -0.017990 0.249369 0.016417 0.020684 0.999753 -0.008186 0.565033 -0.249160 0.013084 0.968374 -0.092542 0.000000 0.000000 0.000000 1.000000
0.967681 -0.018624 0.251490 0.015600 0.021760 0.999716 -0.009694 0.565033 -0.251238 0.014854 0.967811 -0.092542 0.000000 0.000000 0.000000 1.000000
0.967252 -0.019159 0.253095 0.014760 0.022701 0.999681 -0.011080 0.565033 -0.252802 0.016463 0.967378 -0.092542 0.000000 0.000000 0.000000 1.000000
0.966939 -0.019596 0.254253 0.013923 0.023494 0.999648 -0.012303 0.565033 -0.253923 0.017870 0.967059 -0.092542 0.000000 0.000000 0.000000 1.000000
0.966726 -0.019936 0.255034 0.013117 0.024130 0.999620 -0.013324 0.565033 -0.254672 0.019034 0.966840 -0.092542 0.000000 0.000000 0.000000 1.000000
0.966597 -0.020180 0.255507 0.012370 0.024597 0.999598 -0.014102 0.565033 -0.255120 0.019916 0.966704 -0.092542 0.000000 0.000000 0.000000 1.000000
0.966532 -0.020327 0.255740 0.011709 0.024885 0.999584 -0.014598 0.565033 -0.255337 0.020474 0.966635 -0.092542 0.000000 0.000000 0.000000 1.000000
0.966514 -0.020377 0.255802 0.011161 0.024984 0.999579 -0.014773 0.565033 -0.255393 0.020669 0.966616 -0.092542 0.000000 0.000000 0.000000 1.000000
0.967070 -0.020345 0.253695 0.010669 0.024861 0.999584 -0.014609 0.565033 -0.253293 0.020435 0.967174 -0.092542 0.000000 0.000000 0.000000 1.000000
0.968627 -0.020244 0.247692 0.010159 0.024509 0.999600 -0.014145 0.565033 -0.247306 0.019772 0.968736 -0.092542 0.000000 0.000000 0.000000 1.000000
0.970994 -0.020065 0.238259 0.009635 0.023950 0.999623 -0.013421 0.565033 -0.237900 0.018738 0.971109 -0.092542 0.000000 0.000000 0.000000 1.000000
0.973958 -0.019793 0.225862 0.009098 0.023208 0.999653 -0.012476 0.565033 -0.225537 0.017393 0.974079 -0.092542 0.000000 0.000000 0.000000 1.000000
0.977301 -0.019412 0.210967 0.008553 0.022307 0.999687 -0.011351 0.565033 -0.210680 0.015799 0.977427 -0.092542 0.000000 0.000000 0.000000 1.000000
0.980811 -0.018909 0.194041 0.008001 0.021269 0.999723 -0.010086 0.565033 -0.193797 0.014019 0.980941 -0.092542 0.000000 0.000000 0.000000 1.000000
0.984298 -0.018276 0.175565 0.007446 0.020119 0.999760 -0.008720 0.565033 -0.175363 0.012115 0.984429 -0.092542 0.000000 0.000000 0.000000 1.000000
0.987598 -0.017510 0.156023 0.006891 0.018879 0.999795 -0.007294 0.565033 -0.155863 0.010149 0.987727 -0.092542 0.000000 0.000000 0.000000 1.000000
0.990582 -0.016615 0.135909 0.006338 0.017572 0.999828 -0.005848 0.565033 -0.135789 0.008181 0.990704 -0.092542 0.000000 0.000000 0.000000 1.000000
0.993159 -0.015603 0.115725 0.005789 0.016223 0.999859 -0.004422 0.565033 -0.115639 0.006270 0.993271 -0.092542 0.000000 0.000000 0.000000 1.000000
0.995278 -0.014493 0.095976 0.005249 0.014855 0.999885 -0.003056 0.565033 -0.095921 0.004468 0.995379 -0.092542 0.000000 0.000000 0.000000 1.000000
0.996929 -0.013312 0.077173 0.004720 0.013491 0.999907 -0.001791 0.565033 -0.077142 0.002826 0.997016 -0.092542 0.000000 0.000000 0.000000 1.000000
0.998136 -0.012092 0.059825 0.004204 0.012154 0.999926 -0.000665 0.565033 -0.059813 0.001391 0.998209 -0.092542 0.000000 0.000000 0.000000 1.000000
0.998953 -0.010869 0.044442 0.003705 0.010867 0.999941 0.000280 0.565033 -0.044443 0.000203 0.999012 -0.092542 0.000000 0.000000 0.000000 1.000000
0.999456 -0.009682 0.031533 0.003225 0.009655 0.999953 0.001005 0.565033 -0.031541 -0.000700 0.999502 -0.092542 0.000000 0.000000 0.000000 1.000000
0.999730 -0.008571 0.021600 0.002767 0.008541 0.999962 0.001469 0.565033 -0.021612 -0.001284 0.999766 -0.092542 0.000000 0.000000 0.000000 1.000000
0.999857 -0.007571 0.015148 0.002334 0.007547 0.999970 0.001633 0.565033 -0.015159 -0.001518 0.999884 -0.092542 0.000000 0.000000 0.000000 1.000000
0.999917 -0.006603 0.011041 0.001929 0.006586 0.999977 0.001587 0.565033 -0.011052 -0.001514 0.999938 -0.092542 0.000000 0.000000 0.000000 1.000000
0.999954 -0.005589 0.007754 0.001554 0.005578 0.999983 0.001463 0.565033 -0.007762 -0.001420 0.999969 -0.092542 0.000000 0.000000 0.000000 1.000000
0.999976 -0.004563 0.005194 0.001213 0.004557 0.999989 0.001280 0.565033 -0.005200 -0.001257 0.999986 -0.092542 0.000000 0.000000 0.000000 1.000000
0.999988 -0.003561 0.003271 0.000908 0.003558 0.999993 0.001058 0.565033 -0.003275 -0.001047 0.999994 -0.092542 0.000000 0.000000 0.000000 1.000000
0.999995 -0.002618 0.001893 0.000642 0.002617 0.999996 0.000816 0.565033 -0.001895 -0.000812 0.999998 -0.092542 0.000000 0.000000 0.000000 1.000000
0.999998 -0.001769 0.000969 0.000419 0.001768 0.999998 0.000575 0.565033 -0.000970 -0.000573 0.999999 -0.092542 0.000000 0.000000 0.000000 1.000000
0.999999 -0.001047 0.000409 0.000240 0.001047 0.999999 0.000353 0.565033 -0.000409 -0.000352 1.000000 -0.092542 0.000000 0.000000 0.000000 1.000000
1.000000 -0.000489 0.000121 0.000108 0.000489 1.000000 0.000170 0.565033 -0.000121 -0.000170 1.000000 -0.092542 0.000000 0.000000 0.000000 1.000000
1.000000 -0.000128 0.000015 0.000028 0.000128 1.000000 0.000046 0.565033 -0.000015 -0.000046 1.000000 -0.092542 0.000000 0.000000 0.000000 1.000000
1.000000 -0.000000 -0.000000 0.000000 0.000000 1.000000 -0.000000 0.565033 0.000000 -0.000000 1.000000 -0.092542 0.000000 0.000000 0.000000 1.000000</float_array><technique_common><accessor source="#Root-Matrix-animation-output-transform-array" count="130" stride="16"><param type="float4x4"/></accessor></technique_common></source><source id="Root-Interpolations"><Name_array id="Root-Interpolations-array" count="130">
 LINEAR LINEAR LINEAR LINEAR LINEAR LINEAR LINEAR LINEAR LINEAR LINEAR LINEAR
LINEAR LINEAR LINEAR LINEAR LINEAR LINEAR LINEAR LINEAR LINEAR LINEAR LINEAR LINEAR
LINEAR LINEAR LINEAR LINEAR LINEAR LINEAR LINEAR LINEAR LINEAR LINEAR LINEAR LINEAR
LINEAR LINEAR LINEAR LINEAR LINEAR LINEAR LINEAR LINEAR LINEAR LINEAR LINEAR LINEAR
LINEAR LINEAR LINEAR LINEAR LINEAR LINEAR LINEAR LINEAR LINEAR LINEAR LINEAR LINEAR
LINEAR LINEAR LINEAR LINEAR LINEAR LINEAR LINEAR LINEAR LINEAR LINEAR LINEAR LINEAR
LINEAR LINEAR LINEAR LINEAR LINEAR LINEAR LINEAR LINEAR LINEAR LINEAR LINEAR LINEAR
LINEAR LINEAR LINEAR LINEAR LINEAR LINEAR LINEAR LINEAR LINEAR LINEAR LINEAR LINEAR
LINEAR LINEAR LINEAR LINEAR LINEAR LINEAR LINEAR LINEAR LINEAR LINEAR LINEAR LINEAR
LINEAR LINEAR LINEAR LINEAR LINEAR LINEAR LINEAR LINEAR LINEAR LINEAR LINEAR LINEAR
LINEAR LINEAR LINEAR LINEAR LINEAR LINEAR LINEAR LINEAR LINEAR LINEAR LINEAR</Name_array><technique_common><accessor source="#Root-Interpolations-array" count="130"><param type="name"/></accessor></technique_common></source><sampler id="Root-Matrix-animation-transform"><input semantic="INPUT" source="#Root-Matrix-animation-input"/><input semantic="OUTPUT" source="#Root-Matrix-animation-output-transform"/><input semantic="INTERPOLATION" source="#Root-Interpolations"/></sampler><channel source="#Root-Matrix-animation-transform" target="Root/matrix"/></animation><animation><source id="Root-visibility-animation-input"><float_array id="Root-visibility-animation-input-array" count="130">

0.033333 0.066667 0.100000 0.133333 0.166667 0.200000 0.233333 0.266667 0.300000 0.333333 0.366667 0.400000 0.433333 0.466667 0.500000 0.533333
0.566667 0.600000 0.633333 0.666667 0.700000 0.733333 0.766667 0.800000 0.833333 0.866667 0.900000 0.933333 0.966667 1.000000 1.033333 1.066667
1.100000 1.133333 1.166667 1.200000 1.233333 1.266667 1.300000 1.333333 1.366667 1.400000 1.433333 1.466667 1.500000 1.533333 1.566667 1.600000
1.633333 1.666667 1.700000 1.733333 1.766667 1.800000 1.833333 1.866667 1.900000 1.933333 1.966667 2.000000 2.033333 2.066667 2.100000 2.133333
2.166667 2.200000 2.233333 2.266667 2.300000 2.333333 2.366667 2.400000 2.433333 2.466667 2.500000 2.533333 2.566667 2.600000 2.633333 2.666667
2.700000 2.733333 2.766667 2.800000 2.833333 2.866667 2.900000 2.933333 2.966667 3.000000 3.033333 3.066667 3.100000 3.133333 3.166667 3.200000
3.233333 3.266667 3.300000 3.333333 3.366667 3.400000 3.433333 3.466667 3.500000 3.533333 3.566667 3.600000 3.633333 3.666667 3.700000 3.733333
3.766667 3.800000 3.833333 3.866667 3.900000 3.933333 3.966667 4.000000 4.033333 4.066667 4.100000 4.133333 4.166667 4.200000 4.233333 4.266667
4.300000 4.333333</float_array><technique_common><accessor source="#Root-visibility-animation-input-array" count="130"><param name="TIME" type="float"/></accessor></technique_common></source><source id="Root-visibility-animation-output"><float_array id="Root-visibility-animation-output-array" count="130">

1.000000 1.000000 1.000000 1.000000 1.000000 1.000000 1.000000 1.000000 1.000000 1.000000 1.000000 1.000000 1.000000 1.000000 1.000000 1.000000
1.000000 1.000000 1.000000 1.000000 1.000000 1.000000 1.000000 1.000000 1.000000 1.000000 1.000000 1.000000 1.000000 1.000000 1.000000 1.000000
1.000000 1.000000 1.000000 1.000000 1.000000 1.000000 1.000000 1.000000 1.000000 1.000000 1.000000 1.000000 1.000000 1.000000 1.000000 1.000000
1.000000 1.000000 1.000000 1.000000 1.000000 1.000000 1.000000 1.000000 1.000000 1.000000 1.000000 1.000000 1.000000 1.000000 1.000000 1.000000
1.000000 1.000000 1.000000 1.000000 1.000000 1.000000 1.000000 1.000000 1.000000 1.000000 1.000000 1.000000 1.000000 1.000000 1.000000 1.000000
1.000000 1.000000 1.000000 1.000000 1.000000 1.000000 1.000000 1.000000 1.000000 1.000000 1.000000 1.000000 1.000000 1.000000 1.000000 1.000000
1.000000 1.000000 1.000000 1.000000 1.000000 1.000000 1.000000 1.000000 1.000000 1.000000 1.000000 1.000000 1.000000 1.000000 1.000000 1.000000
1.000000 1.000000 1.000000 1.000000 1.000000 1.000000 1.000000 1.000000 1.000000 1.000000 1.000000 1.000000 1.000000 1.000000 1.000000 1.000000
1.000000 1.000000</float_array><technique_common><accessor source="#Root-visibility-animation-output-array" count="130"><param type="float"/></accessor></technique_common></source><source id="Root-visibility-animation-intan"><float_array id="Root-visibility-animation-intan-array" count="130">

0.000000 0.000000 0.000000 0.000000 0.000000 0.000000 0.000000 0.000000 0.000000 0.000000 0.000000 0.000000 0.000000 0.000000 0.000000 0.000000
0.000000 0.000000 0.000000 0.000000 0.000000 0.000000 0.000000 0.000000 0.000000 0.000000 0.000000 0.000000 0.000000 0.000000 0.000000 0.000000
0.000000 0.000000 0.000000 0.000000 0.000000 0.000000 0.000000 0.000000 0.000000 0.000000 0.000000 0.000000 0.000000 0.000000 0.000000 0.000000
0.000000 0.000000 0.000000 0.000000 0.000000 0.000000 0.000000 0.000000 0.000000 0.000000 0.000000 0.000000 0.000000 0.000000 0.000000 0.000000
0.000000 0.000000 0.000000 0.000000 0.000000 0.000000 0.000000 0.000000 0.000000 0.000000 0.000000 0.000000 0.000000 0.000000 0.000000 0.000000
0.000000 0.000000 0.000000 0.000000 0.000000 0.000000 0.000000 0.000000 0.000000 0.000000 0.000000 0.000000 0.000000 0.000000 0.000000 0.000000
0.000000 0.000000 0.000000 0.000000 0.000000 0.000000 0.000000 0.000000 0.000000 0.000000 0.000000 0.000000 0.000000 0.000000 0.000000 0.000000
0.000000 0.000000 0.000000 0.000000 0.000000 0.000000 0.000000 0.000000 0.000000 0.000000 0.000000 0.000000 0.000000 0.000000 0.000000 0.000000
0.000000 0.000000</float_array><technique_common><accessor source="#Root-visibility-animation-intan-array" count="130"><param type="float"/></accessor></technique_common></source><source id="Root-visibility-animation-outtan"><float_array id="Root-visibility-animation-outtan-array" count="130">

0.000000 0.000000 0.000000 0.000000 0.000000 0.000000 0.000000 0.000000 0.000000 0.000000 0.000000 0.000000 0.000000 0.000000 0.000000 0.000000
0.000000 0.000000 0.000000 0.000000 0.000000 0.000000 0.000000 0.000000 0.000000 0.000000 0.000000 0.000000 0.000000 0.000000 0.000000 0.000000
0.000000 0.000000 0.000000 0.000000 0.000000 0.000000 0.000000 0.000000 0.000000 0.000000 0.000000 0.000000 0.000000 0.000000 0.000000 0.000000
0.000000 0.000000 0.000000 0.000000 0.000000 0.000000 0.000000 0.000000 0.000000 0.000000 0.000000 0.000000 0.000000 0.000000 0.000000 0.000000
0.000000 0.000000 0.000000 0.000000 0.000000 0.000000 0.000000 0.000000 0.000000 0.000000 0.000000 0.000000 0.000000 0.000000 0.000000 0.000000
0.000000 0.000000 0.000000 0.000000 0.000000 0.000000 0.000000 0.000000 0.000000 0.000000 0.000000 0.000000 0.000000 0.000000 0.000000 0.000000
0.000000 0.000000 0.000000 0.000000 0.000000 0.000000 0.000000 0.000000 0.000000 0.000000 0.000000 0.000000 0.000000 0.000000 0.000000 0.000000
0.000000 0.000000 0.000000 0.000000 0.000000 0.000000 0.000000 0.000000 0.000000 0.000000 0.000000 0.000000 0.000000 0.000000 0.000000 0.000000
0.000000 0.000000</float_array><technique_common><accessor source="#Root-visibility-animation-outtan-array" count="130"><param type="float"/></accessor></technique_common></source><source id="Root-visibility-animation-interpolation"><Name_array id="Root-visibility-animation-interpolation-array" count="130">
 BEZIER BEZIER BEZIER BEZIER BEZIER BEZIER BEZIER BEZIER BEZIER BEZIER BEZIER
BEZIER BEZIER BEZIER BEZIER BEZIER BEZIER BEZIER BEZIER BEZIER BEZIER BEZIER BEZIER
BEZIER BEZIER BEZIER BEZIER BEZIER BEZIER BEZIER BEZIER BEZIER BEZIER BEZIER BEZIER
BEZIER BEZIER BEZIER BEZIER BEZIER BEZIER BEZIER BEZIER BEZIER BEZIER BEZIER BEZIER
BEZIER BEZIER BEZIER BEZIER BEZIER BEZIER BEZIER BEZIER BEZIER BEZIER BEZIER BEZIER
BEZIER BEZIER BEZIER BEZIER BEZIER BEZIER BEZIER BEZIER BEZIER BEZIER BEZIER BEZIER
BEZIER BEZIER BEZIER BEZIER BEZIER BEZIER BEZIER BEZIER BEZIER BEZIER BEZIER BEZIER
BEZIER BEZIER BEZIER BEZIER BEZIER BEZIER BEZIER BEZIER BEZIER BEZIER BEZIER BEZIER
BEZIER BEZIER BEZIER BEZIER BEZIER BEZIER BEZIER BEZIER BEZIER BEZIER BEZIER BEZIER
BEZIER BEZIER BEZIER BEZIER BEZIER BEZIER BEZIER BEZIER BEZIER BEZIER BEZIER BEZIER
BEZIER BEZIER BEZIER BEZIER BEZIER BEZIER BEZIER BEZIER BEZIER BEZIER BEZIER</Name_array><technique_common><accessor source="#Root-visibility-animation-interpolation-array" count="130"><param type="name"/></accessor></technique_common></source><sampler id="Root-visibility-animation"><input semantic="INPUT" source="#Root-visibility-animation-input"/><input semantic="OUTPUT" source="#Root-visibility-animation-output"/><input semantic="IN_TANGENT" source="#Root-visibility-animation-intan"/><input semantic="OUT_TANGENT" source="#Root-visibility-animation-outtan"/><input semantic="INTERPOLATION" source="#Root-visibility-animation-interpolation"/></sampler><channel source="#Root-visibility-animation" target="Root/visibility"/></animation></animation>
    <animation id="LeftEye-anim" name="LeftEye"><animation><source id="LeftEye-Matrix-animation-input"><float_array id="LeftEye-Matrix-animation-input-array" count="130">

0.033333 0.066667 0.100000 0.133333 0.166667 0.200000 0.233333 0.266667 0.300000 0.333333 0.366667 0.400000 0.433333 0.466667 0.500000 0.533333
0.566667 0.600000 0.633333 0.666667 0.700000 0.733333 0.766667 0.800000 0.833333 0.866667 0.900000 0.933333 0.966667 1.000000 1.033333 1.066667
1.100000 1.133333 1.166667 1.200000 1.233333 1.266667 1.300000 1.333333 1.366667 1.400000 1.433333 1.466667 1.500000 1.533333 1.566667 1.600000
1.633333 1.666667 1.700000 1.733333 1.766667 1.800000 1.833333 1.866667 1.900000 1.933333 1.966667 2.000000 2.033333 2.066667 2.100000 2.133333
2.166667 2.200000 2.233333 2.266667 2.300000 2.333333 2.366667 2.400000 2.433333 2.466667 2.500000 2.533333 2.566667 2.600000 2.633333 2.666667
2.700000 2.733333 2.766667 2.800000 2.833333 2.866667 2.900000 2.933333 2.966667 3.000000 3.033333 3.066667 3.100000 3.133333 3.166667 3.200000
3.233333 3.266667 3.300000 3.333333 3.366667 3.400000 3.433333 3.466667 3.500000 3.533333 3.566667 3.600000 3.633333 3.666667 3.700000 3.733333
3.766667 3.800000 3.833333 3.866667 3.900000 3.933333 3.966667 4.000000 4.033333 4.066667 4.100000 4.133333 4.166667 4.200000 4.233333 4.266667
4.300000 4.333333</float_array><technique_common><accessor source="#LeftEye-Matrix-animation-input-array" count="130"><param name="TIME" type="float"/></accessor></technique_common></source><source id="LeftEye-Matrix-animation-output-transform"><float_array id="LeftEye-Matrix-animation-output-transform-array" count="2080">

1.000000 -0.000000 0.000000 0.118111 -0.000000 1.000000 -0.000000 0.257117 0.000000 0.000000 1.000000 0.233434 0.000000 0.000000 0.000000 1.000000
0.999999 -0.000067 0.001423 0.118111 0.000069 0.999999 -0.001578 0.257117 -0.001423 0.001578 0.999998 0.233434 0.000000 0.000000 0.000000 1.000000
0.999987 -0.000222 0.005174 0.118111 0.000252 0.999983 -0.005743 0.257117 -0.005173 0.005744 0.999970 0.233434 0.000000 0.000000 0.000000 1.000000
0.999945 -0.000387 0.010479 0.118111 0.000509 0.999932 -0.011644 0.257117 -0.010474 0.011648 0.999877 0.233434 0.000000 0.000000 0.000000 1.000000
0.999863 -0.000498 0.016561 0.118111 0.000804 0.999830 -0.018426 0.257117 -0.016549 0.018437 0.999693 0.233434 0.000000 0.000000 0.000000 1.000000
0.999743 -0.000527 0.022643 0.118111 0.001098 0.999681 -0.025227 0.257117 -0.022623 0.025245 0.999425 0.233434 0.000000 0.000000 0.000000 1.000000
0.999609 -0.000483 0.027948 0.118111 0.001355 0.999513 -0.031175 0.257117 -0.027920 0.031200 0.999123 0.233434 0.000000 0.000000 0.000000 1.000000
0.999497 -0.000414 0.031700 0.118111 0.001536 0.999372 -0.035390 0.257117 -0.031665 0.035421 0.998871 0.233434 0.000000 0.000000 0.000000 1.000000
0.999451 -0.000380 0.033123 0.118111 0.001605 0.999314 -0.036991 0.257117 -0.033086 0.037023 0.998767 0.233434 0.000000 0.000000 0.000000 1.000000
0.999466 0.000103 0.032666 0.118111 0.001098 0.999324 -0.036751 0.257117 -0.032647 0.036767 0.998790 0.233434 0.000000 0.000000 0.000000 1.000000
0.999509 0.001375 0.031306 0.118111 -0.000246 0.999350 -0.036047 0.257117 -0.031335 0.036022 0.998860 0.233434 0.000000 0.000000 0.000000 1.000000
0.999573 0.003176 0.029060 0.118111 -0.002161 0.999388 -0.034905 0.257117 -0.029153 0.034827 0.998968 0.233434 0.000000 0.000000 0.000000 1.000000
0.999650 0.005248 0.025945 0.118111 -0.004381 0.999434 -0.033348 0.257117 -0.026105 0.033223 0.999107 0.233434 0.000000 0.000000 0.000000 1.000000
0.999732 0.007331 0.021976 0.118111 -0.006639 0.999485 -0.031406 0.257117 -0.022195 0.031251 0.999265 0.233434 0.000000 0.000000 0.000000 1.000000
0.999811 0.009172 0.017167 0.118111 -0.008670 0.999539 -0.029109 0.257117 -0.017427 0.028954 0.999429 0.233434 0.000000 0.000000 0.000000 1.000000
0.999878 0.010515 0.011532 0.118111 -0.010206 0.999597 -0.026493 0.257117 -0.011806 0.026372 0.999582 0.233434 0.000000 0.000000 0.000000 1.000000
0.999925 0.011107 0.005079 0.118111 -0.010984 0.999661 -0.023600 0.257117 -0.005340 0.023542 0.999709 0.233434 0.000000 0.000000 0.000000 1.000000
0.999940 0.010697 -0.002183 0.118111 -0.010740 0.999733 -0.020475 0.257117 0.001964 0.020497 0.999788 0.233434 0.000000 0.000000 0.000000 1.000000
0.999907 0.009033 -0.010252 0.118111 -0.009209 0.999810 -0.017168 0.257117 0.010095 0.017261 0.999800 0.233434 0.000000 0.000000 0.000000 1.000000
0.999800 0.005866 -0.019124 0.118111 -0.006129 0.999887 -0.013733 0.257117 0.019042 0.013848 0.999723 0.233434 0.000000 0.000000 0.000000 1.000000
0.999622 0.000637 -0.027473 0.118111 -0.000856 0.999968 -0.007976 0.257117 0.027467 0.007996 0.999591 0.233434 0.000000 0.000000 0.000000 1.000000
0.999373 -0.006871 -0.034720 0.118111 0.006944 0.999974 0.001980 0.257117 0.034706 -0.002220 0.999395 0.233434 0.000000 0.000000 0.000000 1.000000
0.998982 -0.016398 -0.042016 0.118111 0.017066 0.999733 0.015588 0.257117 0.041749 -0.016289 0.998995 0.233434 0.000000 0.000000 0.000000 1.000000
0.998340 -0.027647 -0.050526 0.118111 0.029300 0.999050 0.032273 0.257117 0.049585 -0.033700 0.998201 0.233434 0.000000 0.000000 0.000000 1.000000
0.997301 -0.040254 -0.061409 0.118111 0.043437 0.997732 0.051415 0.257117 0.059200 -0.053943 0.996788 0.233434 0.000000 0.000000 0.000000 1.000000
0.995672 -0.053771 -0.075803 0.118111 0.059274 0.995618 0.072327 0.257117 0.071582 -0.076507 0.994496 0.233434 0.000000 0.000000 0.000000 1.000000
0.993194 -0.067663 -0.094798 0.118111 0.076617 0.992597 0.094240 0.257117 0.087720 -0.100862 0.991026 0.233434 0.000000 0.000000 0.000000 1.000000
0.989508 -0.081319 -0.119417 0.118111 0.095281 0.988635 0.116283 0.257117 0.108604 -0.126441 0.986011 0.233434 0.000000 0.000000 0.000000 1.000000
0.984109 -0.094086 -0.150587 0.118111 0.115090 0.983798 0.137460 0.257117 0.135215 -0.152607 0.978993 0.233434 0.000000 0.000000 0.000000 1.000000
0.975578 -0.106657 -0.192021 0.118111 0.138304 0.977419 0.159765 0.257117 0.170645 -0.182420 0.968299 0.233434 0.000000 0.000000 0.000000 1.000000
0.962319 -0.118322 -0.244831 0.118111 0.165989 0.968763 0.184246 0.257117 0.215382 -0.217943 0.951899 0.233434 0.000000 0.000000 0.000000 1.000000
0.943674 -0.126655 -0.305675 0.118111 0.196150 0.958140 0.208549 0.257117 0.266465 -0.256760 0.929016 0.233434 0.000000 0.000000 0.000000 1.000000
0.919537 -0.129954 -0.370895 0.118111 0.226792 0.946217 0.230737 0.257117 0.320962 -0.296287 0.899554 0.233434 0.000000 0.000000 0.000000 1.000000
0.890519 -0.127458 -0.436728 0.118111 0.256018 0.933926 0.249474 0.257117 0.376074 -0.333972 0.864310 0.233434 0.000000 0.000000 0.000000 1.000000
0.857997 -0.119383 -0.499589 0.118111 0.282116 0.922310 0.264110 0.257117 0.429246 -0.367548 0.825019 0.233434 0.000000 0.000000 0.000000 1.000000
0.824058 -0.106791 -0.556349 0.118111 0.303653 0.912341 0.274643 0.257117 0.478251 -0.395258 0.784249 0.233434 0.000000 0.000000 0.000000 1.000000
0.791349 -0.091318 -0.604506 0.118111 0.319510 0.904777 0.281588 0.257117 0.521230 -0.415980 0.745171 0.233434 0.000000 0.000000 0.000000 1.000000
0.762873 -0.074828 -0.642204 0.118111 0.328867 0.900097 0.285783 0.257117 0.556661 -0.429216 0.711268 0.233434 0.000000 0.000000 0.000000 1.000000
0.741750 -0.059080 -0.668069 0.118111 0.331102 0.898518 0.288160 0.257117 0.583248 -0.434942 0.686037 0.233434 0.000000 0.000000 0.000000 1.000000
0.730960 -0.045428 -0.680907 0.118111 0.325624 0.900085 0.289509 0.257117 0.599723 -0.433339 0.672719 0.233434 0.000000 0.000000 0.000000 1.000000
0.726634 -0.036102 -0.686076 0.118111 0.317089 0.903517 0.288290 0.257117 0.609474 -0.427028 0.667973 0.233434 0.000000 0.000000 0.000000 1.000000
0.723059 -0.031818 -0.690053 0.118111 0.310466 0.907331 0.283480 0.257117 0.617087 -0.419210 0.665932 0.233434 0.000000 0.000000 0.000000 1.000000
0.720146 -0.031199 -0.693121 0.118111 0.305506 0.911190 0.276402 0.257117 0.622942 -0.410802 0.665721 0.233434 0.000000 0.000000 0.000000 1.000000
0.717767 -0.032861 -0.695508 0.118111 0.301954 0.914760 0.268397 0.257117 0.627403 -0.402658 0.666507 0.233434 0.000000 0.000000 0.000000 1.000000
0.715766 -0.035423 -0.697441 0.118111 0.299563 0.917733 0.260823 0.257117 0.630825 -0.395616 0.667494 0.233434 0.000000 0.000000 0.000000 1.000000
0.713965 -0.037511 -0.699176 0.118111 0.298096 0.919830 0.255052 0.257117 0.633556 -0.390519 0.667908 0.233434 0.000000 0.000000 0.000000 1.000000
0.712168 -0.037759 -0.700992 0.118111 0.297320 0.920795 0.252461 0.257117 0.635938 -0.388214 0.666988 0.233434 0.000000 0.000000 0.000000 1.000000
0.710224 -0.036432 -0.703033 0.118111 0.297332 0.920737 0.252660 0.257117 0.638103 -0.388480 0.664761 0.233434 0.000000 0.000000 0.000000 1.000000
0.708170 -0.034783 -0.705185 0.118111 0.298227 0.920049 0.254108 0.257117 0.639966 -0.390256 0.661924 0.233434 0.000000 0.000000 0.000000 1.000000
0.706097 -0.032925 -0.707350 0.118111 0.299762 0.918897 0.256459 0.257117 0.641537 -0.393122 0.658700 0.233434 0.000000 0.000000 0.000000 1.000000
0.704094 -0.030976 -0.709431 0.118111 0.301700 0.917444 0.259372 0.257117 0.642828 -0.396657 0.655313 0.233434 0.000000 0.000000 0.000000 1.000000
0.702253 -0.029064 -0.711334 0.118111 0.303803 0.915857 0.262505 0.257117 0.643851 -0.400450 0.651993 0.233434 0.000000 0.000000 0.000000 1.000000
