<?xml version="1.0" encoding="utf-8"?>
<COLLADA xmlns="http://www.collada.org/2005/11/COLLADASchema" version="1.4.1">
  <asset><contributor><author></author><authoring_tool>FBX COLLADA exporter</authoring_tool><comments></comments></contributor><created>2014-06-06T15:03:24Z</created><keywords></keywords><modified>2014-06-06T15:03:24Z</modified><revision></revision><subject></subject><title></title><unit meter="0.010000" name="centimeter"></unit><up_axis>Y_UP</up_axis></asset>
  <library_animations>
    <animation id="Root-anim" name="Root"><animation><source id="Root-Matrix-animation-input"><float_array id="Root-Matrix-animation-input-array" count="35">

0.033333 0.066667 0.100000 0.133333 0.166667 0.200000 0.233333 0.266667 0.300000 0.333333 0.366667 0.400000 0.433333 0.466667 0.500000 0.533333
0.566667 0.600000 0.633333 0.666667 0.700000 0.733333 0.766667 0.800000 0.833333 0.866667 0.900000 0.933333 0.966667 1.000000 1.033333 1.066667
1.100000 1.133333 1.166667</float_array><technique_common><accessor source="#Root-Matrix-animation-input-array" count="35"><param name="TIME" type="float"/></accessor></technique_common></source><source id="Root-Matrix-animation-output-transform"><float_array id="Root-Matrix-animation-output-transform-array" count="560">

0.993720 -0.036331 -0.105835 0.000000 0.059605 0.972334 0.225864 0.632539 0.094701 -0.230754 0.968393 -0.092542 0.000000 0.000000 0.000000 1.000000
0.994687 -0.032285 -0.097750 0.000000 0.055260 0.968601 0.242402 0.613213 0.086855 -0.246515 0.965239 -0.091208 0.000000 0.000000 0.000000 1.000000
0.996628 -0.024202 -0.078406 0.000000 0.045210 0.959357 0.278549 0.570694 0.068478 -0.281155 0.957216 -0.085541 0.000000 0.000000 0.000000 1.000000
0.998301 -0.017282 -0.055643 0.000000 0.033943 0.948709 0.314324 0.528177 0.047357 -0.315679 0.947684 -0.073046 0.000000 0.000000 0.000000 1.000000
0.999171 -0.014109 -0.038175 0.000000 0.025948 0.943461 0.330465 0.508852 0.031354 -0.331182 0.943046 -0.051224 0.000000 0.000000 0.000000 1.000000
0.999558 -0.014223 -0.026092 0.000000 0.021469 0.952702 0.303145 0.511356 0.020546 -0.303572 0.952587 -0.017687 0.000000 0.000000 0.000000 1.000000
0.999790 -0.014916 -0.014029 -0.000000 0.017762 0.972633 0.231667 0.518004 0.010189 -0.231868 0.972694 0.024825 0.000000 0.000000 0.000000 1.000000
0.999889 -0.014588 -0.002917 -0.000000 0.014845 0.991100 0.132290 0.527495 0.000961 -0.132319 0.991207 0.071111 0.000000 0.000000 0.000000 1.000000
0.999898 -0.012885 0.006168 -0.000000 0.012739 0.999651 0.023130 0.538531 -0.006464 -0.023049 0.999713 0.115973 0.000000 0.000000 0.000000 1.000000
0.999869 -0.010557 0.012255 -0.000000 0.011462 0.997020 -0.076293 0.549812 -0.011413 0.076424 0.997010 0.154215 0.000000 0.000000 0.000000 1.000000
0.999852 -0.008971 0.014690 -0.000000 0.011032 0.989103 -0.146810 0.560040 -0.013213 0.146950 0.989056 0.180640 0.000000 0.000000 0.000000 1.000000
0.999852 -0.008251 0.015106 -0.000000 0.011032 0.980861 -0.194396 0.571735 -0.013213 0.194534 0.980807 0.197172 0.000000 0.000000 0.000000 1.000000
0.999852 -0.007587 0.015450 -0.000000 0.011032 0.971485 -0.236843 0.585416 -0.013213 0.236978 0.971425 0.209595 0.000000 0.000000 0.000000 1.000000
0.999852 -0.006992 0.015728 -0.000000 0.011032 0.961744 -0.273726 0.596781 -0.013213 0.273859 0.961679 0.218497 0.000000 0.000000 0.000000 1.000000
0.999852 -0.006480 0.015946 -0.000000 0.011032 0.952393 -0.304674 0.601526 -0.013213 0.304805 0.952323 0.224465 0.000000 0.000000 0.000000 1.000000
0.999852 -0.006063 0.016109 -0.000000 0.011032 0.944146 -0.329343 0.598647 -0.013213 0.329472 0.944073 0.228084 0.000000 0.000000 0.000000 1.000000
0.999852 -0.005753 0.016223 -0.000000 0.011032 0.937650 -0.347406 0.591615 -0.013213 0.347534 0.937574 0.229943 0.000000 0.000000 0.000000 1.000000
0.999852 -0.005560 0.016290 -0.000000 0.011032 0.933455 -0.358524 0.582843 -0.013213 0.358651 0.933378 0.230627 0.000000 0.000000 0.000000 1.000000
0.999852 -0.005493 0.016312 -0.000000 0.011032 0.931988 -0.362322 0.574743 -0.013213 0.362448 0.931910 0.230725 0.000000 0.000000 0.000000 1.000000
0.999861 -0.006546 0.015334 -0.000000 0.011577 0.934398 -0.356042 0.566736 -0.011997 0.356170 0.934344 0.225579 0.000000 0.000000 0.000000 1.000000
0.999877 -0.009450 0.012496 -0.000000 0.013120 0.940980 -0.338208 0.557452 -0.008563 0.338330 0.940989 0.211871 0.000000 0.000000 0.000000 1.000000
0.999874 -0.013750 0.007882 -0.000000 0.015517 0.950527 -0.310254 0.548108 -0.003226 0.310337 0.950621 0.192197 0.000000 0.000000 0.000000 1.000000
0.999820 -0.018926 0.001541 -0.000000 0.018626 0.961663 -0.273600 0.539924 0.003696 0.273580 0.961842 0.169157 0.000000 0.000000 0.000000 1.000000
0.999681 -0.024437 -0.006445 -0.000000 0.022304 0.973001 -0.229719 0.534120 0.011884 0.229502 0.973236 0.145347 0.000000 0.000000 0.000000 1.000000
0.999430 -0.029761 -0.015924 -0.000000 0.026409 0.983277 -0.180194 0.531915 0.021021 0.179671 0.983502 0.123364 0.000000 0.000000 0.000000 1.000000
0.999051 -0.034440 -0.026650 -0.000000 0.030798 0.991459 -0.126732 0.534733 0.030787 0.125791 0.991579 0.100953 0.000000 0.000000 0.000000 1.000000
0.998540 -0.038121 -0.038271 -0.000000 0.035329 0.996839 -0.071164 0.542380 0.040863 0.069708 0.996730 0.075048 0.000000 0.000000 0.000000 1.000000
0.997907 -0.040587 -0.050351 -0.000000 0.039859 0.999087 -0.015391 0.553650 0.050930 0.013352 0.998613 0.047028 0.000000 0.000000 0.000000 1.000000
0.997177 -0.041781 -0.062395 -0.000000 0.044246 0.998272 0.038659 0.567334 0.060672 -0.041311 0.997303 0.018272 0.000000 0.000000 0.000000 1.000000
0.996391 -0.041807 -0.073878 0.000000 0.048347 0.994850 0.089087 0.582227 0.069773 -0.092337 0.993280 -0.009845 0.000000 0.000000 0.000000 1.000000
0.995602 -0.040920 -0.084279 0.000000 0.052022 0.989607 0.134058 0.597120 0.077917 -0.137852 0.987383 -0.035939 0.000000 0.000000 0.000000 1.000000
0.994872 -0.039492 -0.093108 0.000000 0.055126 0.983581 0.171839 0.610804 0.084793 -0.176091 0.980715 -0.058634 0.000000 0.000000 0.000000 1.000000
0.994271 -0.037965 -0.099917 0.000000 0.057520 0.977944 0.200791 0.622075 0.090090 -0.205387 0.974525 -0.076553 0.000000 0.000000 0.000000 1.000000
0.993866 -0.036786 -0.104290 0.000000 0.059060 0.973863 0.219326 0.629722 0.093496 -0.224140 0.970062 -0.088315 0.000000 0.000000 0.000000 1.000000
1.000000 -0.000000 -0.000000 0.000000 0.000000 1.000000 -0.000000 0.565033 0.000000 -0.000000 1.000000 -0.092542 0.000000 0.000000 0.000000 1.000000</float_array><technique_common><accessor source="#Root-Matrix-animation-output-transform-array" count="35" stride="16"><param type="float4x4"/></accessor></technique_common></source><source id="Root-Interpolations"><Name_array id="Root-Interpolations-array" count="35">
 LINEAR LINEAR LINEAR LINEAR LINEAR LINEAR LINEAR LINEAR LINEAR LINEAR LINEAR
LINEAR LINEAR LINEAR LINEAR LINEAR LINEAR LINEAR LINEAR LINEAR LINEAR LINEAR LINEAR
LINEAR LINEAR LINEAR LINEAR LINEAR LINEAR LINEAR LINEAR LINEAR LINEAR LINEAR LINEAR</Name_array><technique_common><accessor source="#Root-Interpolations-array" count="35"><param type="name"/></accessor></technique_common></source><sampler id="Root-Matrix-animation-transform"><input semantic="INPUT" source="#Root-Matrix-animation-input"/><input semantic="OUTPUT" source="#Root-Matrix-animation-output-transform"/><input semantic="INTERPOLATION" source="#Root-Interpolations"/></sampler><channel source="#Root-Matrix-animation-transform" target="Root/matrix"/></animation><animation><source id="Root-visibility-animation-input"><float_array id="Root-visibility-animation-input-array" count="35">

0.033333 0.066667 0.100000 0.133333 0.166667 0.200000 0.233333 0.266667 0.300000 0.333333 0.366667 0.400000 0.433333 0.466667 0.500000 0.533333
0.566667 0.600000 0.633333 0.666667 0.700000 0.733333 0.766667 0.800000 0.833333 0.866667 0.900000 0.933333 0.966667 1.000000 1.033333 1.066667
1.100000 1.133333 1.166667</float_array><technique_common><accessor source="#Root-visibility-animation-input-array" count="35"><param name="TIME" type="float"/></accessor></technique_common></source><source id="Root-visibility-animation-output"><float_array id="Root-visibility-animation-output-array" count="35">

1.000000 1.000000 1.000000 1.000000 1.000000 1.000000 1.000000 1.000000 1.000000 1.000000 1.000000 1.000000 1.000000 1.000000 1.000000 1.000000
1.000000 1.000000 1.000000 1.000000 1.000000 1.000000 1.000000 1.000000 1.000000 1.000000 1.000000 1.000000 1.000000 1.000000 1.000000 1.000000
1.000000 1.000000 1.000000</float_array><technique_common><accessor source="#Root-visibility-animation-output-array" count="35"><param type="float"/></accessor></technique_common></source><source id="Root-visibility-animation-intan"><float_array id="Root-visibility-animation-intan-array" count="35">

0.000000 0.000000 0.000000 0.000000 0.000000 0.000000 0.000000 0.000000 0.000000 0.000000 0.000000 0.000000 0.000000 0.000000 0.000000 0.000000
0.000000 0.000000 0.000000 0.000000 0.000000 0.000000 0.000000 0.000000 0.000000 0.000000 0.000000 0.000000 0.000000 0.000000 0.000000 0.000000
0.000000 0.000000 0.000000</float_array><technique_common><accessor source="#Root-visibility-animation-intan-array" count="35"><param type="float"/></accessor></technique_common></source><source id="Root-visibility-animation-outtan"><float_array id="Root-visibility-animation-outtan-array" count="35">

0.000000 0.000000 0.000000 0.000000 0.000000 0.000000 0.000000 0.000000 0.000000 0.000000 0.000000 0.000000 0.000000 0.000000 0.000000 0.000000
0.000000 0.000000 0.000000 0.000000 0.000000 0.000000 0.000000 0.000000 0.000000 0.000000 0.000000 0.000000 0.000000 0.000000 0.000000 0.000000
0.000000 0.000000 0.000000</float_array><technique_common><accessor source="#Root-visibility-animation-outtan-array" count="35"><param type="float"/></accessor></technique_common></source><source id="Root-visibility-animation-interpolation"><Name_array id="Root-visibility-animation-interpolation-array" count="35">
 BEZIER BEZIER BEZIER BEZIER BEZIER BEZIER BEZIER BEZIER BEZIER BEZIER BEZIER
BEZIER BEZIER BEZIER BEZIER BEZIER BEZIER BEZIER BEZIER BEZIER BEZIER BEZIER BEZIER
BEZIER BEZIER BEZIER BEZIER BEZIER BEZIER BEZIER BEZIER BEZIER BEZIER BEZIER BEZIER</Name_array><technique_common><accessor source="#Root-visibility-animation-interpolation-array" count="35"><param type="name"/></accessor></technique_common></source><sampler id="Root-visibility-animation"><input semantic="INPUT" source="#Root-visibility-animation-input"/><input semantic="OUTPUT" source="#Root-visibility-animation-output"/><input semantic="IN_TANGENT" source="#Root-visibility-animation-intan"/><input semantic="OUT_TANGENT" source="#Root-visibility-animation-outtan"/><input semantic="INTERPOLATION" source="#Root-visibility-animation-interpolation"/></sampler><channel source="#Root-visibility-animation" target="Root/visibility"/></animation></animation>
    <animation id="LeftEye-anim" name="LeftEye"><animation><source id="LeftEye-Matrix-animation-input"><float_array id="LeftEye-Matrix-animation-input-array" count="35">

0.033333 0.066667 0.100000 0.133333 0.166667 0.200000 0.233333 0.266667 0.300000 0.333333 0.366667 0.400000 0.433333 0.466667 0.500000 0.533333
0.566667 0.600000 0.633333 0.666667 0.700000 0.733333 0.766667 0.800000 0.833333 0.866667 0.900000 0.933333 0.966667 1.000000 1.033333 1.066667
1.100000 1.133333 1.166667</float_array><technique_common><accessor source="#LeftEye-Matrix-animation-input-array" count="35"><param name="TIME" type="float"/></accessor></technique_common></source><source id="LeftEye-Matrix-animation-output-transform"><float_array id="LeftEye-Matrix-animation-output-transform-array" count="560">

0.978044 -0.102256 0.181585 0.118111 0.038537 0.945058 0.324624 0.257117 -0.204803 -0.310499 0.928249 0.233434 0.000000 0.000000 0.000000 1.000000
0.978106 -0.106770 0.178629 0.118111 0.041409 0.941044 0.335741 0.257117 -0.203945 -0.320993 0.924862 0.233434 0.000000 0.000000 0.000000 1.000000
0.978223 -0.118589 0.170345 0.118111 0.049002 0.929456 0.365664 0.257117 -0.201692 -0.349354 0.915026 0.233434 0.000000 0.000000 0.000000 1.000000
0.978272 -0.134823 0.157501 0.118111 0.059640 0.910572 0.409025 0.257117 -0.198562 -0.390744 0.898828 0.233434 0.000000 0.000000 0.000000 1.000000
0.978176 -0.152593 0.141023 0.118111 0.071661 0.884833 0.460364 0.257117 -0.195030 -0.440212 0.876457 0.233434 0.000000 0.000000 0.000000 1.000000
0.977933 -0.169456 0.122198 0.118111 0.083610 0.853463 0.514403 0.257117 -0.191460 -0.492835 0.848797 0.233434 0.000000 0.000000 0.000000 1.000000
0.977605 -0.183698 0.102683 0.118111 0.094366 0.818762 0.566325 0.257117 -0.188106 -0.543952 0.817760 0.233434 0.000000 0.000000 0.000000 1.000000
0.977277 -0.194454 0.084359 0.118111 0.103190 0.784103 0.611992 0.257117 -0.185151 -0.589381 0.786352 0.233434 0.000000 0.000000 0.000000 1.000000
0.977018 -0.201636 0.069127 0.118111 0.109693 0.753679 0.648024 0.257117 -0.182764 -0.625549 0.758476 0.233434 0.000000 0.000000 0.000000 1.000000
0.976859 -0.205651 0.058777 0.118111 0.113715 0.732115 0.671622 0.257117 -0.181151 -0.649396 0.738558 0.233434 0.000000 0.000000 0.000000 1.000000
0.976805 -0.206956 0.054969 0.118111 0.115117 0.723989 0.680138 0.257117 -0.180556 -0.658034 0.731020 0.233434 0.000000 0.000000 0.000000 1.000000
0.976934 -0.204618 0.061081 0.118111 0.111804 0.733826 0.670074 0.257117 -0.181933 -0.647789 0.739777 0.233434 0.000000 0.000000 0.000000 1.000000
0.977235 -0.197673 0.077053 0.118111 0.103007 0.759574 0.642213 0.257117 -0.185475 -0.619656 0.762644 0.233434 0.000000 0.000000 0.000000 1.000000
0.977562 -0.185818 0.099218 0.118111 0.090266 0.795099 0.599725 0.257117 -0.190327 -0.577312 0.794032 0.233434 0.000000 0.000000 0.000000 1.000000
0.977782 -0.169159 0.123806 0.118111 0.075190 0.834322 0.546126 0.257117 -0.195676 -0.524683 0.828504 0.233434 0.000000 0.000000 0.000000 1.000000
0.977824 -0.149009 0.147161 0.118111 0.059753 0.871974 0.485891 0.257117 -0.200722 -0.466323 0.861541 0.233434 0.000000 0.000000 0.000000 1.000000
0.977742 -0.128194 0.166096 0.118111 0.046429 0.904208 0.424562 0.257117 -0.204611 -0.407400 0.890033 0.233434 0.000000 0.000000 0.000000 1.000000
0.977730 -0.110919 0.178159 0.118111 0.038219 0.928830 0.368529 0.257117 -0.206356 -0.353513 0.912385 0.233434 0.000000 0.000000 0.000000 1.000000
0.978044 -0.102256 0.181585 0.118111 0.038537 0.945058 0.324624 0.257117 -0.204803 -0.310499 0.928249 0.233434 0.000000 0.000000 0.000000 1.000000
0.978414 -0.103174 0.179056 0.118111 0.048000 0.956216 0.288700 0.257117 -0.201002 -0.273873 0.940527 0.233434 0.000000 0.000000 0.000000 1.000000
0.978352 -0.110194 0.175169 0.118111 0.063494 0.965455 0.252715 0.257117 -0.196965 -0.236122 0.951552 0.233434 0.000000 0.000000 0.000000 1.000000
0.977704 -0.121815 0.171047 0.118111 0.083058 0.972453 0.217798 0.257117 -0.192866 -0.198735 0.960889 0.233434 0.000000 0.000000 0.000000 1.000000
0.976396 -0.136412 0.167459 0.118111 0.104755 0.977109 0.185163 0.257117 -0.188884 -0.163250 0.968335 0.233434 0.000000 0.000000 0.000000 1.000000
0.974500 -0.152275 0.164809 0.118111 0.126683 0.979595 0.156029 0.257117 -0.185205 -0.131172 0.973906 0.233434 0.000000 0.000000 0.000000 1.000000
0.972251 -0.167647 0.163164 0.118111 0.146963 0.980352 0.131573 0.257117 -0.182016 -0.103943 0.977786 0.233434 0.000000 0.000000 0.000000 1.000000
0.970034 -0.180772 0.162341 0.118111 0.163742 0.980023 0.112885 0.257117 -0.179504 -0.082920 0.980256 0.233434 0.000000 0.000000 0.000000 1.000000
0.968339 -0.189910 0.162027 0.118111 0.175174 0.979346 0.100970 0.257117 -0.177856 -0.069391 0.981607 0.233434 0.000000 0.000000 0.000000 1.000000
0.967674 -0.193338 0.161950 0.118111 0.179403 0.979003 0.096786 0.257117 -0.177262 -0.064603 0.982041 0.233434 0.000000 0.000000 0.000000 1.000000
0.968758 -0.188285 0.161418 0.118111 0.172022 0.978985 0.109530 0.257117 -0.178649 -0.078341 0.980789 0.233434 0.000000 0.000000 0.000000 1.000000
0.971300 -0.175159 0.160923 0.118111 0.152756 0.977944 0.142447 0.257117 -0.182324 -0.113777 0.976633 0.233434 0.000000 0.000000 0.000000 1.000000
0.974155 -0.157105 0.162299 0.118111 0.125881 0.974178 0.187435 0.257117 -0.187555 -0.162160 0.968776 0.233434 0.000000 0.000000 0.000000 1.000000
0.976408 -0.137501 0.166497 0.118111 0.095897 0.966965 0.236185 0.257117 -0.193473 -0.214646 0.957338 0.233434 0.000000 0.000000 0.000000 1.000000
0.977645 -0.119777 0.172810 0.118111 0.067736 0.957479 0.280438 0.257117 -0.199051 -0.262464 0.944188 0.233434 0.000000 0.000000 0.000000 1.000000
0.978022 -0.107092 0.178896 0.118111 0.046757 0.948811 0.312365 0.257117 -0.203190 -0.297135 0.932965 0.233434 0.000000 0.000000 0.000000 1.000000
1.000000 -0.000000 0.000000 0.118111 -0.000000 1.000000 -0.000000 0.257117 0.000000 0.000000 1.000000 0.233434 0.000000 0.000000 0.000000 1.000000</float_array><technique_common><accessor source="#LeftEye-Matrix-animation-output-transform-array" count="35" stride="16"><param type="float4x4"/></accessor></technique_common></source><source id="LeftEye-Interpolations"><Name_array id="LeftEye-Interpolations-array" count="35">
 LINEAR LINEAR LINEAR LINEAR LINEAR LINEAR LINEAR LINEAR LINEAR LINEAR LINEAR
LINEAR LINEAR LINEAR LINEAR LINEAR LINEAR LINEAR LINEAR LINEAR LINEAR LINEAR LINEAR
LINEAR LINEAR LINEAR LINEAR LINEAR LINEAR LINEAR LINEAR LINEAR LINEAR LINEAR LINEAR</Name_array><technique_common><accessor source="#LeftEye-Interpolations-array" count="35"><param type="name"/></accessor></technique_common></source><sampler id="LeftEye-Matrix-animation-transform"><input semantic="INPUT" source="#LeftEye-Matrix-animation-input"/><input semantic="OUTPUT" source="#LeftEye-Matrix-animation-output-transform"/><input semantic="INTERPOLATION" source="#LeftEye-Interpolations"/></sampler><channel source="#LeftEye-Matrix-animation-transform" target="LeftEye/matrix"/></animation><animation><source id="LeftEye-visibility-animation-input"><float_array id="LeftEye-visibility-animation-input-array" count="35">

0.033333 0.066667 0.100000 0.133333 0.166667 0.200000 0.233333 0.266667 0.300000 0.333333 0.366667 0.400000 0.433333 0.466667 0.500000 0.533333
0.566667 0.600000 0.633333 0.666667 0.700000 0.733333 0.766667 0.800000 0.833333 0.866667 0.900000 0.933333 0.966667 1.000000 1.033333 1.066667
1.100000 1.133333 1.166667</float_array><technique_common><accessor source="#LeftEye-visibility-animation-input-array" count="35"><param name="TIME" type="float"/></accessor></technique_common></source><source id="LeftEye-visibility-animation-output"><float_array id="LeftEye-visibility-animation-output-array" count="35">

1.000000 1.000000 1.000000 1.000000 1.000000 1.000000 1.000000 1.000000 1.000000 1.000000 1.000000 1.000000 1.000000 1.000000 1.000000 1.000000
1.000000 1.000000 1.000000 1.000000 1.000000 1.000000 1.000000 1.000000 1.000000 1.000000 1.000000 1.000000 1.000000 1.000000 1.000000 1.000000
1.000000 1.000000 1.000000</float_array><technique_common><accessor source="#LeftEye-visibility-animation-output-array" count="35"><param type="float"/></accessor></technique_common></source><source id="LeftEye-visibility-animation-intan"><float_array id="LeftEye-visibility-animation-intan-array" count="35">

0.000000 0.000000 0.000000 0.000000 0.000000 0.000000 0.000000 0.000000 0.000000 0.000000 0.000000 0.000000 0.000000 0.000000 0.000000 0.000000
0.000000 0.000000 0.000000 0.000000 0.000000 0.000000 0.000000 0.000000 0.000000 0.000000 0.000000 0.000000 0.000000 0.000000 0.000000 0.000000
0.000000 0.000000 0.000000</float_array><technique_common><accessor source="#LeftEye-visibility-animation-intan-array" count="35"><param type="float"/></accessor></technique_common></source><source id="LeftEye-visibility-animation-outtan"><float_array id="LeftEye-visibility-animation-outtan-array" count="35">

0.000000 0.000000 0.000000 0.000000 0.000000 0.000000 0.000000 0.000000 0.000000 0.000000 0.000000 0.000000 0.000000 0.000000 0.000000 0.000000
0.000000 0.000000 0.000000 0.000000 0.000000 0.000000 0.000000 0.000000 0.000000 0.000000 0.000000 0.000000 0.000000 0.000000 0.000000 0.000000
0.000000 0.000000 0.000000</float_array><technique_common><accessor source="#LeftEye-visibility-animation-outtan-array" count="35"><param type="float"/></accessor></technique_common></source><source id="LeftEye-visibility-animation-interpolation"><Name_array id="LeftEye-visibility-animation-interpolation-array" count="35">
 BEZIER BEZIER BEZIER BEZIER BEZIER BEZIER BEZIER BEZIER BEZIER BEZIER BEZIER
BEZIER BEZIER BEZIER BEZIER BEZIER BEZIER BEZIER BEZIER BEZIER BEZIER BEZIER BEZIER
BEZIER BEZIER BEZIER BEZIER BEZIER BEZIER BEZIER BEZIER BEZIER BEZIER BEZIER BEZIER</Name_array><technique_common><accessor source="#LeftEye-visibility-animation-interpolation-array" count="35"><param type="name"/></accessor></technique_common></source><sampler id="LeftEye-visibility-animation"><input semantic="INPUT" source="#LeftEye-visibility-animation-input"/><input semantic="OUTPUT" source="#LeftEye-visibility-animation-output"/><input semantic="IN_TANGENT" source="#LeftEye-visibility-animation-intan"/><input semantic="OUT_TANGENT" source="#LeftEye-visibility-animation-outtan"/><input semantic="INTERPOLATION" source="#LeftEye-visibility-animation-interpolation"/></sampler><channel source="#LeftEye-visibility-animation" target="LeftEye/visibility"/></animation></animation>
    <animation id="LeftEye1-anim" name="LeftEye1"><animation><source id="LeftEye1-Matrix-animation-input"><float_array id="LeftEye1-Matrix-animation-input-array" count="35">

0.033333 0.066667 0.100000 0.133333 0.166667 0.200000 0.233333 0.266667 0.300000 0.333333 0.366667 0.400000 0.433333 0.466667 0.500000 0.533333
0.566667 0.600000 0.633333 0.666667 0.700000 0.733333 0.766667 0.800000 0.833333 0.866667 0.900000 0.933333 0.966667 1.000000 1.033333 1.066667
1.100000 1.133333 1.166667</float_array><technique_common><accessor source="#LeftEye1-Matrix-animation-input-array" count="35"><param name="TIME" type="float"/></accessor></technique_common></source><source id="LeftEye1-Matrix-animation-output-transform"><float_array id="LeftEye1-Matrix-animation-output-transform-array" count="560">

1.000000 -0.000000 0.000000 0.024914 0.000000 1.000000 0.000000 0.045545 -0.000000 -0.000000 1.000000 0.054627 0.000000 0.000000 0.000000 1.000000
1.000000 -0.000000 0.000000 0.024914 0.000000 1.000000 -0.000000 0.045545 -0.000000 -0.000000 1.000000 0.054627 0.000000 0.000000 0.000000 1.000000
1.000000 -0.000000 0.000000 0.024914 0.000000 1.000000 -0.000000 0.045545 -0.000000 0.000000 1.000000 0.054627 0.000000 0.000000 0.000000 1.000000
1.000000 -0.000000 0.000000 0.024914 0.000000 1.000000 -0.000000 0.045545 -0.000000 0.000000 1.000000 0.054627 0.000000 0.000000 0.000000 1.000000
1.000000 0.000000 0.000000 0.024914 0.000000 1.000000 -0.000000 0.045545 -0.000000 0.000000 1.000000 0.054627 0.000000 0.000000 0.000000 1.000000
1.000000 -0.000000 0.000000 0.024914 0.000000 1.000000 -0.000000 0.045545 -0.000000 0.000000 1.000000 0.054627 0.000000 0.000000 0.000000 1.000000
1.000000 -0.000000 0.000000 0.024914 0.000000 1.000000 -0.000000 0.045545 -0.000000 0.000000 1.000000 0.054627 0.000000 0.000000 0.000000 1.000000
1.000000 0.000000 0.000000 0.024914 0.000000 1.000000 -0.000000 0.045545 -0.000000 0.000000 1.000000 0.054627 0.000000 0.000000 0.000000 1.000000
1.000000 -0.000000 0.000000 0.024914 0.000000 1.000000 -0.000000 0.045545 -0.000000 0.000000 1.000000 0.054627 0.000000 0.000000 0.000000 1.000000
1.000000 -0.000000 0.000000 0.024914 0.000000 1.000000 0.000000 0.045545 -0.000000 -0.000000 1.000000 0.054627 0.000000 0.000000 0.000000 1.000000
1.000000 0.000000 0.000000 0.024914 -0.000000 1.000000 -0.000000 0.045545 -0.000000 0.000000 1.000000 0.054627 0.000000 0.000000 0.000000 1.000000
1.000000 -0.000000 0.000000 0.024914 0.000000 1.000000 -0.000000 0.045545 -0.000000 0.000000 1.000000 0.054627 0.000000 0.000000 0.000000 1.000000
1.000000 -0.000000 0.000000 0.024914 0.000000 1.000000 -0.000000 0.045545 -0.000000 0.000000 1.000000 0.054627 0.000000 0.000000 0.000000 1.000000
1.000000 0.000000 0.000000 0.024914 -0.000000 1.000000 -0.000000 0.045545 -0.000000 0.000000 1.000000 0.054627 0.000000 0.000000 0.000000 1.000000
1.000000 0.000000 0.000000 0.024914 -0.000000 1.000000 -0.000000 0.045545 -0.000000 0.000000 1.000000 0.054627 0.000000 0.000000 0.000000 1.000000
1.000000 -0.000000 0.000000 0.024914 0.000000 1.000000 -0.000000 0.045545 -0.000000 0.000000 1.000000 0.054627 0.000000 0.000000 0.000000 1.000000
1.000000 0.000000 -0.000000 0.024914 -0.000000 1.000000 -0.000000 0.045545 0.000000 0.000000 1.000000 0.054627 0.000000 0.000000 0.000000 1.000000
1.000000 -0.000000 0.000000 0.024914 0.000000 1.000000 -0.000000 0.045545 -0.000000 0.000000 1.000000 0.054627 0.000000 0.000000 0.000000 1.000000
1.000000 -0.000000 0.000000 0.024914 0.000000 1.000000 -0.000000 0.045545 -0.000000 0.000000 1.000000 0.054627 0.000000 0.000000 0.000000 1.000000
1.000000 -0.000000 -0.000000 0.024914 0.000000 1.000000 -0.000000 0.045545 0.000000 0.000000 1.000000 0.054627 0.000000 0.000000 0.000000 1.000000
1.000000 -0.000000 -0.000000 0.024914 0.000000 1.000000 -0.000000 0.045545 0.000000 0.000000 1.000000 0.054627 0.000000 0.000000 0.000000 1.000000
1.000000 -0.000000 0.000000 0.024914 0.000000 1.000000 -0.000000 0.045545 -0.000000 0.000000 1.000000 0.054627 0.000000 0.000000 0.000000 1.000000
1.000000 0.000000 0.000000 0.024914 -0.000000 1.000000 -0.000000 0.045545 -0.000000 0.000000 1.000000 0.054627 0.000000 0.000000 0.000000 1.000000
1.000000 -0.000000 -0.000000 0.024914 0.000000 1.000000 0.000000 0.045545 0.000000 -0.000000 1.000000 0.054627 0.000000 0.000000 0.000000 1.000000
1.000000 -0.000000 0.000000 0.024914 0.000000 1.000000 -0.000000 0.045545 -0.000000 0.000000 1.000000 0.054627 0.000000 0.000000 0.000000 1.000000
1.000000 0.000000 -0.000000 0.024914 0.000000 1.000000 -0.000000 0.045545 -0.000000 0.000000 1.000000 0.054627 0.000000 0.000000 0.000000 1.000000
1.000000 -0.000000 0.000000 0.024914 0.000000 1.000000 -0.000000 0.045545 -0.000000 0.000000 1.000000 0.054627 0.000000 0.000000 0.000000 1.000000
1.000000 -0.000000 0.000000 0.024914 0.000000 1.000000 -0.000000 0.045545 -0.000000 0.000000 1.000000 0.054627 0.000000 0.000000 0.000000 1.000000
1.000000 -0.000000 0.000000 0.024914 0.000000 1.000000 -0.000000 0.045545 -0.000000 0.000000 1.000000 0.054627 0.000000 0.000000 0.000000 1.000000
1.000000 -0.000000 0.000000 0.024914 0.000000 1.000000 0.000000 0.045545 -0.000000 0.000000 1.000000 0.054627 0.000000 0.000000 0.000000 1.000000
1.000000 -0.000000 0.000000 0.024914 0.000000 1.000000 -0.000000 0.045545 -0.000000 0.000000 1.000000 0.054627 0.000000 0.000000 0.000000 1.000000
1.000000 0.000000 0.000000 0.024914 -0.000000 1.000000 -0.000000 0.045545 -0.000000 0.000000 1.000000 0.054627 0.000000 0.000000 0.000000 1.000000
1.000000 -0.000000 0.000000 0.024914 0.000000 1.000000 -0.000000 0.045545 -0.000000 0.000000 1.000000 0.054627 0.000000 0.000000 0.000000 1.000000
1.000000 -0.000000 0.000000 0.024914 0.000000 1.000000 0.000000 0.045545 -0.000000 -0.000000 1.000000 0.054627 0.000000 0.000000 0.000000 1.000000
1.000000 -0.000000 0.000000 0.024914 -0.000000 1.000000 -0.000000 0.045545 0.000000 0.000000 1.000000 0.054627 0.000000 0.000000 0.000000 1.000000</float_array><technique_common><accessor source="#LeftEye1-Matrix-animation-output-transform-array" count="35" stride="16"><param type="float4x4"/></accessor></technique_common></source><source id="LeftEye1-Interpolations"><Name_array id="LeftEye1-Interpolations-array" count="35">
 LINEAR LINEAR LINEAR LINEAR LINEAR LINEAR LINEAR LINEAR LINEAR LINEAR LINEAR
LINEAR LINEAR LINEAR LINEAR LINEAR LINEAR LINEAR LINEAR LINEAR LINEAR LINEAR LINEAR
LINEAR LINEAR LINEAR LINEAR LINEAR LINEAR LINEAR LINEAR LINEAR LINEAR LINEAR LINEAR</Name_array><technique_common><accessor source="#LeftEye1-Interpolations-array" count="35"><param type="name"/></accessor></technique_common></source><sampler id="LeftEye1-Matrix-animation-transform"><input semantic="INPUT" source="#LeftEye1-Matrix-animation-input"/><input semantic="OUTPUT" source="#LeftEye1-Matrix-animation-output-transform"/><input semantic="INTERPOLATION" source="#LeftEye1-Interpolations"/></sampler><channel source="#LeftEye1-Matrix-animation-transform" target="LeftEye1/matrix"/></animation><animation><source id="LeftEye1-visibility-animation-input"><float_array id="LeftEye1-visibility-animation-input-array" count="35">

0.033333 0.066667 0.100000 0.133333 0.166667 0.200000 0.233333 0.266667 0.300000 0.333333 0.366667 0.400000 0.433333 0.466667 0.500000 0.533333
0.566667 0.600000 0.633333 0.666667 0.700000 0.733333 0.766667 0.800000 0.833333 0.866667 0.900000 0.933333 0.966667 1.000000 1.033333 1.066667
1.100000 1.133333 1.166667</float_array><technique_common><accessor source="#LeftEye1-visibility-animation-input-array" count="35"><param name="TIME" type="float"/></accessor></technique_common></source><source id="LeftEye1-visibility-animation-output"><float_array id="LeftEye1-visibility-animation-output-array" count="35">

1.000000 1.000000 1.000000 1.000000 1.000000 1.000000 1.000000 1.000000 1.000000 1.000000 1.000000 1.000000 1.000000 1.000000 1.000000 1.000000
1.000000 1.000000 1.000000 1.000000 1.000000 1.000000 1.000000 1.000000 1.000000 1.000000 1.000000 1.000000 1.000000 1.000000 1.000000 1.000000
1.000000 1.000000 1.000000</float_array><technique_common><accessor source="#LeftEye1-visibility-animation-output-array" count="35"><param type="float"/></accessor></technique_common></source><source id="LeftEye1-visibility-animation-intan"><float_array id="LeftEye1-visibility-animation-intan-array" count="35">

0.000000 0.000000 0.000000 0.000000 0.000000 0.000000 0.000000 0.000000 0.000000 0.000000 0.000000 0.000000 0.000000 0.000000 0.000000 0.000000
0.000000 0.000000 0.000000 0.000000 0.000000 0.000000 0.000000 0.000000 0.000000 0.000000 0.000000 0.000000 0.000000 0.000000 0.000000 0.000000
0.000000 0.000000 0.000000</float_array><technique_common><accessor source="#LeftEye1-visibility-animation-intan-array" count="35"><param type="float"/></accessor></technique_common></source><source id="LeftEye1-visibility-animation-outtan"><float_array id="LeftEye1-visibility-animation-outtan-array" count="35">

0.000000 0.000000 0.000000 0.000000 0.000000 0.000000 0.000000 0.000000 0.000000 0.000000 0.000000 0.000000 0.000000 0.000000 0.000000 0.000000
0.000000 0.000000 0.000000 0.000000 0.000000 0.000000 0.000000 0.000000 0.000000 0.000000 0.000000 0.000000 0.000000 0.000000 0.000000 0.000000
0.000000 0.000000 0.000000</float_array><technique_common><accessor source="#LeftEye1-visibility-animation-outtan-array" count="35"><param type="float"/></accessor></technique_common></source><source id="LeftEye1-visibility-animation-interpolation"><Name_array id="LeftEye1-visibility-animation-interpolation-array" count="35">
 BEZIER BEZIER BEZIER BEZIER BEZIER BEZIER BEZIER BEZIER BEZIER BEZIER BEZIER
BEZIER BEZIER BEZIER BEZIER BEZIER BEZIER BEZIER BEZIER BEZIER BEZIER BEZIER BEZIER
BEZIER BEZIER BEZIER BEZIER BEZIER BEZIER BEZIER BEZIER BEZIER BEZIER BEZIER BEZIER</Name_array><technique_common><accessor source="#LeftEye1-visibility-animation-interpolation-array" count="35"><param type="name"/></accessor></technique_common></source><sampler id="LeftEye1-visibility-animation"><input semantic="INPUT" source="#LeftEye1-visibility-animation-input"/><input semantic="OUTPUT" source="#LeftEye1-visibility-animation-output"/><input semantic="IN_TANGENT" source="#LeftEye1-visibility-animation-intan"/><input semantic="OUT_TANGENT" source="#LeftEye1-visibility-animation-outtan"/><input semantic="INTERPOLATION" source="#LeftEye1-visibility-animation-interpolation"/></sampler><channel source="#LeftEye1-visibility-animation" target="LeftEye1/visibility"/></animation></animation>
    <animation id="RightEye-anim" name="RightEye"><animation><source id="RightEye-Matrix-animation-input"><float_array id="RightEye-Matrix-animation-input-array" count="35">

0.033333 0.066667 0.100000 0.133333 0.166667 0.200000 0.233333 0.266667 0.300000 0.333333 0.366667 0.400000 0.433333 0.466667 0.500000 0.533333
0.566667 0.600000 0.633333 0.666667 0.700000 0.733333 0.766667 0.800000 0.833333 0.866667 0.900000 0.933333 0.966667 1.000000 1.033333 1.066667
1.100000 1.133333 1.166667</float_array><technique_common><accessor source="#RightEye-Matrix-animation-input-array" count="35"><param name="TIME" type="float"/></accessor></technique_common></source><source id="RightEye-Matrix-animation-output-transform"><float_array id="RightEye-Matrix-animation-output-transform-array" count="560">

0.978470 0.205632 -0.017646 -0.118111 -0.172600 0.862164 0.476321 0.257118 0.113161 -0.463021 0.879094 0.233435 0.000000 0.000000 0.000000 1.000000
0.977820 0.208186 -0.022949 -0.118111 -0.171115 0.857238 0.485657 0.257118 0.120780 -0.470958 0.873848 0.233435 0.000000 0.000000 0.000000 1.000000
0.975770 0.215615 -0.037185 -0.118111 -0.166915 0.843440 0.510635 0.257118 0.141464 -0.492056 0.858993 0.233435 0.000000 0.000000 0.000000 1.000000
0.971985 0.227857 -0.057675 -0.118111 -0.160275 0.822013 0.546449 0.257118 0.171922 -0.521896 0.835504 0.233435 0.000000 0.000000 0.000000 1.000000
0.966150 0.244730 -0.081622 -0.118111 -0.151510 0.794337 0.588280 0.257118 0.208805 -0.556000 0.804527 0.233435 0.000000 0.000000 0.000000 1.000000
0.958240 0.265475 -0.106295 -0.118111 -0.141123 0.762298 0.631654 0.257118 0.248716 -0.590275 0.767929 0.233435 0.000000 0.000000 0.000000 1.000000
0.948695 0.288555 -0.129280 -0.118111 -0.129886 0.728423 0.672704 0.257118 0.288282 -0.621399 0.728530 0.233435 0.000000 0.000000 0.000000 1.000000
0.938482 0.311668 -0.148709 -0.118111 -0.118846 0.695827 0.708309 0.257118 0.324233 -0.647062 0.690061 0.233435 0.000000 0.000000 0.000000 1.000000
0.929038 0.331964 -0.163367 -0.118111 -0.109263 0.668024 0.736075 0.257118 0.353483 -0.665991 0.656891 0.233435 0.000000 0.000000 0.000000 1.000000
0.922101 0.346336 -0.172573 -0.118111 -0.102518 0.648705 0.754104 0.257118 0.373122 -0.677668 0.633677 0.233435 0.000000 0.000000 0.000000 1.000000
0.919438 0.351747 -0.175808 -0.118111 -0.099985 0.641500 0.760579 0.257118 0.380312 -0.681727 0.624989 0.233435 0.000000 0.000000 0.000000 1.000000
0.922662 0.346007 -0.170217 -0.118111 -0.104723 0.649673 0.752966 0.257118 0.371117 -0.676908 0.635663 0.233435 0.000000 0.000000 0.000000 1.000000
0.930811 0.330971 -0.155077 -0.118111 -0.116871 0.671526 0.731706 0.257118 0.346312 -0.662956 0.663745 0.233435 0.000000 0.000000 0.000000 1.000000
0.941354 0.310273 -0.132602 -0.118111 -0.133208 0.702798 0.698806 0.257118 0.310013 -0.640161 0.702913 0.233435 0.000000 0.000000 0.000000 1.000000
0.952018 0.287362 -0.105284 -0.118111 -0.150488 0.739112 0.656557 0.257118 0.266486 -0.609210 0.746892 0.233435 0.000000 0.000000 0.000000 1.000000
0.961275 0.264832 -0.076256 -0.118111 -0.165627 0.776311 0.608201 0.257118 0.220269 -0.572019 0.790111 0.233435 0.000000 0.000000 0.000000 1.000000
0.968534 0.243960 -0.049237 -0.118111 -0.175866 0.810854 0.558200 0.257118 0.176103 -0.531976 0.828245 0.233435 0.000000 0.000000 0.000000 1.000000
0.974035 0.224621 -0.028293 -0.118111 -0.178852 0.840076 0.512137 0.257118 0.138805 -0.493780 0.858437 0.233435 0.000000 0.000000 0.000000 1.000000
0.978470 0.205632 -0.017646 -0.118111 -0.172600 0.862164 0.476321 0.257118 0.113161 -0.463021 0.879094 0.233435 0.000000 0.000000 0.000000 1.000000
0.983036 0.182879 -0.013955 -0.118111 -0.157290 0.879724 0.448715 0.257118 0.094338 -0.438908 0.893566 0.233435 0.000000 0.000000 0.000000 1.000000
0.987919 0.154620 -0.010450 -0.118111 -0.135719 0.895762 0.423308 0.257118 0.074813 -0.416776 0.905925 0.233435 0.000000 0.000000 0.000000 1.000000
0.992388 0.122969 -0.006643 -0.118111 -0.110033 0.909627 0.400588 0.257118 0.055303 -0.396808 0.916234 0.233435 0.000000 0.000000 0.000000 1.000000
0.995928 0.090125 -0.002407 -0.118111 -0.082415 0.920901 0.380985 0.257118 0.036553 -0.379235 0.924578 0.233435 0.000000 0.000000 0.000000 1.000000
0.998296 0.058320 0.002085 -0.118111 -0.055060 0.929450 0.364816 0.257118 0.019338 -0.364309 0.931077 0.233435 0.000000 0.000000 0.000000 1.000000
0.999536 0.029782 0.006440 -0.118111 -0.030141 0.935416 0.352262 0.257118 0.004467 -0.352293 0.935879 0.233435 0.000000 0.000000 0.000000 1.000000
0.999926 0.006713 0.010142 -0.118111 -0.009788 0.939150 0.343368 0.257118 -0.007220 -0.343441 0.939146 0.233435 0.000000 0.000000 0.000000 1.000000
0.999882 -0.008714 0.012662 -0.118111 0.003921 0.941109 0.338080 0.257118 -0.014863 -0.337991 0.941032 0.233435 0.000000 0.000000 0.000000 1.000000
0.999805 -0.014341 0.013568 -0.118111 0.008943 0.941704 0.336325 0.257118 -0.017600 -0.336138 0.941648 0.233435 0.000000 0.000000 0.000000 1.000000
0.999947 -0.002348 0.010055 -0.118111 -0.001252 0.939061 0.343748 0.257118 -0.010250 -0.343742 0.939008 0.233435 0.000000 0.000000 0.000000 1.000000
0.999584 0.028792 0.001927 -0.118111 -0.027526 0.931320 0.363160 0.257118 0.008662 -0.363062 0.931725 0.233435 0.000000 0.000000 0.000000 1.000000
0.997399 0.071739 -0.006972 -0.118111 -0.063339 0.918536 0.390230 0.257118 0.034398 -0.388773 0.920691 0.233435 0.000000 0.000000 0.000000 1.000000
0.992825 0.118794 -0.013678 -0.118111 -0.102096 0.901656 0.420230 0.257118 0.062254 -0.415818 0.907315 0.233435 0.000000 0.000000 0.000000 1.000000
0.986644 0.161999 -0.017031 -0.118111 -0.137315 0.883407 0.448036 0.257118 0.087626 -0.439713 0.893853 0.233435 0.000000 0.000000 0.000000 1.000000
0.980944 0.193475 -0.017758 -0.118111 -0.162793 0.868377 0.468423 0.257118 0.106049 -0.456606 0.883326 0.233435 0.000000 0.000000 0.000000 1.000000
1.000000 -0.000000 0.000000 -0.118111 -0.000000 1.000000 -0.000000 0.257118 0.000000 0.000000 1.000000 0.233435 0.000000 0.000000 0.000000 1.000000</float_array><technique_common><accessor source="#RightEye-Matrix-animation-output-transform-array" count="35" stride="16"><param type="float4x4"/></accessor></technique_common></source><source id="RightEye-Interpolations"><Name_array id="RightEye-Interpolations-array" count="35">
 LINEAR LINEAR LINEAR LINEAR LINEAR LINEAR LINEAR LINEAR LINEAR LINEAR LINEAR
LINEAR LINEAR LINEAR LINEAR LINEAR LINEAR LINEAR LINEAR LINEAR LINEAR LINEAR LINEAR
LINEAR LINEAR LINEAR LINEAR LINEAR LINEAR LINEAR LINEAR LINEAR LINEAR LINEAR LINEAR</Name_array><technique_common><accessor source="#RightEye-Interpolations-array" count="35"><param type="name"/></accessor></technique_common></source><sampler id="RightEye-Matrix-animation-transform"><input semantic="INPUT" source="#RightEye-Matrix-animation-input"/><input semantic="OUTPUT" source="#RightEye-Matrix-animation-output-transform"/><input semantic="INTERPOLATION" source="#RightEye-Interpolations"/></sampler><channel source="#RightEye-Matrix-animation-transform" target="RightEye/matrix"/></animation><animation><source id="RightEye-visibility-animation-input"><float_array id="RightEye-visibility-animation-input-array" count="35">

0.033333 0.066667 0.100000 0.133333 0.166667 0.200000 0.233333 0.266667 0.300000 0.333333 0.366667 0.400000 0.433333 0.466667 0.500000 0.533333
0.566667 0.600000 0.633333 0.666667 0.700000 0.733333 0.766667 0.800000 0.833333 0.866667 0.900000 0.933333 0.966667 1.000000 1.033333 1.066667
1.100000 1.133333 1.166667</float_array><technique_common><accessor source="#RightEye-visibility-animation-input-array" count="35"><param name="TIME" type="float"/></accessor></technique_common></source><source id="RightEye-visibility-animation-output"><float_array id="RightEye-visibility-animation-output-array" count="35">

1.000000 1.000000 1.000000 1.000000 1.000000 1.000000 1.000000 1.000000 1.000000 1.000000 1.000000 1.000000 1.000000 1.000000 1.000000 1.000000
1.000000 1.000000 1.000000 1.000000 1.000000 1.000000 1.000000 1.000000 1.000000 1.000000 1.000000 1.000000 1.000000 1.000000 1.000000 1.000000
