<?xml version="1.0" encoding="utf-8"?>
<COLLADA xmlns="http://www.collada.org/2005/11/COLLADASchema" version="1.4.1">
  <asset><contributor><author></author><authoring_tool>FBX COLLADA exporter</authoring_tool><comments></comments></contributor><created>2014-06-06T14:33:17Z</created><keywords></keywords><modified>2014-06-06T14:33:17Z</modified><revision></revision><subject></subject><title></title><unit meter="0.010000" name="centimeter"></unit><up_axis>Y_UP</up_axis></asset>
  <library_animations>
    <animation id="Root-anim" name="Root"><animation><source id="Root-Matrix-animation-input"><float_array id="Root-Matrix-animation-input-array" count="18">

0.033333 0.066667 0.100000 0.133333 0.166667 0.200000 0.233333 0.266667 0.300000 0.333333 0.366667 0.400000 0.433333 0.466667 0.500000 0.533333
0.566667 0.600000</float_array><technique_common><accessor source="#Root-Matrix-animation-input-array" count="18"><param name="TIME" type="float"/></accessor></technique_common></source><source id="Root-Matrix-animation-output-transform"><float_array id="Root-Matrix-animation-output-transform-array" count="288">

0.998768 -0.013591 -0.047719 0.000000 0.000000 0.961751 -0.273925 0.485631 0.049617 0.273588 0.960566 -0.092542 0.000000 0.000000 0.000000 1.000000
0.998820 -0.006312 -0.048163 0.000000 -0.007112 0.961834 -0.273541 0.489793 0.048051 0.273561 0.960654 -0.092542 0.000000 0.000000 0.000000 1.000000
0.998959 0.001426 -0.045602 0.000000 -0.013842 0.961873 -0.273145 0.492410 0.043473 0.273492 0.960891 -0.092542 0.000000 0.000000 0.000000 1.000000
0.999161 0.008790 -0.039990 0.000000 -0.019393 0.961781 -0.273132 0.488312 0.036061 0.273679 0.961145 -0.092542 0.000000 0.000000 0.000000 1.000000
0.999416 0.014216 -0.031067 0.000000 -0.022172 0.961701 -0.273201 0.480700 0.025993 0.273731 0.961455 -0.092542 0.000000 0.000000 0.000000 1.000000
0.999821 0.012195 -0.014488 0.000000 -0.015704 0.961476 -0.274441 0.476601 0.010583 0.274619 0.961495 -0.092542 0.000000 0.000000 0.000000 1.000000
0.999883 0.013958 0.006187 0.000000 -0.011725 0.961553 -0.274370 0.477518 -0.009779 0.274265 0.961604 -0.092542 0.000000 0.000000 0.000000 1.000000
0.999508 0.016201 0.026861 0.000000 -0.008219 0.961640 -0.274191 0.479799 -0.030273 0.273835 0.961300 -0.092542 0.000000 0.000000 0.000000 1.000000
0.998927 0.016980 0.043084 0.000000 -0.004529 0.961717 -0.274008 0.482738 -0.046088 0.273519 0.960762 -0.092542 0.000000 0.000000 0.000000 1.000000
0.998625 0.014360 0.050419 0.000000 0.000000 0.961751 -0.273925 0.485631 -0.052424 0.273549 0.960429 -0.092542 0.000000 0.000000 0.000000 1.000000
0.998720 0.006565 0.050160 0.000000 0.007445 0.961673 -0.274099 0.489679 -0.050037 0.274121 0.960392 -0.092542 0.000000 0.000000 0.000000 1.000000
0.998944 -0.002818 0.045865 0.000000 0.015305 0.961535 -0.274256 0.492410 -0.043328 0.274668 0.960562 -0.092542 0.000000 0.000000 0.000000 1.000000
0.999232 -0.011295 0.037512 0.000000 0.021151 0.961525 -0.273902 0.489940 -0.032975 0.274486 0.961026 -0.092542 0.000000 0.000000 0.000000 1.000000
0.999519 -0.017697 0.025476 0.000000 0.023998 0.961555 -0.273561 0.484506 -0.019656 0.274041 0.961517 -0.092542 0.000000 0.000000 0.000000 1.000000
0.999805 -0.019743 0.000642 0.000000 0.019165 0.961635 -0.273663 0.479071 0.004786 0.273622 0.961825 -0.092542 0.000000 0.000000 0.000000 1.000000
0.999350 -0.018209 -0.031108 0.000000 0.008999 0.961733 -0.273840 0.476601 0.034904 0.273382 0.961272 -0.092542 0.000000 0.000000 0.000000 1.000000
0.998768 -0.013591 -0.047719 0.000000 0.000000 0.961751 -0.273925 0.485631 0.049617 0.273588 0.960566 -0.092542 0.000000 0.000000 0.000000 1.000000
1.000000 -0.000000 -0.000000 0.000000 0.000000 1.000000 -0.000000 0.565033 0.000000 -0.000000 1.000000 -0.092542 0.000000 0.000000 0.000000 1.000000</float_array><technique_common><accessor source="#Root-Matrix-animation-output-transform-array" count="18" stride="16"><param type="float4x4"/></accessor></technique_common></source><source id="Root-Interpolations"><Name_array id="Root-Interpolations-array" count="18">
 LINEAR LINEAR LINEAR LINEAR LINEAR LINEAR LINEAR LINEAR LINEAR LINEAR LINEAR
LINEAR LINEAR LINEAR LINEAR LINEAR LINEAR LINEAR</Name_array><technique_common><accessor source="#Root-Interpolations-array" count="18"><param type="name"/></accessor></technique_common></source><sampler id="Root-Matrix-animation-transform"><input semantic="INPUT" source="#Root-Matrix-animation-input"/><input semantic="OUTPUT" source="#Root-Matrix-animation-output-transform"/><input semantic="INTERPOLATION" source="#Root-Interpolations"/></sampler><channel source="#Root-Matrix-animation-transform" target="Root/matrix"/></animation><animation><source id="Root-visibility-animation-input"><float_array id="Root-visibility-animation-input-array" count="18">

0.033333 0.066667 0.100000 0.133333 0.166667 0.200000 0.233333 0.266667 0.300000 0.333333 0.366667 0.400000 0.433333 0.466667 0.500000 0.533333
0.566667 0.600000</float_array><technique_common><accessor source="#Root-visibility-animation-input-array" count="18"><param name="TIME" type="float"/></accessor></technique_common></source><source id="Root-visibility-animation-output"><float_array id="Root-visibility-animation-output-array" count="18">

1.000000 1.000000 1.000000 1.000000 1.000000 1.000000 1.000000 1.000000 1.000000 1.000000 1.000000 1.000000 1.000000 1.000000 1.000000 1.000000
1.000000 1.000000</float_array><technique_common><accessor source="#Root-visibility-animation-output-array" count="18"><param type="float"/></accessor></technique_common></source><source id="Root-visibility-animation-intan"><float_array id="Root-visibility-animation-intan-array" count="18">

0.000000 0.000000 0.000000 0.000000 0.000000 0.000000 0.000000 0.000000 0.000000 0.000000 0.000000 0.000000 0.000000 0.000000 0.000000 0.000000
0.000000 0.000000</float_array><technique_common><accessor source="#Root-visibility-animation-intan-array" count="18"><param type="float"/></accessor></technique_common></source><source id="Root-visibility-animation-outtan"><float_array id="Root-visibility-animation-outtan-array" count="18">

0.000000 0.000000 0.000000 0.000000 0.000000 0.000000 0.000000 0.000000 0.000000 0.000000 0.000000 0.000000 0.000000 0.000000 0.000000 0.000000
0.000000 0.000000</float_array><technique_common><accessor source="#Root-visibility-animation-outtan-array" count="18"><param type="float"/></accessor></technique_common></source><source id="Root-visibility-animation-interpolation"><Name_array id="Root-visibility-animation-interpolation-array" count="18">
 BEZIER BEZIER BEZIER BEZIER BEZIER BEZIER BEZIER BEZIER BEZIER BEZIER BEZIER
BEZIER BEZIER BEZIER BEZIER BEZIER BEZIER BEZIER</Name_array><technique_common><accessor source="#Root-visibility-animation-interpolation-array" count="18"><param type="name"/></accessor></technique_common></source><sampler id="Root-visibility-animation"><input semantic="INPUT" source="#Root-visibility-animation-input"/><input semantic="OUTPUT" source="#Root-visibility-animation-output"/><input semantic="IN_TANGENT" source="#Root-visibility-animation-intan"/><input semantic="OUT_TANGENT" source="#Root-visibility-animation-outtan"/><input semantic="INTERPOLATION" source="#Root-visibility-animation-interpolation"/></sampler><channel source="#Root-visibility-animation" target="Root/visibility"/></animation></animation>
    <animation id="LeftEye-anim" name="LeftEye"><animation><source id="LeftEye-Matrix-animation-input"><float_array id="LeftEye-Matrix-animation-input-array" count="18">

0.033333 0.066667 0.100000 0.133333 0.166667 0.200000 0.233333 0.266667 0.300000 0.333333 0.366667 0.400000 0.433333 0.466667 0.500000 0.533333
0.566667 0.600000</float_array><technique_common><accessor source="#LeftEye-Matrix-animation-input-array" count="18"><param name="TIME" type="float"/></accessor></technique_common></source><source id="LeftEye-Matrix-animation-output-transform"><float_array id="LeftEye-Matrix-animation-output-transform-array" count="288">

0.993395 -0.088292 0.073282 0.118111 0.059865 0.943664 0.325444 0.257117 -0.097888 -0.318908 0.942717 0.233434 0.000000 0.000000 0.000000 1.000000
0.993950 -0.087696 0.066134 0.118111 0.062288 0.945961 0.318243 0.257117 -0.090469 -0.312198 0.945700 0.233434 0.000000 0.000000 0.000000 1.000000
0.995016 -0.084990 0.052142 0.118111 0.065150 0.950032 0.305277 0.257117 -0.075482 -0.300359 0.950835 0.233434 0.000000 0.000000 0.000000 1.000000
0.996038 -0.078173 0.042387 0.118111 0.061955 0.951974 0.299845 0.257117 -0.063791 -0.296031 0.953046 0.233434 0.000000 0.000000 0.000000 1.000000
0.997271 -0.062131 0.039889 0.118111 0.044805 0.938675 0.341880 0.257117 -0.058684 -0.339160 0.938897 0.233434 0.000000 0.000000 0.000000 1.000000
0.997888 -0.050653 0.040659 0.118111 0.031336 0.923739 0.381739 0.257117 -0.056894 -0.379659 0.923375 0.233434 0.000000 0.000000 0.000000 1.000000
0.997718 -0.063458 0.023070 0.118111 0.050628 0.929142 0.366239 0.257117 -0.044676 -0.364236 0.930235 0.233434 0.000000 0.000000 0.000000 1.000000
0.995526 -0.093468 -0.013810 0.118111 0.092758 0.939056 0.331012 0.257117 -0.017971 -0.330812 0.943525 0.233434 0.000000 0.000000 0.000000 1.000000
0.990893 -0.125798 -0.048026 0.118111 0.134392 0.946175 0.294434 0.257117 0.008402 -0.298207 0.954464 0.233434 0.000000 0.000000 0.000000 1.000000
0.987998 -0.141189 -0.062648 0.118111 0.153131 0.948464 0.277430 0.257117 0.020249 -0.283694 0.958701 0.233434 0.000000 0.000000 0.000000 1.000000
0.990620 -0.130204 -0.041459 0.118111 0.136641 0.946187 0.293358 0.257117 0.001032 -0.296271 0.955103 0.233434 0.000000 0.000000 0.000000 1.000000
0.994114 -0.108133 0.006626 0.118111 0.100037 0.939723 0.326976 0.257117 -0.041583 -0.324389 0.945009 0.233434 0.000000 0.000000 0.000000 1.000000
0.994422 -0.089078 0.056484 0.118111 0.063068 0.931393 0.358511 0.257117 -0.084544 -0.352949 0.931815 0.233434 0.000000 0.000000 0.000000 1.000000
0.993490 -0.081454 0.079646 0.118111 0.046174 0.927037 0.372117 0.257117 -0.104145 -0.366017 0.924762 0.233434 0.000000 0.000000 0.000000 1.000000
0.993486 -0.083205 0.077867 0.118111 0.049795 0.931577 0.360117 0.257117 -0.102503 -0.353893 0.929652 0.233434 0.000000 0.000000 0.000000 1.000000
0.993440 -0.086500 0.074803 0.118111 0.056387 0.939584 0.337642 0.257117 -0.099490 -0.331210 0.938297 0.233434 0.000000 0.000000 0.000000 1.000000
0.993395 -0.088292 0.073282 0.118111 0.059865 0.943664 0.325444 0.257117 -0.097888 -0.318908 0.942717 0.233434 0.000000 0.000000 0.000000 1.000000
1.000000 -0.000000 0.000000 0.118111 -0.000000 1.000000 -0.000000 0.257117 0.000000 0.000000 1.000000 0.233434 0.000000 0.000000 0.000000 1.000000</float_array><technique_common><accessor source="#LeftEye-Matrix-animation-output-transform-array" count="18" stride="16"><param type="float4x4"/></accessor></technique_common></source><source id="LeftEye-Interpolations"><Name_array id="LeftEye-Interpolations-array" count="18">
 LINEAR LINEAR LINEAR LINEAR LINEAR LINEAR LINEAR LINEAR LINEAR LINEAR LINEAR
LINEAR LINEAR LINEAR LINEAR LINEAR LINEAR LINEAR</Name_array><technique_common><accessor source="#LeftEye-Interpolations-array" count="18"><param type="name"/></accessor></technique_common></source><sampler id="LeftEye-Matrix-animation-transform"><input semantic="INPUT" source="#LeftEye-Matrix-animation-input"/><input semantic="OUTPUT" source="#LeftEye-Matrix-animation-output-transform"/><input semantic="INTERPOLATION" source="#LeftEye-Interpolations"/></sampler><channel source="#LeftEye-Matrix-animation-transform" target="LeftEye/matrix"/></animation><animation><source id="LeftEye-visibility-animation-input"><float_array id="LeftEye-visibility-animation-input-array" count="18">

0.033333 0.066667 0.100000 0.133333 0.166667 0.200000 0.233333 0.266667 0.300000 0.333333 0.366667 0.400000 0.433333 0.466667 0.500000 0.533333
0.566667 0.600000</float_array><technique_common><accessor source="#LeftEye-visibility-animation-input-array" count="18"><param name="TIME" type="float"/></accessor></technique_common></source><source id="LeftEye-visibility-animation-output"><float_array id="LeftEye-visibility-animation-output-array" count="18">

1.000000 1.000000 1.000000 1.000000 1.000000 1.000000 1.000000 1.000000 1.000000 1.000000 1.000000 1.000000 1.000000 1.000000 1.000000 1.000000
1.000000 1.000000</float_array><technique_common><accessor source="#LeftEye-visibility-animation-output-array" count="18"><param type="float"/></accessor></technique_common></source><source id="LeftEye-visibility-animation-intan"><float_array id="LeftEye-visibility-animation-intan-array" count="18">

0.000000 0.000000 0.000000 0.000000 0.000000 0.000000 0.000000 0.000000 0.000000 0.000000 0.000000 0.000000 0.000000 0.000000 0.000000 0.000000
0.000000 0.000000</float_array><technique_common><accessor source="#LeftEye-visibility-animation-intan-array" count="18"><param type="float"/></accessor></technique_common></source><source id="LeftEye-visibility-animation-outtan"><float_array id="LeftEye-visibility-animation-outtan-array" count="18">

0.000000 0.000000 0.000000 0.000000 0.000000 0.000000 0.000000 0.000000 0.000000 0.000000 0.000000 0.000000 0.000000 0.000000 0.000000 0.000000
0.000000 0.000000</float_array><technique_common><accessor source="#LeftEye-visibility-animation-outtan-array" count="18"><param type="float"/></accessor></technique_common></source><source id="LeftEye-visibility-animation-interpolation"><Name_array id="LeftEye-visibility-animation-interpolation-array" count="18">
 BEZIER BEZIER BEZIER BEZIER BEZIER BEZIER BEZIER BEZIER BEZIER BEZIER BEZIER
BEZIER BEZIER BEZIER BEZIER BEZIER BEZIER BEZIER</Name_array><technique_common><accessor source="#LeftEye-visibility-animation-interpolation-array" count="18"><param type="name"/></accessor></technique_common></source><sampler id="LeftEye-visibility-animation"><input semantic="INPUT" source="#LeftEye-visibility-animation-input"/><input semantic="OUTPUT" source="#LeftEye-visibility-animation-output"/><input semantic="IN_TANGENT" source="#LeftEye-visibility-animation-intan"/><input semantic="OUT_TANGENT" source="#LeftEye-visibility-animation-outtan"/><input semantic="INTERPOLATION" source="#LeftEye-visibility-animation-interpolation"/></sampler><channel source="#LeftEye-visibility-animation" target="LeftEye/visibility"/></animation></animation>
    <animation id="LeftEye1-anim" name="LeftEye1"><animation><source id="LeftEye1-Matrix-animation-input"><float_array id="LeftEye1-Matrix-animation-input-array" count="18">

0.033333 0.066667 0.100000 0.133333 0.166667 0.200000 0.233333 0.266667 0.300000 0.333333 0.366667 0.400000 0.433333 0.466667 0.500000 0.533333
0.566667 0.600000</float_array><technique_common><accessor source="#LeftEye1-Matrix-animation-input-array" count="18"><param name="TIME" type="float"/></accessor></technique_common></source><source id="LeftEye1-Matrix-animation-output-transform"><float_array id="LeftEye1-Matrix-animation-output-transform-array" count="288">

1.000000 0.000000 0.000000 0.024914 -0.000000 1.000000 0.000000 0.045545 -0.000000 -0.000000 1.000000 0.054627 0.000000 0.000000 0.000000 1.000000
1.000000 0.000000 0.000000 0.024914 -0.000000 1.000000 -0.000000 0.045545 -0.000000 0.000000 1.000000 0.054627 0.000000 0.000000 0.000000 1.000000
1.000000 -0.000000 0.000000 0.024914 0.000000 1.000000 -0.000000 0.045545 -0.000000 0.000000 1.000000 0.054627 0.000000 0.000000 0.000000 1.000000
1.000000 -0.000000 0.000000 0.024914 0.000000 1.000000 -0.000000 0.045545 -0.000000 0.000000 1.000000 0.054627 0.000000 0.000000 0.000000 1.000000
1.000000 -0.000000 0.000000 0.024914 0.000000 1.000000 -0.000000 0.045545 -0.000000 0.000000 1.000000 0.054627 0.000000 0.000000 0.000000 1.000000
1.000000 -0.000000 0.000000 0.024914 0.000000 1.000000 -0.000000 0.045545 -0.000000 0.000000 1.000000 0.054627 0.000000 0.000000 0.000000 1.000000
1.000000 -0.000000 0.000000 0.024914 0.000000 1.000000 -0.000000 0.045545 -0.000000 0.000000 1.000000 0.054627 0.000000 0.000000 0.000000 1.000000
1.000000 -0.000000 0.000000 0.024914 -0.000000 1.000000 -0.000000 0.045545 -0.000000 0.000000 1.000000 0.054627 0.000000 0.000000 0.000000 1.000000
1.000000 -0.000000 -0.000000 0.024914 0.000000 1.000000 -0.000000 0.045545 0.000000 0.000000 1.000000 0.054627 0.000000 0.000000 0.000000 1.000000
1.000000 0.000000 0.000000 0.024914 -0.000000 1.000000 -0.000000 0.045545 -0.000000 0.000000 1.000000 0.054627 0.000000 0.000000 0.000000 1.000000
1.000000 -0.000000 0.000000 0.024914 0.000000 1.000000 -0.000000 0.045545 -0.000000 0.000000 1.000000 0.054627 0.000000 0.000000 0.000000 1.000000
1.000000 -0.000000 0.000000 0.024914 0.000000 1.000000 -0.000000 0.045545 -0.000000 0.000000 1.000000 0.054627 0.000000 0.000000 0.000000 1.000000
1.000000 -0.000000 -0.000000 0.024914 0.000000 1.000000 -0.000000 0.045545 0.000000 0.000000 1.000000 0.054627 0.000000 0.000000 0.000000 1.000000
1.000000 0.000000 0.000000 0.024914 -0.000000 1.000000 -0.000000 0.045545 -0.000000 0.000000 1.000000 0.054627 0.000000 0.000000 0.000000 1.000000
1.000000 -0.000000 0.000000 0.024914 0.000000 1.000000 -0.000000 0.045545 -0.000000 0.000000 1.000000 0.054627 0.000000 0.000000 0.000000 1.000000
1.000000 -0.000000 0.000000 0.024914 0.000000 1.000000 0.000000 0.045545 -0.000000 -0.000000 1.000000 0.054627 0.000000 0.000000 0.000000 1.000000
1.000000 0.000000 0.000000 0.024914 -0.000000 1.000000 0.000000 0.045545 -0.000000 -0.000000 1.000000 0.054627 0.000000 0.000000 0.000000 1.000000
1.000000 -0.000000 0.000000 0.024914 -0.000000 1.000000 -0.000000 0.045545 0.000000 0.000000 1.000000 0.054627 0.000000 0.000000 0.000000 1.000000</float_array><technique_common><accessor source="#LeftEye1-Matrix-animation-output-transform-array" count="18" stride="16"><param type="float4x4"/></accessor></technique_common></source><source id="LeftEye1-Interpolations"><Name_array id="LeftEye1-Interpolations-array" count="18">
 LINEAR LINEAR LINEAR LINEAR LINEAR LINEAR LINEAR LINEAR LINEAR LINEAR LINEAR
LINEAR LINEAR LINEAR LINEAR LINEAR LINEAR LINEAR</Name_array><technique_common><accessor source="#LeftEye1-Interpolations-array" count="18"><param type="name"/></accessor></technique_common></source><sampler id="LeftEye1-Matrix-animation-transform"><input semantic="INPUT" source="#LeftEye1-Matrix-animation-input"/><input semantic="OUTPUT" source="#LeftEye1-Matrix-animation-output-transform"/><input semantic="INTERPOLATION" source="#LeftEye1-Interpolations"/></sampler><channel source="#LeftEye1-Matrix-animation-transform" target="LeftEye1/matrix"/></animation><animation><source id="LeftEye1-visibility-animation-input"><float_array id="LeftEye1-visibility-animation-input-array" count="18">

0.033333 0.066667 0.100000 0.133333 0.166667 0.200000 0.233333 0.266667 0.300000 0.333333 0.366667 0.400000 0.433333 0.466667 0.500000 0.533333
0.566667 0.600000</float_array><technique_common><accessor source="#LeftEye1-visibility-animation-input-array" count="18"><param name="TIME" type="float"/></accessor></technique_common></source><source id="LeftEye1-visibility-animation-output"><float_array id="LeftEye1-visibility-animation-output-array" count="18">

1.000000 1.000000 1.000000 1.000000 1.000000 1.000000 1.000000 1.000000 1.000000 1.000000 1.000000 1.000000 1.000000 1.000000 1.000000 1.000000
1.000000 1.000000</float_array><technique_common><accessor source="#LeftEye1-visibility-animation-output-array" count="18"><param type="float"/></accessor></technique_common></source><source id="LeftEye1-visibility-animation-intan"><float_array id="LeftEye1-visibility-animation-intan-array" count="18">

0.000000 0.000000 0.000000 0.000000 0.000000 0.000000 0.000000 0.000000 0.000000 0.000000 0.000000 0.000000 0.000000 0.000000 0.000000 0.000000
0.000000 0.000000</float_array><technique_common><accessor source="#LeftEye1-visibility-animation-intan-array" count="18"><param type="float"/></accessor></technique_common></source><source id="LeftEye1-visibility-animation-outtan"><float_array id="LeftEye1-visibility-animation-outtan-array" count="18">

0.000000 0.000000 0.000000 0.000000 0.000000 0.000000 0.000000 0.000000 0.000000 0.000000 0.000000 0.000000 0.000000 0.000000 0.000000 0.000000
0.000000 0.000000</float_array><technique_common><accessor source="#LeftEye1-visibility-animation-outtan-array" count="18"><param type="float"/></accessor></technique_common></source><source id="LeftEye1-visibility-animation-interpolation"><Name_array id="LeftEye1-visibility-animation-interpolation-array" count="18">
 BEZIER BEZIER BEZIER BEZIER BEZIER BEZIER BEZIER BEZIER BEZIER BEZIER BEZIER
BEZIER BEZIER BEZIER BEZIER BEZIER BEZIER BEZIER</Name_array><technique_common><accessor source="#LeftEye1-visibility-animation-interpolation-array" count="18"><param type="name"/></accessor></technique_common></source><sampler id="LeftEye1-visibility-animation"><input semantic="INPUT" source="#LeftEye1-visibility-animation-input"/><input semantic="OUTPUT" source="#LeftEye1-visibility-animation-output"/><input semantic="IN_TANGENT" source="#LeftEye1-visibility-animation-intan"/><input semantic="OUT_TANGENT" source="#LeftEye1-visibility-animation-outtan"/><input semantic="INTERPOLATION" source="#LeftEye1-visibility-animation-interpolation"/></sampler><channel source="#LeftEye1-visibility-animation" target="LeftEye1/visibility"/></animation></animation>
    <animation id="RightEye-anim" name="RightEye"><animation><source id="RightEye-Matrix-animation-input"><float_array id="RightEye-Matrix-animation-input-array" count="18">

0.033333 0.066667 0.100000 0.133333 0.166667 0.200000 0.233333 0.266667 0.300000 0.333333 0.366667 0.400000 0.433333 0.466667 0.500000 0.533333
0.566667 0.600000</float_array><technique_common><accessor source="#RightEye-Matrix-animation-input-array" count="18"><param name="TIME" type="float"/></accessor></technique_common></source><source id="RightEye-Matrix-animation-output-transform"><float_array id="RightEye-Matrix-animation-output-transform-array" count="288">

0.981891 0.189448 0.000553 -0.118111 -0.173539 0.898260 0.403750 0.257118 0.075993 -0.396534 0.914869 0.233435 0.000000 0.000000 0.000000 1.000000
0.981083 0.189908 -0.037562 -0.118111 -0.159699 0.903630 0.397428 0.257118 0.109416 -0.383911 0.916864 0.233435 0.000000 0.000000 0.000000 1.000000
0.978649 0.185565 -0.088388 -0.118111 -0.137627 0.911001 0.388762 0.257118 0.152662 -0.368297 0.917089 0.233435 0.000000 0.000000 0.000000 1.000000
0.980519 0.167925 -0.101899 -0.118111 -0.115694 0.912973 0.391273 0.257118 0.158736 -0.371862 0.914616 0.233435 0.000000 0.000000 0.000000 1.000000
0.985004 0.137382 -0.104375 -0.118111 -0.084935 0.912679 0.399754 0.257118 0.150180 -0.384894 0.910661 0.233435 0.000000 0.000000 0.000000 1.000000
0.988015 0.102840 -0.115113 -0.118111 -0.047615 0.912424 0.406467 0.257118 0.146833 -0.396114 0.906385 0.233435 0.000000 0.000000 0.000000 1.000000
0.986187 0.050124 -0.157868 -0.118111 0.017504 0.916236 0.400257 0.257118 0.164707 -0.397491 0.902703 0.233435 0.000000 0.000000 0.000000 1.000000
0.982092 0.011578 -0.188044 -0.118111 0.063193 0.920046 0.386680 0.257118 0.177486 -0.391639 0.902839 0.233435 0.000000 0.000000 0.000000 1.000000
0.985962 0.016857 -0.166117 -0.118111 0.047474 0.925528 0.375692 0.257118 0.160079 -0.378304 0.911735 0.233435 0.000000 0.000000 0.000000 1.000000
0.992237 0.037175 -0.118674 -0.118111 0.008762 0.931004 0.364903 0.257118 0.124051 -0.363111 0.923451 0.233435 0.000000 0.000000 0.000000 1.000000
0.995966 0.063011 -0.063879 -0.118111 -0.036234 0.933737 0.356121 0.257118 0.082085 -0.352370 0.932254 0.233435 0.000000 0.000000 0.000000 1.000000
0.996404 0.082540 -0.019128 -0.118111 -0.070487 0.932799 0.353436 0.257118 0.047015 -0.350817 0.935263 0.233435 0.000000 0.000000 0.000000 1.000000
0.995616 0.093538 -0.000598 -0.118111 -0.085259 0.910088 0.405550 0.257118 0.038479 -0.403721 0.914072 0.233435 0.000000 0.000000 0.000000 1.000000
0.995062 0.099078 0.006005 -0.118111 -0.090921 0.885524 0.455610 0.257118 0.039824 -0.453906 0.890159 0.233435 0.000000 0.000000 0.000000 1.000000
0.992256 0.123799 0.010122 -0.118111 -0.115474 0.889363 0.442379 0.257118 0.045764 -0.440122 0.896771 0.233435 0.000000 0.000000 0.000000 1.000000
0.985974 0.166818 0.005144 -0.118111 -0.153718 0.895677 0.417292 0.257118 0.065004 -0.412230 0.908758 0.233435 0.000000 0.000000 0.000000 1.000000
0.981891 0.189448 0.000553 -0.118111 -0.173539 0.898260 0.403750 0.257118 0.075993 -0.396534 0.914869 0.233435 0.000000 0.000000 0.000000 1.000000
1.000000 -0.000000 0.000000 -0.118111 -0.000000 1.000000 -0.000000 0.257118 0.000000 0.000000 1.000000 0.233435 0.000000 0.000000 0.000000 1.000000</float_array><technique_common><accessor source="#RightEye-Matrix-animation-output-transform-array" count="18" stride="16"><param type="float4x4"/></accessor></technique_common></source><source id="RightEye-Interpolations"><Name_array id="RightEye-Interpolations-array" count="18">
 LINEAR LINEAR LINEAR LINEAR LINEAR LINEAR LINEAR LINEAR LINEAR LINEAR LINEAR
LINEAR LINEAR LINEAR LINEAR LINEAR LINEAR LINEAR</Name_array><technique_common><accessor source="#RightEye-Interpolations-array" count="18"><param type="name"/></accessor></technique_common></source><sampler id="RightEye-Matrix-animation-transform"><input semantic="INPUT" source="#RightEye-Matrix-animation-input"/><input semantic="OUTPUT" source="#RightEye-Matrix-animation-output-transform"/><input semantic="INTERPOLATION" source="#RightEye-Interpolations"/></sampler><channel source="#RightEye-Matrix-animation-transform" target="RightEye/matrix"/></animation><animation><source id="RightEye-visibility-animation-input"><float_array id="RightEye-visibility-animation-input-array" count="18">

0.033333 0.066667 0.100000 0.133333 0.166667 0.200000 0.233333 0.266667 0.300000 0.333333 0.366667 0.400000 0.433333 0.466667 0.500000 0.533333
0.566667 0.600000</float_array><technique_common><accessor source="#RightEye-visibility-animation-input-array" count="18"><param name="TIME" type="float"/></accessor></technique_common></source><source id="RightEye-visibility-animation-output"><float_array id="RightEye-visibility-animation-output-array" count="18">

1.000000 1.000000 1.000000 1.000000 1.000000 1.000000 1.000000 1.000000 1.000000 1.000000 1.000000 1.000000 1.000000 1.000000 1.000000 1.000000
1.000000 1.000000</float_array><technique_common><accessor source="#RightEye-visibility-animation-output-array" count="18"><param type="float"/></accessor></technique_common></source><source id="RightEye-visibility-animation-intan"><float_array id="RightEye-visibility-animation-intan-array" count="18">

0.000000 0.000000 0.000000 0.000000 0.000000 0.000000 0.000000 0.000000 0.000000 0.000000 0.000000 0.000000 0.000000 0.000000 0.000000 0.000000
0.000000 0.000000</float_array><technique_common><accessor source="#RightEye-visibility-animation-intan-array" count="18"><param type="float"/></accessor></technique_common></source><source id="RightEye-visibility-animation-outtan"><float_array id="RightEye-visibility-animation-outtan-array" count="18">

0.000000 0.000000 0.000000 0.000000 0.000000 0.000000 0.000000 0.000000 0.000000 0.000000 0.000000 0.000000 0.000000 0.000000 0.000000 0.000000
0.000000 0.000000</float_array><technique_common><accessor source="#RightEye-visibility-animation-outtan-array" count="18"><param type="float"/></accessor></technique_common></source><source id="RightEye-visibility-animation-interpolation"><Name_array id="RightEye-visibility-animation-interpolation-array" count="18">
 BEZIER BEZIER BEZIER BEZIER BEZIER BEZIER BEZIER BEZIER BEZIER BEZIER BEZIER
BEZIER BEZIER BEZIER BEZIER BEZIER BEZIER BEZIER</Name_array><technique_common><accessor source="#RightEye-visibility-animation-interpolation-array" count="18"><param type="name"/></accessor></technique_common></source><sampler id="RightEye-visibility-animation"><input semantic="INPUT" source="#RightEye-visibility-animation-input"/><input semantic="OUTPUT" source="#RightEye-visibility-animation-output"/><input semantic="IN_TANGENT" source="#RightEye-visibility-animation-intan"/><input semantic="OUT_TANGENT" source="#RightEye-visibility-animation-outtan"/><input semantic="INTERPOLATION" source="#RightEye-visibility-animation-interpolation"/></sampler><channel source="#RightEye-visibility-animation" target="RightEye/visibility"/></animation></animation>
    <animation id="RightEye1-anim" name="RightEye1"><animation><source id="RightEye1-Matrix-animation-input"><float_array id="RightEye1-Matrix-animation-input-array" count="18">

0.033333 0.066667 0.100000 0.133333 0.166667 0.200000 0.233333 0.266667 0.300000 0.333333 0.366667 0.400000 0.433333 0.466667 0.500000 0.533333
0.566667 0.600000</float_array><technique_common><accessor source="#RightEye1-Matrix-animation-input-array" count="18"><param name="TIME" type="float"/></accessor></technique_common></source><source id="RightEye1-Matrix-animation-output-transform"><float_array id="RightEye1-Matrix-animation-output-transform-array" count="288">

1.000000 -0.000000 -0.000000 -0.024914 0.000000 1.000000 -0.000000 0.045544 0.000000 0.000000 1.000000 0.054626 0.000000 0.000000 0.000000 1.000000
1.000000 0.000000 -0.000000 -0.024914 -0.000000 1.000000 0.000000 0.045544 0.000000 -0.000000 1.000000 0.054626 0.000000 0.000000 0.000000 1.000000
1.000000 -0.000000 -0.000000 -0.024914 0.000000 1.000000 -0.000000 0.045544 0.000000 0.000000 1.000000 0.054626 0.000000 0.000000 0.000000 1.000000
1.000000 0.000000 -0.000000 -0.024914 -0.000000 1.000000 -0.000000 0.045544 0.000000 0.000000 1.000000 0.054626 0.000000 0.000000 0.000000 1.000000
1.000000 -0.000000 -0.000000 -0.024914 0.000000 1.000000 -0.000000 0.045544 0.000000 0.000000 1.000000 0.054626 0.000000 0.000000 0.000000 1.000000
1.000000 0.000000 -0.000000 -0.024914 -0.000000 1.000000 -0.000000 0.045544 0.000000 0.000000 1.000000 0.054626 0.000000 0.000000 0.000000 1.000000
1.000000 0.000000 0.000000 -0.024914 -0.000000 1.000000 -0.000000 0.045544 -0.000000 0.000000 1.000000 0.054626 0.000000 0.000000 0.000000 1.000000
1.000000 0.000000 -0.000000 -0.024914 -0.000000 1.000000 -0.000000 0.045544 0.000000 0.000000 1.000000 0.054626 0.000000 0.000000 0.000000 1.000000
1.000000 -0.000000 0.000000 -0.024914 0.000000 1.000000 -0.000000 0.045544 -0.000000 0.000000 1.000000 0.054626 0.000000 0.000000 0.000000 1.000000
1.000000 -0.000000 -0.000000 -0.024914 0.000000 1.000000 -0.000000 0.045544 0.000000 0.000000 1.000000 0.054626 0.000000 0.000000 0.000000 1.000000
1.000000 0.000000 -0.000000 -0.024914 -0.000000 1.000000 -0.000000 0.045544 0.000000 0.000000 1.000000 0.054626 0.000000 0.000000 0.000000 1.000000
1.000000 0.000000 -0.000000 -0.024914 -0.000000 1.000000 -0.000000 0.045544 0.000000 0.000000 1.000000 0.054626 0.000000 0.000000 0.000000 1.000000
1.000000 0.000000 -0.000000 -0.024914 -0.000000 1.000000 -0.000000 0.045544 0.000000 0.000000 1.000000 0.054626 0.000000 0.000000 0.000000 1.000000
1.000000 -0.000000 -0.000000 -0.024914 0.000000 1.000000 0.000000 0.045544 0.000000 -0.000000 1.000000 0.054626 0.000000 0.000000 0.000000 1.000000
1.000000 0.000000 -0.000000 -0.024914 -0.000000 1.000000 -0.000000 0.045544 0.000000 0.000000 1.000000 0.054626 0.000000 0.000000 0.000000 1.000000
1.000000 -0.000000 -0.000000 -0.024914 0.000000 1.000000 0.000000 0.045544 0.000000 -0.000000 1.000000 0.054626 0.000000 0.000000 0.000000 1.000000
1.000000 -0.000000 -0.000000 -0.024914 0.000000 1.000000 -0.000000 0.045544 0.000000 0.000000 1.000000 0.054626 0.000000 0.000000 0.000000 1.000000
1.000000 -0.000000 0.000000 -0.024914 -0.000000 1.000000 -0.000000 0.045544 0.000000 0.000000 1.000000 0.054626 0.000000 0.000000 0.000000 1.000000</float_array><technique_common><accessor source="#RightEye1-Matrix-animation-output-transform-array" count="18" stride="16"><param type="float4x4"/></accessor></technique_common></source><source id="RightEye1-Interpolations"><Name_array id="RightEye1-Interpolations-array" count="18">
 LINEAR LINEAR LINEAR LINEAR LINEAR LINEAR LINEAR LINEAR LINEAR LINEAR LINEAR
LINEAR LINEAR LINEAR LINEAR LINEAR LINEAR LINEAR</Name_array><technique_common><accessor source="#RightEye1-Interpolations-array" count="18"><param type="name"/></accessor></technique_common></source><sampler id="RightEye1-Matrix-animation-transform"><input semantic="INPUT" source="#RightEye1-Matrix-animation-input"/><input semantic="OUTPUT" source="#RightEye1-Matrix-animation-output-transform"/><input semantic="INTERPOLATION" source="#RightEye1-Interpolations"/></sampler><channel source="#RightEye1-Matrix-animation-transform" target="RightEye1/matrix"/></animation><animation><source id="RightEye1-visibility-animation-input"><float_array id="RightEye1-visibility-animation-input-array" count="18">

0.033333 0.066667 0.100000 0.133333 0.166667 0.200000 0.233333 0.266667 0.300000 0.333333 0.366667 0.400000 0.433333 0.466667 0.500000 0.533333
0.566667 0.600000</float_array><technique_common><accessor source="#RightEye1-visibility-animation-input-array" count="18"><param name="TIME" type="float"/></accessor></technique_common></source><source id="RightEye1-visibility-animation-output"><float_array id="RightEye1-visibility-animation-output-array" count="18">

1.000000 1.000000 1.000000 1.000000 1.000000 1.000000 1.000000 1.000000 1.000000 1.000000 1.000000 1.000000 1.000000 1.000000 1.000000 1.000000
1.000000 1.000000</float_array><technique_common><accessor source="#RightEye1-visibility-animation-output-array" count="18"><param type="float"/></accessor></technique_common></source><source id="RightEye1-visibility-animation-intan"><float_array id="RightEye1-visibility-animation-intan-array" count="18">

0.000000 0.000000 0.000000 0.000000 0.000000 0.000000 0.000000 0.000000 0.000000 0.000000 0.000000 0.000000 0.000000 0.000000 0.000000 0.000000
0.000000 0.000000</float_array><technique_common><accessor source="#RightEye1-visibility-animation-intan-array" count="18"><param type="float"/></accessor></technique_common></source><source id="RightEye1-visibility-animation-outtan"><float_array id="RightEye1-visibility-animation-outtan-array" count="18">

0.000000 0.000000 0.000000 0.000000 0.000000 0.000000 0.000000 0.000000 0.000000 0.000000 0.000000 0.000000 0.000000 0.000000 0.000000 0.000000
0.000000 0.000000</float_array><technique_common><accessor source="#RightEye1-visibility-animation-outtan-array" count="18"><param type="float"/></accessor></technique_common></source><source id="RightEye1-visibility-animation-interpolation"><Name_array id="RightEye1-visibility-animation-interpolation-array" count="18">
 BEZIER BEZIER BEZIER BEZIER BEZIER BEZIER BEZIER BEZIER BEZIER BEZIER BEZIER
BEZIER BEZIER BEZIER BEZIER BEZIER BEZIER BEZIER</Name_array><technique_common><accessor source="#RightEye1-visibility-animation-interpolation-array" count="18"><param type="name"/></accessor></technique_common></source><sampler id="RightEye1-visibility-animation"><input semantic="INPUT" source="#RightEye1-visibility-animation-input"/><input semantic="OUTPUT" source="#RightEye1-visibility-animation-output"/><input semantic="IN_TANGENT" source="#RightEye1-visibility-animation-intan"/><input semantic="OUT_TANGENT" source="#RightEye1-visibility-animation-outtan"/><input semantic="INTERPOLATION" source="#RightEye1-visibility-animation-interpolation"/></sampler><channel source="#RightEye1-visibility-animation" target="RightEye1/visibility"/></animation></animation>
    <animation id="LeftJaw-anim" name="LeftJaw"><animation><source id="LeftJaw-Matrix-animation-input"><float_array id="LeftJaw-Matrix-animation-input-array" count="18">

0.033333 0.066667 0.100000 0.133333 0.166667 0.200000 0.233333 0.266667 0.300000 0.333333 0.366667 0.400000 0.433333 0.466667 0.500000 0.533333
0.566667 0.600000</float_array><technique_common><accessor source="#LeftJaw-Matrix-animation-input-array" count="18"><param name="TIME" type="float"/></accessor></technique_common></source><source id="LeftJaw-Matrix-animation-output-transform"><float_array id="LeftJaw-Matrix-animation-output-transform-array" count="288">

1.000000 0.000000 0.000000 0.017937 -0.000000 1.000000 0.000000 0.104294 -0.000000 -0.000000 1.000000 0.046296 0.000000 0.000000 0.000000 1.000000
0.999980 0.000000 -0.006353 0.017937 -0.000000 1.000000 0.000000 0.104294 0.006353 -0.000000 0.999980 0.046296 0.000000 0.000000 0.000000 1.000000
0.999793 -0.000000 -0.020329 0.017937 0.000000 1.000000 0.000000 0.104294 0.020329 -0.000000 0.999793 0.046296 0.000000 0.000000 0.000000 1.000000
0.999412 0.000000 -0.034301 0.017937 -0.000000 1.000000 0.000000 0.104294 0.034301 -0.000000 0.999412 0.046296 0.000000 0.000000 0.000000 1.000000
0.999173 0.000000 -0.040649 0.017937 -0.000000 1.000000 0.000000 0.104294 0.040649 0.000000 0.999173 0.046296 0.000000 0.000000 0.000000 1.000000
0.999412 0.000000 -0.034301 0.017937 -0.000000 1.000000 0.000000 0.104294 0.034301 -0.000000 0.999412 0.046296 0.000000 0.000000 0.000000 1.000000
0.999793 -0.000000 -0.020328 0.017937 0.000000 1.000000 0.000000 0.104294 0.020328 -0.000000 0.999793 0.046296 0.000000 0.000000 0.000000 1.000000
0.999980 -0.000000 -0.006353 0.017937 0.000000 1.000000 0.000000 0.104294 0.006353 -0.000000 0.999980 0.046296 0.000000 0.000000 0.000000 1.000000
1.000000 0.000000 0.000000 0.017937 -0.000000 1.000000 0.000000 0.104294 -0.000000 -0.000000 1.000000 0.046296 0.000000 0.000000 0.000000 1.000000
0.999980 0.000000 -0.006353 0.017937 -0.000000 1.000000 0.000000 0.104294 0.006353 -0.000000 0.999980 0.046296 0.000000 0.000000 0.000000 1.000000
0.999793 0.000000 -0.020329 0.017937 -0.000000 1.000000 0.000000 0.104294 0.020329 -0.000000 0.999793 0.046296 0.000000 0.000000 0.000000 1.000000
0.999412 -0.000000 -0.034301 0.017937 0.000000 1.000000 -0.000000 0.104294 0.034301 0.000000 0.999412 0.046296 0.000000 0.000000 0.000000 1.000000
0.999173 0.000000 -0.040649 0.017937 -0.000000 1.000000 0.000000 0.104294 0.040649 0.000000 0.999173 0.046296 0.000000 0.000000 0.000000 1.000000
0.999412 -0.000000 -0.034301 0.017937 0.000000 1.000000 0.000000 0.104294 0.034301 -0.000000 0.999412 0.046296 0.000000 0.000000 0.000000 1.000000
0.999793 0.000000 -0.020328 0.017937 -0.000000 1.000000 0.000000 0.104294 0.020328 -0.000000 0.999793 0.046296 0.000000 0.000000 0.000000 1.000000
0.999980 0.000000 -0.006353 0.017937 -0.000000 1.000000 0.000000 0.104294 0.006353 -0.000000 0.999980 0.046296 0.000000 0.000000 0.000000 1.000000
1.000000 0.000000 0.000000 0.017937 -0.000000 1.000000 0.000000 0.104294 -0.000000 -0.000000 1.000000 0.046296 0.000000 0.000000 0.000000 1.000000
1.000000 -0.000000 0.000000 0.017937 -0.000000 1.000000 -0.000000 0.104294 0.000000 0.000000 1.000000 0.046296 0.000000 0.000000 0.000000 1.000000</float_array><technique_common><accessor source="#LeftJaw-Matrix-animation-output-transform-array" count="18" stride="16"><param type="float4x4"/></accessor></technique_common></source><source id="LeftJaw-Interpolations"><Name_array id="LeftJaw-Interpolations-array" count="18">
 LINEAR LINEAR LINEAR LINEAR LINEAR LINEAR LINEAR LINEAR LINEAR LINEAR LINEAR
LINEAR LINEAR LINEAR LINEAR LINEAR LINEAR LINEAR</Name_array><technique_common><accessor source="#LeftJaw-Interpolations-array" count="18"><param type="name"/></accessor></technique_common></source><sampler id="LeftJaw-Matrix-animation-transform"><input semantic="INPUT" source="#LeftJaw-Matrix-animation-input"/><input semantic="OUTPUT" source="#LeftJaw-Matrix-animation-output-transform"/><input semantic="INTERPOLATION" source="#LeftJaw-Interpolations"/></sampler><channel source="#LeftJaw-Matrix-animation-transform" target="LeftJaw/matrix"/></animation><animation><source id="LeftJaw-visibility-animation-input"><float_array id="LeftJaw-visibility-animation-input-array" count="18">

0.033333 0.066667 0.100000 0.133333 0.166667 0.200000 0.233333 0.266667 0.300000 0.333333 0.366667 0.400000 0.433333 0.466667 0.500000 0.533333
