<?xml version="1.0" encoding="utf-8"?>
<COLLADA xmlns="http://www.collada.org/2005/11/COLLADASchema" version="1.4.1">
  <asset><contributor><author></author><authoring_tool>FBX COLLADA exporter</authoring_tool><comments></comments></contributor><created>2014-06-06T15:03:23Z</created><keywords></keywords><modified>2014-06-06T15:03:23Z</modified><revision></revision><subject></subject><title></title><unit meter="0.010000" name="centimeter"></unit><up_axis>Y_UP</up_axis></asset>
  <library_animations>
    <animation id="Root-anim" name="Root"><animation><source id="Root-Matrix-animation-input"><float_array id="Root-Matrix-animation-input-array" count="51">

0.033333 0.066667 0.100000 0.133333 0.166667 0.200000 0.233333 0.266667 0.300000 0.333333 0.366667 0.400000 0.433333 0.466667 0.500000 0.533333
0.566667 0.600000 0.633333 0.666667 0.700000 0.733333 0.766667 0.800000 0.833333 0.866667 0.900000 0.933333 0.966667 1.000000 1.033333 1.066667
1.100000 1.133333 1.166667 1.200000 1.233333 1.266667 1.300000 1.333333 1.366667 1.400000 1.433333 1.466667 1.500000 1.533333 1.566667 1.600000
1.633333 1.666667 1.700000</float_array><technique_common><accessor source="#Root-Matrix-animation-input-array" count="51"><param name="TIME" type="float"/></accessor></technique_common></source><source id="Root-Matrix-animation-output-transform"><float_array id="Root-Matrix-animation-output-transform-array" count="816">

0.993720 -0.036331 -0.105835 0.000000 0.059605 0.972334 0.225864 0.632539 0.094701 -0.230754 0.968393 -0.092542 0.000000 0.000000 0.000000 1.000000
0.992268 -0.035964 -0.118790 0.000000 0.062266 0.972187 0.225779 0.632539 0.107366 -0.231430 0.966909 -0.092542 0.000000 0.000000 0.000000 1.000000
0.987479 -0.034938 -0.153831 0.000000 0.069486 0.971801 0.225333 0.632539 0.141620 -0.233201 0.962061 -0.092542 0.000000 0.000000 0.000000 1.000000
0.978178 -0.033344 -0.205076 0.000000 0.080119 0.971236 0.224236 0.632539 0.191700 -0.235773 0.952713 -0.092542 0.000000 0.000000 0.000000 1.000000
0.963330 -0.031317 -0.266485 0.000000 0.093018 0.970554 0.222198 0.632539 0.251680 -0.238838 0.937877 -0.092542 0.000000 0.000000 0.000000 1.000000
0.942824 -0.029103 -0.332018 0.000000 0.107038 0.969849 0.218943 0.632539 0.315635 -0.241963 0.917512 -0.092542 0.000000 0.000000 0.000000 1.000000
0.917903 -0.027135 -0.395876 -0.000000 0.121037 0.969261 0.214205 0.632539 0.377894 -0.244535 0.892972 -0.092542 0.000000 0.000000 0.000000 1.000000
0.891230 -0.026063 -0.452801 -0.000000 0.133879 0.968980 0.207734 0.632539 0.433342 -0.245759 0.867074 -0.092542 0.000000 0.000000 0.000000 1.000000
0.866643 -0.026712 -0.498213 -0.000000 0.144438 0.969239 0.199285 0.632539 0.477564 -0.244670 0.843842 -0.092542 0.000000 0.000000 0.000000 1.000000
0.848653 -0.029935 -0.528102 -0.000000 0.151594 0.970281 0.188610 0.632539 0.506762 -0.240121 0.827970 -0.092542 0.000000 0.000000 0.000000 1.000000
0.841766 -0.036331 -0.538619 -0.000000 0.154229 0.972334 0.175445 0.632539 0.517343 -0.230754 0.824080 -0.092542 0.000000 0.000000 0.000000 1.000000
0.856919 0.001623 -0.515448 0.001682 0.089922 0.984190 0.152592 0.629882 0.507547 -0.177109 0.843225 -0.083290 0.000000 0.000000 0.000000 1.000000
0.881625 0.099027 -0.461445 0.006115 -0.052509 0.992250 0.112616 0.622700 0.469021 -0.075055 0.879992 -0.058897 0.000000 0.000000 0.000000 1.000000
0.896374 0.201693 -0.394759 0.012383 -0.193866 0.979186 0.060084 0.612178 0.398661 0.022672 0.916818 -0.024412 0.000000 0.000000 0.000000 1.000000
0.914812 0.244495 -0.321469 0.019569 -0.256988 0.966408 0.003688 0.599500 0.311572 0.079240 0.946913 0.015120 0.000000 0.000000 0.000000 1.000000
0.952081 0.219634 -0.212844 0.026754 -0.237844 0.969207 -0.063785 0.585851 0.192281 0.111352 0.975002 0.054651 0.000000 0.000000 0.000000 1.000000
0.980476 0.186030 -0.063717 0.033022 -0.193498 0.970445 -0.144204 0.572413 0.035007 0.153717 0.987495 0.089138 0.000000 0.000000 0.000000 1.000000
0.982125 0.166788 0.087246 0.037456 -0.143936 0.964157 -0.222898 0.560372 -0.121295 0.206356 0.970930 0.113529 0.000000 0.000000 0.000000 1.000000
0.966202 0.169486 0.194238 0.039138 -0.109845 0.952339 -0.284578 0.550913 -0.233212 0.253624 0.938769 0.122781 0.000000 0.000000 0.000000 1.000000
0.947333 0.185967 0.260721 0.037678 -0.092250 0.938077 -0.333919 0.543124 -0.306675 0.292281 0.905827 0.122509 0.000000 0.000000 0.000000 1.000000
0.924395 0.210680 0.317974 0.033774 -0.077826 0.920262 -0.383485 0.535486 -0.373412 0.329745 0.867082 0.121714 0.000000 0.000000 0.000000 1.000000
0.899409 0.240635 0.364908 0.028138 -0.066014 0.900027 -0.430805 0.528273 -0.432094 0.363381 0.825378 0.120429 0.000000 0.000000 0.000000 1.000000
0.874526 0.272245 0.401356 0.021482 -0.056244 0.878924 -0.473634 0.521759 -0.481706 0.391632 0.783954 0.118683 0.000000 0.000000 0.000000 1.000000
0.851922 0.301707 0.428021 0.014517 -0.047943 0.858854 -0.509972 0.516216 -0.521470 0.413936 0.746141 0.116510 0.000000 0.000000 0.000000 1.000000
0.833683 0.325313 0.446256 0.007956 -0.040535 0.841946 -0.538037 0.511919 -0.550754 0.430463 0.715102 0.113941 0.000000 0.000000 0.000000 1.000000
0.821699 0.339629 0.457672 0.002511 -0.033445 0.830394 -0.556172 0.509140 -0.568940 0.441699 0.693693 0.111007 0.000000 0.000000 0.000000 1.000000
0.817536 0.341571 0.463643 -0.001106 -0.026095 0.826252 -0.562696 0.508153 -0.575287 0.447925 0.684404 0.107740 0.000000 0.000000 0.000000 1.000000
0.819626 0.330888 0.467681 -0.003277 -0.018943 0.831549 -0.555128 0.508153 -0.572585 0.446139 0.687828 0.104325 0.000000 0.000000 0.000000 1.000000
0.825205 0.310538 0.471807 -0.004908 -0.012736 0.845322 -0.534106 0.508153 -0.564689 0.434738 0.701519 0.100811 0.000000 0.000000 0.000000 1.000000
0.833665 0.282708 0.474424 -0.006077 -0.007329 0.864632 -0.502352 0.508153 -0.552221 0.415316 0.722886 0.097027 0.000000 0.000000 0.000000 1.000000
0.844354 0.249817 0.473980 -0.006861 -0.002580 0.886532 -0.462661 0.508153 -0.535779 0.389427 0.749191 0.092800 0.000000 0.000000 0.000000 1.000000
0.856611 0.214435 0.469293 -0.007336 0.001657 0.908399 -0.418101 0.508153 -0.515961 0.358927 0.777789 0.087957 0.000000 0.000000 0.000000 1.000000
0.869788 0.179138 0.459758 -0.007580 0.005525 0.928176 -0.372101 0.508153 -0.493394 0.326190 0.806327 0.082327 0.000000 0.000000 0.000000 1.000000
0.883289 0.146299 0.445418 -0.007670 0.009169 0.944492 -0.328406 0.508153 -0.468739 0.294161 0.832918 0.075737 0.000000 0.000000 0.000000 1.000000
0.896577 0.117915 0.426902 -0.007683 0.012733 0.956645 -0.290978 0.508153 -0.442704 0.266320 0.856205 0.068015 0.000000 0.000000 0.000000 1.000000
0.910298 0.091575 0.403698 -0.007596 0.016399 0.966481 -0.256215 0.509550 -0.413629 0.239852 0.878283 0.058877 0.000000 0.000000 0.000000 1.000000
0.924843 0.064678 0.374810 -0.007353 0.020218 0.975683 -0.218253 0.513497 -0.379811 0.209428 0.901046 0.048338 0.000000 0.000000 0.000000 1.000000
0.939402 0.038515 0.340648 -0.006974 0.024135 0.983773 -0.177787 0.519632 -0.341968 0.175235 0.923228 0.036671 0.000000 0.000000 0.000000 1.000000
0.953245 0.014272 0.301860 -0.006482 0.028097 0.990372 -0.135554 0.527588 -0.300888 0.137697 0.943666 0.024152 0.000000 0.000000 0.000000 1.000000
0.965765 -0.007045 0.259324 -0.005901 0.032050 0.995213 -0.092324 0.537002 -0.257432 0.097475 0.961367 0.011055 0.000000 0.000000 0.000000 1.000000
0.976492 -0.024669 0.214135 -0.005252 0.035940 0.998157 -0.048903 0.547509 -0.212534 0.055449 0.975579 -0.002345 0.000000 0.000000 0.000000 1.000000
0.985127 -0.038133 0.167544 -0.004558 0.039714 0.999192 -0.006096 0.558745 -0.167177 0.012660 0.985846 -0.015772 0.000000 0.000000 0.000000 1.000000
0.991538 -0.047292 0.120898 -0.003841 0.043318 0.998438 0.035289 0.570346 -0.122378 -0.029753 0.992037 -0.028954 0.000000 0.000000 0.000000 1.000000
0.995766 -0.052330 0.075577 -0.003125 0.046699 0.996130 0.074455 0.581946 -0.079181 -0.070611 0.994356 -0.041613 0.000000 0.000000 0.000000 1.000000
0.998012 -0.053741 0.032914 -0.002431 0.049802 0.992612 0.110639 0.593182 -0.038617 -0.108780 0.993315 -0.053476 0.000000 0.000000 0.000000 1.000000
0.998616 -0.052276 -0.005849 -0.001782 0.052574 0.988310 0.143104 0.603689 -0.001701 -0.143214 0.989690 -0.064267 0.000000 0.000000 0.000000 1.000000
0.998020 -0.048874 -0.039593 -0.001200 0.054963 0.983711 0.171151 0.613104 0.030583 -0.172988 0.984449 -0.073714 0.000000 0.000000 0.000000 1.000000
0.996735 -0.044581 -0.067324 -0.000709 0.056913 0.979329 0.194101 0.621060 0.057279 -0.197299 0.978669 -0.081539 0.000000 0.000000 0.000000 1.000000
0.995285 -0.040453 -0.088159 -0.000330 0.058373 0.975676 0.211304 0.627194 0.077467 -0.215453 0.973437 -0.087468 0.000000 0.000000 0.000000 1.000000
0.994154 -0.037451 -0.101271 -0.000086 0.059288 0.973217 0.222111 0.631142 0.090241 -0.226817 0.969748 -0.091227 0.000000 0.000000 0.000000 1.000000
1.000000 -0.000000 -0.000000 0.000000 0.000000 1.000000 -0.000000 0.565033 0.000000 -0.000000 1.000000 -0.092542 0.000000 0.000000 0.000000 1.000000</float_array><technique_common><accessor source="#Root-Matrix-animation-output-transform-array" count="51" stride="16"><param type="float4x4"/></accessor></technique_common></source><source id="Root-Interpolations"><Name_array id="Root-Interpolations-array" count="51">
 LINEAR LINEAR LINEAR LINEAR LINEAR LINEAR LINEAR LINEAR LINEAR LINEAR LINEAR
LINEAR LINEAR LINEAR LINEAR LINEAR LINEAR LINEAR LINEAR LINEAR LINEAR LINEAR LINEAR
LINEAR LINEAR LINEAR LINEAR LINEAR LINEAR LINEAR LINEAR LINEAR LINEAR LINEAR LINEAR
LINEAR LINEAR LINEAR LINEAR LINEAR LINEAR LINEAR LINEAR LINEAR LINEAR LINEAR LINEAR
LINEAR LINEAR LINEAR LINEAR</Name_array><technique_common><accessor source="#Root-Interpolations-array" count="51"><param type="name"/></accessor></technique_common></source><sampler id="Root-Matrix-animation-transform"><input semantic="INPUT" source="#Root-Matrix-animation-input"/><input semantic="OUTPUT" source="#Root-Matrix-animation-output-transform"/><input semantic="INTERPOLATION" source="#Root-Interpolations"/></sampler><channel source="#Root-Matrix-animation-transform" target="Root/matrix"/></animation><animation><source id="Root-visibility-animation-input"><float_array id="Root-visibility-animation-input-array" count="51">

0.033333 0.066667 0.100000 0.133333 0.166667 0.200000 0.233333 0.266667 0.300000 0.333333 0.366667 0.400000 0.433333 0.466667 0.500000 0.533333
0.566667 0.600000 0.633333 0.666667 0.700000 0.733333 0.766667 0.800000 0.833333 0.866667 0.900000 0.933333 0.966667 1.000000 1.033333 1.066667
1.100000 1.133333 1.166667 1.200000 1.233333 1.266667 1.300000 1.333333 1.366667 1.400000 1.433333 1.466667 1.500000 1.533333 1.566667 1.600000
1.633333 1.666667 1.700000</float_array><technique_common><accessor source="#Root-visibility-animation-input-array" count="51"><param name="TIME" type="float"/></accessor></technique_common></source><source id="Root-visibility-animation-output"><float_array id="Root-visibility-animation-output-array" count="51">

1.000000 1.000000 1.000000 1.000000 1.000000 1.000000 1.000000 1.000000 1.000000 1.000000 1.000000 1.000000 1.000000 1.000000 1.000000 1.000000
1.000000 1.000000 1.000000 1.000000 1.000000 1.000000 1.000000 1.000000 1.000000 1.000000 1.000000 1.000000 1.000000 1.000000 1.000000 1.000000
1.000000 1.000000 1.000000 1.000000 1.000000 1.000000 1.000000 1.000000 1.000000 1.000000 1.000000 1.000000 1.000000 1.000000 1.000000 1.000000
1.000000 1.000000 1.000000</float_array><technique_common><accessor source="#Root-visibility-animation-output-array" count="51"><param type="float"/></accessor></technique_common></source><source id="Root-visibility-animation-intan"><float_array id="Root-visibility-animation-intan-array" count="51">

0.000000 0.000000 0.000000 0.000000 0.000000 0.000000 0.000000 0.000000 0.000000 0.000000 0.000000 0.000000 0.000000 0.000000 0.000000 0.000000
0.000000 0.000000 0.000000 0.000000 0.000000 0.000000 0.000000 0.000000 0.000000 0.000000 0.000000 0.000000 0.000000 0.000000 0.000000 0.000000
0.000000 0.000000 0.000000 0.000000 0.000000 0.000000 0.000000 0.000000 0.000000 0.000000 0.000000 0.000000 0.000000 0.000000 0.000000 0.000000
0.000000 0.000000 0.000000</float_array><technique_common><accessor source="#Root-visibility-animation-intan-array" count="51"><param type="float"/></accessor></technique_common></source><source id="Root-visibility-animation-outtan"><float_array id="Root-visibility-animation-outtan-array" count="51">

0.000000 0.000000 0.000000 0.000000 0.000000 0.000000 0.000000 0.000000 0.000000 0.000000 0.000000 0.000000 0.000000 0.000000 0.000000 0.000000
0.000000 0.000000 0.000000 0.000000 0.000000 0.000000 0.000000 0.000000 0.000000 0.000000 0.000000 0.000000 0.000000 0.000000 0.000000 0.000000
0.000000 0.000000 0.000000 0.000000 0.000000 0.000000 0.000000 0.000000 0.000000 0.000000 0.000000 0.000000 0.000000 0.000000 0.000000 0.000000
0.000000 0.000000 0.000000</float_array><technique_common><accessor source="#Root-visibility-animation-outtan-array" count="51"><param type="float"/></accessor></technique_common></source><source id="Root-visibility-animation-interpolation"><Name_array id="Root-visibility-animation-interpolation-array" count="51">
 BEZIER BEZIER BEZIER BEZIER BEZIER BEZIER BEZIER BEZIER BEZIER BEZIER BEZIER
BEZIER BEZIER BEZIER BEZIER BEZIER BEZIER BEZIER BEZIER BEZIER BEZIER BEZIER BEZIER
BEZIER BEZIER BEZIER BEZIER BEZIER BEZIER BEZIER BEZIER BEZIER BEZIER BEZIER BEZIER
BEZIER BEZIER BEZIER BEZIER BEZIER BEZIER BEZIER BEZIER BEZIER BEZIER BEZIER BEZIER
BEZIER BEZIER BEZIER BEZIER</Name_array><technique_common><accessor source="#Root-visibility-animation-interpolation-array" count="51"><param type="name"/></accessor></technique_common></source><sampler id="Root-visibility-animation"><input semantic="INPUT" source="#Root-visibility-animation-input"/><input semantic="OUTPUT" source="#Root-visibility-animation-output"/><input semantic="IN_TANGENT" source="#Root-visibility-animation-intan"/><input semantic="OUT_TANGENT" source="#Root-visibility-animation-outtan"/><input semantic="INTERPOLATION" source="#Root-visibility-animation-interpolation"/></sampler><channel source="#Root-visibility-animation" target="Root/visibility"/></animation></animation>
    <animation id="LeftEye-anim" name="LeftEye"><animation><source id="LeftEye-Matrix-animation-input"><float_array id="LeftEye-Matrix-animation-input-array" count="51">

0.033333 0.066667 0.100000 0.133333 0.166667 0.200000 0.233333 0.266667 0.300000 0.333333 0.366667 0.400000 0.433333 0.466667 0.500000 0.533333
0.566667 0.600000 0.633333 0.666667 0.700000 0.733333 0.766667 0.800000 0.833333 0.866667 0.900000 0.933333 0.966667 1.000000 1.033333 1.066667
1.100000 1.133333 1.166667 1.200000 1.233333 1.266667 1.300000 1.333333 1.366667 1.400000 1.433333 1.466667 1.500000 1.533333 1.566667 1.600000
1.633333 1.666667 1.700000</float_array><technique_common><accessor source="#LeftEye-Matrix-animation-input-array" count="51"><param name="TIME" type="float"/></accessor></technique_common></source><source id="LeftEye-Matrix-animation-output-transform"><float_array id="LeftEye-Matrix-animation-output-transform-array" count="816">

0.978044 -0.102256 0.181585 0.118111 0.038537 0.945058 0.324624 0.257117 -0.204803 -0.310499 0.928249 0.233434 0.000000 0.000000 0.000000 1.000000
0.976315 -0.103203 0.190152 0.118111 0.037250 0.945954 0.322154 0.257117 -0.213122 -0.307441 0.927394 0.233434 0.000000 0.000000 0.000000 1.000000
0.971248 -0.105664 0.213337 0.118111 0.033886 0.948343 0.315433 0.257117 -0.235646 -0.299135 0.924656 0.233434 0.000000 0.000000 0.000000 1.000000
0.962801 -0.108944 0.247275 0.118111 0.029275 0.951789 0.305353 0.257117 -0.268620 -0.286756 0.919573 0.233434 0.000000 0.000000 0.000000 1.000000
0.950997 -0.112397 0.288047 0.118111 0.024268 0.955850 0.292852 0.257117 -0.308246 -0.271511 0.911738 0.233434 0.000000 0.000000 0.000000 1.000000
0.936242 -0.115622 0.331787 0.118111 0.019647 0.960054 0.279123 0.257117 -0.350806 -0.254808 0.901115 0.233434 0.000000 0.000000 0.000000 1.000000
0.919490 -0.118604 0.374795 0.118111 0.016022 0.963916 0.265724 0.257117 -0.392786 -0.238326 0.888211 0.233434 0.000000 0.000000 0.000000 1.000000
0.902251 -0.121763 0.413663 0.118111 0.013768 0.966950 0.254594 0.257117 -0.430992 -0.224013 0.874108 0.233434 0.000000 0.000000 0.000000 1.000000
0.886484 -0.125896 0.445305 0.118111 0.013002 0.968678 0.247979 0.257117 -0.462577 -0.214040 0.860355 0.233434 0.000000 0.000000 0.000000 1.000000
0.874410 -0.131986 0.466891 0.118111 0.013627 0.968590 0.248291 0.257117 -0.484997 -0.210746 0.848743 0.233434 0.000000 0.000000 0.000000 1.000000
0.868278 -0.140876 0.475654 0.118111 0.015453 0.966046 0.257908 0.257117 -0.495837 -0.216586 0.840974 0.233434 0.000000 0.000000 0.000000 1.000000
0.885144 -0.165908 0.434735 0.118111 0.030292 0.952840 0.301957 0.257117 -0.464331 -0.254106 0.848426 0.233434 0.000000 0.000000 0.000000 1.000000
0.926268 -0.202144 0.318064 0.118111 0.068317 0.920056 0.385784 0.257117 -0.370621 -0.335610 0.866029 0.233434 0.000000 0.000000 0.000000 1.000000
0.965204 -0.219453 0.142201 0.118111 0.127155 0.869054 0.478097 0.257117 -0.228500 -0.443380 0.866719 0.233434 0.000000 0.000000 0.000000 1.000000
0.978115 -0.198003 -0.063917 0.118111 0.199959 0.809648 0.551803 0.257117 -0.057508 -0.552508 0.831522 0.233434 0.000000 0.000000 0.000000 1.000000
0.954625 -0.139814 -0.262951 0.118111 0.274312 0.756574 0.593590 0.257117 0.115949 -0.638786 0.760597 0.233434 0.000000 0.000000 0.000000 1.000000
0.903858 -0.066477 -0.422636 0.118111 0.336531 0.720441 0.606393 0.257117 0.264173 -0.690323 0.673548 0.233434 0.000000 0.000000 0.000000 1.000000
0.851329 -0.006153 -0.524596 0.118111 0.377057 0.702440 0.603660 0.257117 0.364783 -0.711716 0.600328 0.233434 0.000000 0.000000 0.000000 1.000000
0.827938 0.017864 -0.560534 0.118111 0.391377 0.697460 0.600311 0.257117 0.401674 -0.716401 0.570463 0.233434 0.000000 0.000000 0.000000 1.000000
0.828019 0.011073 -0.560590 0.118111 0.396375 0.695588 0.599204 0.257117 0.396574 -0.718356 0.571571 0.233434 0.000000 0.000000 0.000000 1.000000
0.828185 -0.006932 -0.560413 0.118111 0.409279 0.690597 0.596294 0.257117 0.382885 -0.723207 0.574779 0.233434 0.000000 0.000000 0.000000 1.000000
0.828226 -0.032601 -0.559445 0.118111 0.426922 0.683395 0.592208 0.257117 0.363015 -0.729321 0.579923 0.233434 0.000000 0.000000 0.000000 1.000000
0.828078 -0.062389 -0.557131 0.118111 0.446176 0.675047 0.587570 0.257117 0.339432 -0.735132 0.586828 0.233434 0.000000 0.000000 0.000000 1.000000
0.828031 -0.092746 -0.552958 0.118111 0.464028 0.666923 0.583002 0.257117 0.314710 -0.739332 0.595270 0.233434 0.000000 0.000000 0.000000 1.000000
0.828799 -0.120122 -0.546500 0.118111 0.477613 0.660699 0.579105 0.257117 0.291509 -0.740977 0.604959 0.233434 0.000000 0.000000 0.000000 1.000000
0.831446 -0.140940 -0.537432 0.118111 0.484182 0.658242 0.576442 0.257117 0.272516 -0.739496 0.615533 0.233434 0.000000 0.000000 0.000000 1.000000
0.837169 -0.151535 -0.525533 0.118111 0.481001 0.661366 0.575529 0.257117 0.260357 -0.734597 0.626564 0.233434 0.000000 0.000000 0.000000 1.000000
0.845958 -0.150932 -0.511443 0.118111 0.464988 0.678295 0.568948 0.257117 0.261037 -0.719121 0.643991 0.233434 0.000000 0.000000 0.000000 1.000000
0.856417 -0.141374 -0.496551 0.118111 0.436750 0.711268 0.550770 0.257117 0.275316 -0.688557 0.670887 0.233434 0.000000 0.000000 0.000000 1.000000
0.867250 -0.124206 -0.482130 0.118111 0.398971 0.752657 0.523765 0.257117 0.297824 -0.646591 0.702296 0.233434 0.000000 0.000000 0.000000 1.000000
0.877298 -0.101476 -0.469096 0.118111 0.354757 0.795409 0.491398 0.257117 0.323258 -0.597517 0.733810 0.233434 0.000000 0.000000 0.000000 1.000000
0.886065 -0.075989 -0.457290 0.118111 0.307895 0.833919 0.458017 0.257117 0.346538 -0.546630 0.762303 0.233434 0.000000 0.000000 0.000000 1.000000
0.893996 -0.051104 -0.445151 0.118111 0.262809 0.864446 0.428560 0.257117 0.362908 -0.500121 0.786242 0.233434 0.000000 0.000000 0.000000 1.000000
0.902404 -0.030518 -0.429808 0.118111 0.224267 0.884998 0.408023 0.257117 0.367928 -0.464594 0.805470 0.233434 0.000000 0.000000 0.000000 1.000000
0.912976 -0.018365 -0.407600 0.118111 0.197054 0.894602 0.401070 0.257117 0.357274 -0.446486 0.820369 0.233434 0.000000 0.000000 0.000000 1.000000
0.925856 -0.014032 -0.377616 0.118111 0.177681 0.898112 0.402273 0.257117 0.333497 -0.439543 0.834016 0.233434 0.000000 0.000000 0.000000 1.000000
0.939624 -0.013391 -0.341947 0.118111 0.159512 0.901181 0.403025 0.257117 0.302759 -0.433237 0.848907 0.233434 0.000000 0.000000 0.000000 1.000000
0.953368 -0.015914 -0.301391 0.118111 0.142465 0.904083 0.402911 0.257117 0.266071 -0.427060 0.864191 0.233434 0.000000 0.000000 0.000000 1.000000
0.966225 -0.021050 -0.256840 0.118111 0.126510 0.907040 0.401589 0.257117 0.224511 -0.420518 0.879067 0.233434 0.000000 0.000000 0.000000 1.000000
0.977447 -0.028225 -0.209285 0.118111 0.111676 0.910205 0.398817 0.257117 0.179236 -0.413195 0.892830 0.233434 0.000000 0.000000 0.000000 1.000000
0.986459 -0.036844 -0.159819 0.118111 0.098035 0.913664 0.394471 0.257117 0.131487 -0.404797 0.904904 0.233434 0.000000 0.000000 0.000000 1.000000
0.992896 -0.046318 -0.109602 0.118111 0.085689 0.917432 0.388557 0.257117 0.082555 -0.395188 0.914883 0.233434 0.000000 0.000000 0.000000 1.000000
0.996631 -0.056083 -0.059842 0.118111 0.074743 0.921458 0.381219 0.257117 0.033762 -0.384408 0.922546 0.233434 0.000000 0.000000 0.000000 1.000000
0.997774 -0.065636 -0.011772 0.118111 0.065288 0.925636 0.372740 0.257117 -0.013569 -0.372679 0.927861 0.233434 0.000000 0.000000 0.000000 1.000000
0.996657 -0.074557 0.033398 0.118111 0.057375 0.929817 0.363522 0.257117 -0.058157 -0.360391 0.930987 0.233434 0.000000 0.000000 0.000000 1.000000
0.993801 -0.082521 0.074494 0.118111 0.051000 0.933826 0.354075 0.257117 -0.098783 -0.348081 0.932246 0.233434 0.000000 0.000000 0.000000 1.000000
0.989867 -0.089304 0.110401 0.118111 0.046101 0.937476 0.344983 0.257117 -0.134307 -0.336397 0.932094 0.233434 0.000000 0.000000 0.000000 1.000000
0.985598 -0.094765 0.140060 0.118111 0.042564 0.940586 0.336878 0.257117 -0.163663 -0.326065 0.931073 0.233434 0.000000 0.000000 0.000000 1.000000
0.981754 -0.098811 0.162465 0.118111 0.040234 0.942984 0.330396 0.257117 -0.185849 -0.317831 0.929754 0.233434 0.000000 0.000000 0.000000 1.000000
0.979044 -0.101356 0.176636 0.118111 0.038941 0.944520 0.326138 0.257117 -0.199892 -0.312425 0.928673 0.233434 0.000000 0.000000 0.000000 1.000000
1.000000 -0.000000 0.000000 0.118111 -0.000000 1.000000 -0.000000 0.257117 0.000000 0.000000 1.000000 0.233434 0.000000 0.000000 0.000000 1.000000</float_array><technique_common><accessor source="#LeftEye-Matrix-animation-output-transform-array" count="51" stride="16"><param type="float4x4"/></accessor></technique_common></source><source id="LeftEye-Interpolations"><Name_array id="LeftEye-Interpolations-array" count="51">
 LINEAR LINEAR LINEAR LINEAR LINEAR LINEAR LINEAR LINEAR LINEAR LINEAR LINEAR
LINEAR LINEAR LINEAR LINEAR LINEAR LINEAR LINEAR LINEAR LINEAR LINEAR LINEAR LINEAR
LINEAR LINEAR LINEAR LINEAR LINEAR LINEAR LINEAR LINEAR LINEAR LINEAR LINEAR LINEAR
LINEAR LINEAR LINEAR LINEAR LINEAR LINEAR LINEAR LINEAR LINEAR LINEAR LINEAR LINEAR
LINEAR LINEAR LINEAR LINEAR</Name_array><technique_common><accessor source="#LeftEye-Interpolations-array" count="51"><param type="name"/></accessor></technique_common></source><sampler id="LeftEye-Matrix-animation-transform"><input semantic="INPUT" source="#LeftEye-Matrix-animation-input"/><input semantic="OUTPUT" source="#LeftEye-Matrix-animation-output-transform"/><input semantic="INTERPOLATION" source="#LeftEye-Interpolations"/></sampler><channel source="#LeftEye-Matrix-animation-transform" target="LeftEye/matrix"/></animation><animation><source id="LeftEye-visibility-animation-input"><float_array id="LeftEye-visibility-animation-input-array" count="51">

0.033333 0.066667 0.100000 0.133333 0.166667 0.200000 0.233333 0.266667 0.300000 0.333333 0.366667 0.400000 0.433333 0.466667 0.500000 0.533333
0.566667 0.600000 0.633333 0.666667 0.700000 0.733333 0.766667 0.800000 0.833333 0.866667 0.900000 0.933333 0.966667 1.000000 1.033333 1.066667
1.100000 1.133333 1.166667 1.200000 1.233333 1.266667 1.300000 1.333333 1.366667 1.400000 1.433333 1.466667 1.500000 1.533333 1.566667 1.600000
1.633333 1.666667 1.700000</float_array><technique_common><accessor source="#LeftEye-visibility-animation-input-array" count="51"><param name="TIME" type="float"/></accessor></technique_common></source><source id="LeftEye-visibility-animation-output"><float_array id="LeftEye-visibility-animation-output-array" count="51">

1.000000 1.000000 1.000000 1.000000 1.000000 1.000000 1.000000 1.000000 1.000000 1.000000 1.000000 1.000000 1.000000 1.000000 1.000000 1.000000
1.000000 1.000000 1.000000 1.000000 1.000000 1.000000 1.000000 1.000000 1.000000 1.000000 1.000000 1.000000 1.000000 1.000000 1.000000 1.000000
1.000000 1.000000 1.000000 1.000000 1.000000 1.000000 1.000000 1.000000 1.000000 1.000000 1.000000 1.000000 1.000000 1.000000 1.000000 1.000000
1.000000 1.000000 1.000000</float_array><technique_common><accessor source="#LeftEye-visibility-animation-output-array" count="51"><param type="float"/></accessor></technique_common></source><source id="LeftEye-visibility-animation-intan"><float_array id="LeftEye-visibility-animation-intan-array" count="51">

0.000000 0.000000 0.000000 0.000000 0.000000 0.000000 0.000000 0.000000 0.000000 0.000000 0.000000 0.000000 0.000000 0.000000 0.000000 0.000000
0.000000 0.000000 0.000000 0.000000 0.000000 0.000000 0.000000 0.000000 0.000000 0.000000 0.000000 0.000000 0.000000 0.000000 0.000000 0.000000
0.000000 0.000000 0.000000 0.000000 0.000000 0.000000 0.000000 0.000000 0.000000 0.000000 0.000000 0.000000 0.000000 0.000000 0.000000 0.000000
0.000000 0.000000 0.000000</float_array><technique_common><accessor source="#LeftEye-visibility-animation-intan-array" count="51"><param type="float"/></accessor></technique_common></source><source id="LeftEye-visibility-animation-outtan"><float_array id="LeftEye-visibility-animation-outtan-array" count="51">

0.000000 0.000000 0.000000 0.000000 0.000000 0.000000 0.000000 0.000000 0.000000 0.000000 0.000000 0.000000 0.000000 0.000000 0.000000 0.000000
0.000000 0.000000 0.000000 0.000000 0.000000 0.000000 0.000000 0.000000 0.000000 0.000000 0.000000 0.000000 0.000000 0.000000 0.000000 0.000000
0.000000 0.000000 0.000000 0.000000 0.000000 0.000000 0.000000 0.000000 0.000000 0.000000 0.000000 0.000000 0.000000 0.000000 0.000000 0.000000
0.000000 0.000000 0.000000</float_array><technique_common><accessor source="#LeftEye-visibility-animation-outtan-array" count="51"><param type="float"/></accessor></technique_common></source><source id="LeftEye-visibility-animation-interpolation"><Name_array id="LeftEye-visibility-animation-interpolation-array" count="51">
 BEZIER BEZIER BEZIER BEZIER BEZIER BEZIER BEZIER BEZIER BEZIER BEZIER BEZIER
BEZIER BEZIER BEZIER BEZIER BEZIER BEZIER BEZIER BEZIER BEZIER BEZIER BEZIER BEZIER
BEZIER BEZIER BEZIER BEZIER BEZIER BEZIER BEZIER BEZIER BEZIER BEZIER BEZIER BEZIER
BEZIER BEZIER BEZIER BEZIER BEZIER BEZIER BEZIER BEZIER BEZIER BEZIER BEZIER BEZIER
BEZIER BEZIER BEZIER BEZIER</Name_array><technique_common><accessor source="#LeftEye-visibility-animation-interpolation-array" count="51"><param type="name"/></accessor></technique_common></source><sampler id="LeftEye-visibility-animation"><input semantic="INPUT" source="#LeftEye-visibility-animation-input"/><input semantic="OUTPUT" source="#LeftEye-visibility-animation-output"/><input semantic="IN_TANGENT" source="#LeftEye-visibility-animation-intan"/><input semantic="OUT_TANGENT" source="#LeftEye-visibility-animation-outtan"/><input semantic="INTERPOLATION" source="#LeftEye-visibility-animation-interpolation"/></sampler><channel source="#LeftEye-visibility-animation" target="LeftEye/visibility"/></animation></animation>
    <animation id="LeftEye1-anim" name="LeftEye1"><animation><source id="LeftEye1-Matrix-animation-input"><float_array id="LeftEye1-Matrix-animation-input-array" count="51">

0.033333 0.066667 0.100000 0.133333 0.166667 0.200000 0.233333 0.266667 0.300000 0.333333 0.366667 0.400000 0.433333 0.466667 0.500000 0.533333
0.566667 0.600000 0.633333 0.666667 0.700000 0.733333 0.766667 0.800000 0.833333 0.866667 0.900000 0.933333 0.966667 1.000000 1.033333 1.066667
1.100000 1.133333 1.166667 1.200000 1.233333 1.266667 1.300000 1.333333 1.366667 1.400000 1.433333 1.466667 1.500000 1.533333 1.566667 1.600000
1.633333 1.666667 1.700000</float_array><technique_common><accessor source="#LeftEye1-Matrix-animation-input-array" count="51"><param name="TIME" type="float"/></accessor></technique_common></source><source id="LeftEye1-Matrix-animation-output-transform"><float_array id="LeftEye1-Matrix-animation-output-transform-array" count="816">

1.000000 -0.000000 0.000000 0.024914 0.000000 1.000000 0.000000 0.045545 -0.000000 -0.000000 1.000000 0.054627 0.000000 0.000000 0.000000 1.000000
1.000000 -0.000000 0.000000 0.024914 0.000000 1.000000 -0.000000 0.045545 -0.000000 0.000000 1.000000 0.054627 0.000000 0.000000 0.000000 1.000000
1.000000 -0.000000 0.000000 0.024914 0.000000 1.000000 -0.000000 0.045545 -0.000000 0.000000 1.000000 0.054627 0.000000 0.000000 0.000000 1.000000
1.000000 -0.000000 0.000000 0.024914 0.000000 1.000000 -0.000000 0.045545 -0.000000 0.000000 1.000000 0.054627 0.000000 0.000000 0.000000 1.000000
1.000000 0.000000 0.000000 0.024914 -0.000000 1.000000 -0.000000 0.045545 -0.000000 0.000000 1.000000 0.054627 0.000000 0.000000 0.000000 1.000000
1.000000 -0.000000 0.000000 0.024914 0.000000 1.000000 -0.000000 0.045545 -0.000000 0.000000 1.000000 0.054627 0.000000 0.000000 0.000000 1.000000
1.000000 0.000000 0.000000 0.024914 -0.000000 1.000000 0.000000 0.045545 -0.000000 -0.000000 1.000000 0.054627 0.000000 0.000000 0.000000 1.000000
1.000000 -0.000000 0.000000 0.024914 0.000000 1.000000 -0.000000 0.045545 -0.000000 -0.000000 1.000000 0.054627 0.000000 0.000000 0.000000 1.000000
1.000000 -0.000000 0.000000 0.024914 0.000000 1.000000 -0.000000 0.045545 -0.000000 0.000000 1.000000 0.054627 0.000000 0.000000 0.000000 1.000000
1.000000 -0.000000 -0.000000 0.024914 0.000000 1.000000 -0.000000 0.045545 0.000000 0.000000 1.000000 0.054627 0.000000 0.000000 0.000000 1.000000
1.000000 -0.000000 0.000000 0.024914 0.000000 1.000000 0.000000 0.045545 -0.000000 0.000000 1.000000 0.054627 0.000000 0.000000 0.000000 1.000000
1.000000 -0.000000 0.000000 0.024914 0.000000 1.000000 0.000000 0.045545 -0.000000 -0.000000 1.000000 0.054627 0.000000 0.000000 0.000000 1.000000
1.000000 -0.000000 0.000000 0.024914 0.000000 1.000000 -0.000000 0.045545 -0.000000 0.000000 1.000000 0.054627 0.000000 0.000000 0.000000 1.000000
1.000000 -0.000000 0.000000 0.024914 0.000000 1.000000 -0.000000 0.045545 -0.000000 0.000000 1.000000 0.054627 0.000000 0.000000 0.000000 1.000000
1.000000 -0.000000 0.000000 0.024914 0.000000 1.000000 -0.000000 0.045545 -0.000000 0.000000 1.000000 0.054627 0.000000 0.000000 0.000000 1.000000
1.000000 -0.000000 0.000000 0.024914 0.000000 1.000000 -0.000000 0.045545 -0.000000 0.000000 1.000000 0.054627 0.000000 0.000000 0.000000 1.000000
1.000000 0.000000 0.000000 0.024914 -0.000000 1.000000 0.000000 0.045545 -0.000000 -0.000000 1.000000 0.054627 0.000000 0.000000 0.000000 1.000000
1.000000 0.000000 0.000000 0.024914 -0.000000 1.000000 -0.000000 0.045545 -0.000000 0.000000 1.000000 0.054627 0.000000 0.000000 0.000000 1.000000
1.000000 -0.000000 0.000000 0.024914 0.000000 1.000000 -0.000000 0.045545 -0.000000 0.000000 1.000000 0.054627 0.000000 0.000000 0.000000 1.000000
1.000000 -0.000000 0.000000 0.024914 0.000000 1.000000 -0.000000 0.045545 -0.000000 0.000000 1.000000 0.054627 0.000000 0.000000 0.000000 1.000000
1.000000 0.000000 0.000000 0.024914 -0.000000 1.000000 -0.000000 0.045545 -0.000000 0.000000 1.000000 0.054627 0.000000 0.000000 0.000000 1.000000
1.000000 0.000000 0.000000 0.024914 0.000000 1.000000 0.000000 0.045545 -0.000000 -0.000000 1.000000 0.054627 0.000000 0.000000 0.000000 1.000000
1.000000 0.000000 0.000000 0.024914 -0.000000 1.000000 -0.000000 0.045545 -0.000000 0.000000 1.000000 0.054627 0.000000 0.000000 0.000000 1.000000
1.000000 -0.000000 0.000000 0.024914 0.000000 1.000000 -0.000000 0.045545 -0.000000 0.000000 1.000000 0.054627 0.000000 0.000000 0.000000 1.000000
1.000000 0.000000 0.000000 0.024914 -0.000000 1.000000 -0.000000 0.045545 -0.000000 0.000000 1.000000 0.054627 0.000000 0.000000 0.000000 1.000000
1.000000 -0.000000 0.000000 0.024914 0.000000 1.000000 -0.000000 0.045545 -0.000000 0.000000 1.000000 0.054627 0.000000 0.000000 0.000000 1.000000
1.000000 -0.000000 0.000000 0.024914 0.000000 1.000000 -0.000000 0.045545 -0.000000 0.000000 1.000000 0.054627 0.000000 0.000000 0.000000 1.000000
1.000000 -0.000000 0.000000 0.024914 0.000000 1.000000 -0.000000 0.045545 -0.000000 0.000000 1.000000 0.054627 0.000000 0.000000 0.000000 1.000000
1.000000 -0.000000 0.000000 0.024914 0.000000 1.000000 -0.000000 0.045545 -0.000000 0.000000 1.000000 0.054627 0.000000 0.000000 0.000000 1.000000
1.000000 -0.000000 -0.000000 0.024914 0.000000 1.000000 -0.000000 0.045545 0.000000 0.000000 1.000000 0.054627 0.000000 0.000000 0.000000 1.000000
1.000000 -0.000000 0.000000 0.024914 0.000000 1.000000 -0.000000 0.045545 -0.000000 0.000000 1.000000 0.054627 0.000000 0.000000 0.000000 1.000000
1.000000 0.000000 -0.000000 0.024914 -0.000000 1.000000 -0.000000 0.045545 0.000000 0.000000 1.000000 0.054627 0.000000 0.000000 0.000000 1.000000
1.000000 -0.000000 0.000000 0.024914 0.000000 1.000000 0.000000 0.045545 -0.000000 -0.000000 1.000000 0.054627 0.000000 0.000000 0.000000 1.000000
1.000000 -0.000000 0.000000 0.024914 0.000000 1.000000 -0.000000 0.045545 -0.000000 0.000000 1.000000 0.054627 0.000000 0.000000 0.000000 1.000000
1.000000 -0.000000 0.000000 0.024914 0.000000 1.000000 -0.000000 0.045545 -0.000000 0.000000 1.000000 0.054627 0.000000 0.000000 0.000000 1.000000
1.000000 -0.000000 0.000000 0.024914 0.000000 1.000000 0.000000 0.045545 -0.000000 0.000000 1.000000 0.054627 0.000000 0.000000 0.000000 1.000000
1.000000 -0.000000 0.000000 0.024914 0.000000 1.000000 -0.000000 0.045545 -0.000000 0.000000 1.000000 0.054627 0.000000 0.000000 0.000000 1.000000
1.000000 -0.000000 0.000000 0.024914 0.000000 1.000000 -0.000000 0.045545 0.000000 0.000000 1.000000 0.054627 0.000000 0.000000 0.000000 1.000000
1.000000 -0.000000 0.000000 0.024914 0.000000 1.000000 -0.000000 0.045545 -0.000000 0.000000 1.000000 0.054627 0.000000 0.000000 0.000000 1.000000
1.000000 -0.000000 0.000000 0.024914 0.000000 1.000000 -0.000000 0.045545 -0.000000 0.000000 1.000000 0.054627 0.000000 0.000000 0.000000 1.000000
1.000000 -0.000000 0.000000 0.024914 0.000000 1.000000 -0.000000 0.045545 -0.000000 0.000000 1.000000 0.054627 0.000000 0.000000 0.000000 1.000000
1.000000 0.000000 0.000000 0.024914 0.000000 1.000000 -0.000000 0.045545 -0.000000 0.000000 1.000000 0.054627 0.000000 0.000000 0.000000 1.000000
1.000000 -0.000000 0.000000 0.024914 0.000000 1.000000 -0.000000 0.045545 -0.000000 0.000000 1.000000 0.054627 0.000000 0.000000 0.000000 1.000000
1.000000 -0.000000 0.000000 0.024914 0.000000 1.000000 -0.000000 0.045545 -0.000000 0.000000 1.000000 0.054627 0.000000 0.000000 0.000000 1.000000
1.000000 -0.000000 0.000000 0.024914 0.000000 1.000000 0.000000 0.045545 -0.000000 -0.000000 1.000000 0.054627 0.000000 0.000000 0.000000 1.000000
1.000000 -0.000000 0.000000 0.024914 0.000000 1.000000 -0.000000 0.045545 -0.000000 0.000000 1.000000 0.054627 0.000000 0.000000 0.000000 1.000000
1.000000 -0.000000 0.000000 0.024914 0.000000 1.000000 -0.000000 0.045545 -0.000000 0.000000 1.000000 0.054627 0.000000 0.000000 0.000000 1.000000
1.000000 -0.000000 0.000000 0.024914 0.000000 1.000000 0.000000 0.045545 -0.000000 -0.000000 1.000000 0.054627 0.000000 0.000000 0.000000 1.000000
1.000000 -0.000000 0.000000 0.024914 0.000000 1.000000 0.000000 0.045545 -0.000000 0.000000 1.000000 0.054627 0.000000 0.000000 0.000000 1.000000
1.000000 -0.000000 0.000000 0.024914 0.000000 1.000000 0.000000 0.045545 -0.000000 0.000000 1.000000 0.054627 0.000000 0.000000 0.000000 1.000000
1.000000 -0.000000 0.000000 0.024914 -0.000000 1.000000 -0.000000 0.045545 0.000000 0.000000 1.000000 0.054627 0.000000 0.000000 0.000000 1.000000</float_array><technique_common><accessor source="#LeftEye1-Matrix-animation-output-transform-array" count="51" stride="16"><param type="float4x4"/></accessor></technique_common></source><source id="LeftEye1-Interpolations"><Name_array id="LeftEye1-Interpolations-array" count="51">
 LINEAR LINEAR LINEAR LINEAR LINEAR LINEAR LINEAR LINEAR LINEAR LINEAR LINEAR
LINEAR LINEAR LINEAR LINEAR LINEAR LINEAR LINEAR LINEAR LINEAR LINEAR LINEAR LINEAR
LINEAR LINEAR LINEAR LINEAR LINEAR LINEAR LINEAR LINEAR LINEAR LINEAR LINEAR LINEAR
LINEAR LINEAR LINEAR LINEAR LINEAR LINEAR LINEAR LINEAR LINEAR LINEAR LINEAR LINEAR
LINEAR LINEAR LINEAR LINEAR</Name_array><technique_common><accessor source="#LeftEye1-Interpolations-array" count="51"><param type="name"/></accessor></technique_common></source><sampler id="LeftEye1-Matrix-animation-transform"><input semantic="INPUT" source="#LeftEye1-Matrix-animation-input"/><input semantic="OUTPUT" source="#LeftEye1-Matrix-animation-output-transform"/><input semantic="INTERPOLATION" source="#LeftEye1-Interpolations"/></sampler><channel source="#LeftEye1-Matrix-animation-transform" target="LeftEye1/matrix"/></animation><animation><source id="LeftEye1-visibility-animation-input"><float_array id="LeftEye1-visibility-animation-input-array" count="51">

0.033333 0.066667 0.100000 0.133333 0.166667 0.200000 0.233333 0.266667 0.300000 0.333333 0.366667 0.400000 0.433333 0.466667 0.500000 0.533333
0.566667 0.600000 0.633333 0.666667 0.700000 0.733333 0.766667 0.800000 0.833333 0.866667 0.900000 0.933333 0.966667 1.000000 1.033333 1.066667
1.100000 1.133333 1.166667 1.200000 1.233333 1.266667 1.300000 1.333333 1.366667 1.400000 1.433333 1.466667 1.500000 1.533333 1.566667 1.600000
1.633333 1.666667 1.700000</float_array><technique_common><accessor source="#LeftEye1-visibility-animation-input-array" count="51"><param name="TIME" type="float"/></accessor></technique_common></source><source id="LeftEye1-visibility-animation-output"><float_array id="LeftEye1-visibility-animation-output-array" count="51">

1.000000 1.000000 1.000000 1.000000 1.000000 1.000000 1.000000 1.000000 1.000000 1.000000 1.000000 1.000000 1.000000 1.000000 1.000000 1.000000
1.000000 1.000000 1.000000 1.000000 1.000000 1.000000 1.000000 1.000000 1.000000 1.000000 1.000000 1.000000 1.000000 1.000000 1.000000 1.000000
1.000000 1.000000 1.000000 1.000000 1.000000 1.000000 1.000000 1.000000 1.000000 1.000000 1.000000 1.000000 1.000000 1.000000 1.000000 1.000000
1.000000 1.000000 1.000000</float_array><technique_common><accessor source="#LeftEye1-visibility-animation-output-array" count="51"><param type="float"/></accessor></technique_common></source><source id="LeftEye1-visibility-animation-intan"><float_array id="LeftEye1-visibility-animation-intan-array" count="51">

0.000000 0.000000 0.000000 0.000000 0.000000 0.000000 0.000000 0.000000 0.000000 0.000000 0.000000 0.000000 0.000000 0.000000 0.000000 0.000000
0.000000 0.000000 0.000000 0.000000 0.000000 0.000000 0.000000 0.000000 0.000000 0.000000 0.000000 0.000000 0.000000 0.000000 0.000000 0.000000
0.000000 0.000000 0.000000 0.000000 0.000000 0.000000 0.000000 0.000000 0.000000 0.000000 0.000000 0.000000 0.000000 0.000000 0.000000 0.000000
0.000000 0.000000 0.000000</float_array><technique_common><accessor source="#LeftEye1-visibility-animation-intan-array" count="51"><param type="float"/></accessor></technique_common></source><source id="LeftEye1-visibility-animation-outtan"><float_array id="LeftEye1-visibility-animation-outtan-array" count="51">

