<?xml version="1.0" encoding="utf-8"?>
<COLLADA xmlns="http://www.collada.org/2005/11/COLLADASchema" version="1.4.1">
  <asset><contributor><author></author><authoring_tool>FBX COLLADA exporter</authoring_tool><comments></comments></contributor><created>2014-06-06T15:03:25Z</created><keywords></keywords><modified>2014-06-06T15:03:25Z</modified><revision></revision><subject></subject><title></title><unit meter="0.010000" name="centimeter"></unit><up_axis>Y_UP</up_axis></asset>
  <library_animations>
    <animation id="Root-anim" name="Root"><animation><source id="Root-Matrix-animation-input"><float_array id="Root-Matrix-animation-input-array" count="51">

0.033333 0.066667 0.100000 0.133333 0.166667 0.200000 0.233333 0.266667 0.300000 0.333333 0.366667 0.400000 0.433333 0.466667 0.500000 0.533333
0.566667 0.600000 0.633333 0.666667 0.700000 0.733333 0.766667 0.800000 0.833333 0.866667 0.900000 0.933333 0.966667 1.000000 1.033333 1.066667
1.100000 1.133333 1.166667 1.200000 1.233333 1.266667 1.300000 1.333333 1.366667 1.400000 1.433333 1.466667 1.500000 1.533333 1.566667 1.600000
1.633333 1.666667 1.700000</float_array><technique_common><accessor source="#Root-Matrix-animation-input-array" count="51"><param name="TIME" type="float"/></accessor></technique_common></source><source id="Root-Matrix-animation-output-transform"><float_array id="Root-Matrix-animation-output-transform-array" count="816">

1.000000 -0.000000 -0.000000 0.000000 0.000000 1.000000 -0.000000 0.540006 0.000000 -0.000000 1.000000 -0.092542 0.000000 0.000000 0.000000 1.000000
1.000000 0.000117 -0.000189 0.000000 -0.000117 1.000000 -0.000336 0.539941 0.000189 0.000336 1.000000 -0.092542 0.000000 0.000000 0.000000 1.000000
1.000000 0.000426 -0.000700 0.000000 -0.000427 0.999999 -0.001222 0.539753 0.000699 0.001222 0.999999 -0.092542 0.000000 0.000000 0.000000 1.000000
0.999999 0.000860 -0.001446 0.000000 -0.000864 0.999997 -0.002474 0.539452 0.001444 0.002475 0.999996 -0.092542 0.000000 0.000000 0.000000 1.000000
0.999996 0.001356 -0.002344 0.000000 -0.001365 0.999991 -0.003909 0.539050 0.002339 0.003912 0.999990 -0.092542 0.000000 0.000000 0.000000 1.000000
0.999993 0.001849 -0.003306 0.000000 -0.001866 0.999984 -0.005344 0.538557 0.003296 0.005351 0.999980 -0.092542 0.000000 0.000000 0.000000 1.000000
0.999988 0.002276 -0.004247 0.000000 -0.002304 0.999976 -0.006597 0.537983 0.004232 0.006606 0.999969 -0.092542 0.000000 0.000000 0.000000 1.000000
0.999984 0.002575 -0.005078 0.000000 -0.002613 0.999969 -0.007482 0.537340 0.005059 0.007495 0.999959 -0.092542 0.000000 0.000000 0.000000 1.000000
0.999980 0.002686 -0.005713 0.000000 -0.002730 0.999966 -0.007818 0.536638 0.005692 0.007834 0.999953 -0.092542 0.000000 0.000000 0.000000 1.000000
0.999977 0.002536 -0.006213 0.000000 -0.002584 0.999966 -0.007794 0.535888 0.006193 0.007810 0.999950 -0.092542 0.000000 0.000000 0.000000 1.000000
0.999975 0.002135 -0.006693 0.000000 -0.002187 0.999968 -0.007727 0.535100 0.006676 0.007742 0.999948 -0.092542 0.000000 0.000000 0.000000 1.000000
0.999973 0.001545 -0.007141 0.000000 -0.001600 0.999970 -0.007628 0.534286 0.007129 0.007639 0.999945 -0.092542 0.000000 0.000000 0.000000 1.000000
0.999971 0.000827 -0.007548 0.000000 -0.000883 0.999971 -0.007506 0.533455 0.007541 0.007513 0.999943 -0.092542 0.000000 0.000000 0.000000 1.000000
0.999969 0.000041 -0.007903 0.000000 -0.000099 0.999973 -0.007371 0.532619 0.007903 0.007372 0.999942 -0.092542 0.000000 0.000000 0.000000 1.000000
0.999966 -0.000750 -0.008198 0.000000 0.000691 0.999974 -0.007233 0.531789 0.008203 0.007227 0.999940 -0.092542 0.000000 0.000000 0.000000 1.000000
0.999963 -0.001486 -0.008420 0.000000 0.001426 0.999974 -0.007101 0.530974 0.008430 0.007089 0.999939 -0.092542 0.000000 0.000000 0.000000 1.000000
0.999961 -0.002106 -0.008560 0.000000 0.002046 0.999974 -0.006985 0.530187 0.008574 0.006967 0.999939 -0.092542 0.000000 0.000000 0.000000 1.000000
0.999960 -0.002547 -0.008608 0.000000 0.002488 0.999973 -0.006895 0.529436 0.008625 0.006873 0.999939 -0.092542 0.000000 0.000000 0.000000 1.000000
0.999961 -0.002868 -0.008389 0.000000 0.002811 0.999973 -0.006831 0.528734 0.008408 0.006807 0.999941 -0.092542 0.000000 0.000000 0.000000 1.000000
0.999965 -0.003165 -0.007779 0.000000 0.003112 0.999972 -0.006784 0.528091 0.007800 0.006760 0.999947 -0.092542 0.000000 0.000000 0.000000 1.000000
0.999971 -0.003439 -0.006844 0.000000 0.003393 0.999971 -0.006750 0.527518 0.006867 0.006727 0.999954 -0.092542 0.000000 0.000000 0.000000 1.000000
0.999977 -0.003690 -0.005649 0.000000 0.003652 0.999971 -0.006726 0.527024 0.005674 0.006705 0.999961 -0.092542 0.000000 0.000000 0.000000 1.000000
0.999983 -0.003916 -0.004259 0.000000 0.003888 0.999970 -0.006707 0.526622 0.004285 0.006690 0.999968 -0.092542 0.000000 0.000000 0.000000 1.000000
0.999988 -0.004120 -0.002739 0.000000 0.004101 0.999969 -0.006689 0.526321 0.002766 0.006678 0.999974 -0.092542 0.000000 0.000000 0.000000 1.000000
0.999990 -0.004299 -0.001153 0.000000 0.004291 0.999969 -0.006669 0.526133 0.001182 0.006663 0.999977 -0.092542 0.000000 0.000000 0.000000 1.000000
0.999990 -0.004455 0.000432 0.000000 0.004458 0.999968 -0.006641 0.526068 -0.000402 0.006643 0.999978 -0.092542 0.000000 0.000000 0.000000 1.000000
0.999988 -0.004587 0.001951 0.000000 0.004600 0.999968 -0.006604 0.526133 -0.001921 0.006613 0.999976 -0.092542 0.000000 0.000000 0.000000 1.000000
0.999983 -0.004695 0.003341 0.000000 0.004717 0.999967 -0.006552 0.526321 -0.003310 0.006567 0.999973 -0.092542 0.000000 0.000000 0.000000 1.000000
0.999978 -0.004780 0.004535 0.000000 0.004809 0.999967 -0.006481 0.526622 -0.004503 0.006503 0.999969 -0.092542 0.000000 0.000000 0.000000 1.000000
0.999973 -0.004841 0.005468 0.000000 0.004876 0.999968 -0.006388 0.527024 -0.005437 0.006414 0.999965 -0.092542 0.000000 0.000000 0.000000 1.000000
0.999970 -0.004878 0.006075 0.000000 0.004916 0.999968 -0.006268 0.527518 -0.006044 0.006298 0.999962 -0.092542 0.000000 0.000000 0.000000 1.000000
0.999968 -0.004891 0.006291 0.000000 0.004929 0.999969 -0.006119 0.528091 -0.006261 0.006149 0.999961 -0.092542 0.000000 0.000000 0.000000 1.000000
0.999970 -0.004836 0.006005 0.000000 0.004871 0.999971 -0.005862 0.528734 -0.005977 0.005891 0.999965 -0.092542 0.000000 0.000000 0.000000 1.000000
0.999975 -0.004681 0.005230 0.000000 0.004710 0.999974 -0.005449 0.529436 -0.005204 0.005474 0.999971 -0.092542 0.000000 0.000000 0.000000 1.000000
0.999982 -0.004444 0.004088 0.000000 0.004464 0.999978 -0.004916 0.530187 -0.004066 0.004934 0.999980 -0.092542 0.000000 0.000000 0.000000 1.000000
0.999988 -0.004142 0.002702 0.000000 0.004154 0.999982 -0.004299 0.530974 -0.002685 0.004310 0.999987 -0.092542 0.000000 0.000000 0.000000 1.000000
0.999992 -0.003794 0.001194 0.000000 0.003798 0.999986 -0.003634 0.531789 -0.001181 0.003639 0.999993 -0.092542 0.000000 0.000000 0.000000 1.000000
0.999994 -0.003417 -0.000313 0.000000 0.003416 0.999990 -0.002957 0.532619 0.000323 0.002956 0.999996 -0.092542 0.000000 0.000000 0.000000 1.000000
0.999994 -0.003032 -0.001698 0.000000 0.003028 0.999993 -0.002305 0.533455 0.001705 0.002300 0.999996 -0.092542 0.000000 0.000000 0.000000 1.000000
0.999992 -0.002657 -0.002839 0.000000 0.002653 0.999995 -0.001713 0.534286 0.002843 0.001705 0.999995 -0.092542 0.000000 0.000000 0.000000 1.000000
0.999991 -0.002314 -0.003613 0.000000 0.002309 0.999997 -0.001217 0.535100 0.003616 0.001209 0.999993 -0.092542 0.000000 0.000000 0.000000 1.000000
0.999990 -0.002021 -0.003898 0.000000 0.002018 0.999998 -0.000854 0.535888 0.003900 0.000846 0.999992 -0.092542 0.000000 0.000000 0.000000 1.000000
0.999991 -0.001746 -0.003765 0.000000 0.001744 0.999998 -0.000600 0.536638 0.003766 0.000593 0.999993 -0.092542 0.000000 0.000000 0.000000 1.000000
0.999993 -0.001451 -0.003407 0.000000 0.001449 0.999999 -0.000402 0.537340 0.003408 0.000397 0.999994 -0.092542 0.000000 0.000000 0.000000 1.000000
0.999995 -0.001149 -0.002889 0.000000 0.001149 0.999999 -0.000253 0.537983 0.002889 0.000250 0.999996 -0.092542 0.000000 0.000000 0.000000 1.000000
0.999997 -0.000856 -0.002274 0.000000 0.000856 1.000000 -0.000146 0.538557 0.002274 0.000145 0.999997 -0.092542 0.000000 0.000000 0.000000 1.000000
0.999999 -0.000585 -0.001626 0.000000 0.000585 1.000000 -0.000075 0.539050 0.001626 0.000074 0.999999 -0.092542 0.000000 0.000000 0.000000 1.000000
0.999999 -0.000350 -0.001011 0.000000 0.000350 1.000000 -0.000032 0.539452 0.001011 0.000031 0.999999 -0.092542 0.000000 0.000000 0.000000 1.000000
1.000000 -0.000165 -0.000492 0.000000 0.000165 1.000000 -0.000009 0.539753 0.000492 0.000009 1.000000 -0.092542 0.000000 0.000000 0.000000 1.000000
1.000000 -0.000044 -0.000134 0.000000 0.000044 1.000000 -0.000001 0.539941 0.000134 0.000001 1.000000 -0.092542 0.000000 0.000000 0.000000 1.000000
1.000000 -0.000000 -0.000000 0.000000 0.000000 1.000000 -0.000000 0.565033 0.000000 -0.000000 1.000000 -0.092542 0.000000 0.000000 0.000000 1.000000</float_array><technique_common><accessor source="#Root-Matrix-animation-output-transform-array" count="51" stride="16"><param type="float4x4"/></accessor></technique_common></source><source id="Root-Interpolations"><Name_array id="Root-Interpolations-array" count="51">
 LINEAR LINEAR LINEAR LINEAR LINEAR LINEAR LINEAR LINEAR LINEAR LINEAR LINEAR
LINEAR LINEAR LINEAR LINEAR LINEAR LINEAR LINEAR LINEAR LINEAR LINEAR LINEAR LINEAR
LINEAR LINEAR LINEAR LINEAR LINEAR LINEAR LINEAR LINEAR LINEAR LINEAR LINEAR LINEAR
LINEAR LINEAR LINEAR LINEAR LINEAR LINEAR LINEAR LINEAR LINEAR LINEAR LINEAR LINEAR
LINEAR LINEAR LINEAR LINEAR</Name_array><technique_common><accessor source="#Root-Interpolations-array" count="51"><param type="name"/></accessor></technique_common></source><sampler id="Root-Matrix-animation-transform"><input semantic="INPUT" source="#Root-Matrix-animation-input"/><input semantic="OUTPUT" source="#Root-Matrix-animation-output-transform"/><input semantic="INTERPOLATION" source="#Root-Interpolations"/></sampler><channel source="#Root-Matrix-animation-transform" target="Root/matrix"/></animation><animation><source id="Root-visibility-animation-input"><float_array id="Root-visibility-animation-input-array" count="51">

0.033333 0.066667 0.100000 0.133333 0.166667 0.200000 0.233333 0.266667 0.300000 0.333333 0.366667 0.400000 0.433333 0.466667 0.500000 0.533333
0.566667 0.600000 0.633333 0.666667 0.700000 0.733333 0.766667 0.800000 0.833333 0.866667 0.900000 0.933333 0.966667 1.000000 1.033333 1.066667
1.100000 1.133333 1.166667 1.200000 1.233333 1.266667 1.300000 1.333333 1.366667 1.400000 1.433333 1.466667 1.500000 1.533333 1.566667 1.600000
1.633333 1.666667 1.700000</float_array><technique_common><accessor source="#Root-visibility-animation-input-array" count="51"><param name="TIME" type="float"/></accessor></technique_common></source><source id="Root-visibility-animation-output"><float_array id="Root-visibility-animation-output-array" count="51">

1.000000 1.000000 1.000000 1.000000 1.000000 1.000000 1.000000 1.000000 1.000000 1.000000 1.000000 1.000000 1.000000 1.000000 1.000000 1.000000
1.000000 1.000000 1.000000 1.000000 1.000000 1.000000 1.000000 1.000000 1.000000 1.000000 1.000000 1.000000 1.000000 1.000000 1.000000 1.000000
1.000000 1.000000 1.000000 1.000000 1.000000 1.000000 1.000000 1.000000 1.000000 1.000000 1.000000 1.000000 1.000000 1.000000 1.000000 1.000000
1.000000 1.000000 1.000000</float_array><technique_common><accessor source="#Root-visibility-animation-output-array" count="51"><param type="float"/></accessor></technique_common></source><source id="Root-visibility-animation-intan"><float_array id="Root-visibility-animation-intan-array" count="51">

0.000000 0.000000 0.000000 0.000000 0.000000 0.000000 0.000000 0.000000 0.000000 0.000000 0.000000 0.000000 0.000000 0.000000 0.000000 0.000000
0.000000 0.000000 0.000000 0.000000 0.000000 0.000000 0.000000 0.000000 0.000000 0.000000 0.000000 0.000000 0.000000 0.000000 0.000000 0.000000
0.000000 0.000000 0.000000 0.000000 0.000000 0.000000 0.000000 0.000000 0.000000 0.000000 0.000000 0.000000 0.000000 0.000000 0.000000 0.000000
0.000000 0.000000 0.000000</float_array><technique_common><accessor source="#Root-visibility-animation-intan-array" count="51"><param type="float"/></accessor></technique_common></source><source id="Root-visibility-animation-outtan"><float_array id="Root-visibility-animation-outtan-array" count="51">

0.000000 0.000000 0.000000 0.000000 0.000000 0.000000 0.000000 0.000000 0.000000 0.000000 0.000000 0.000000 0.000000 0.000000 0.000000 0.000000
0.000000 0.000000 0.000000 0.000000 0.000000 0.000000 0.000000 0.000000 0.000000 0.000000 0.000000 0.000000 0.000000 0.000000 0.000000 0.000000
0.000000 0.000000 0.000000 0.000000 0.000000 0.000000 0.000000 0.000000 0.000000 0.000000 0.000000 0.000000 0.000000 0.000000 0.000000 0.000000
0.000000 0.000000 0.000000</float_array><technique_common><accessor source="#Root-visibility-animation-outtan-array" count="51"><param type="float"/></accessor></technique_common></source><source id="Root-visibility-animation-interpolation"><Name_array id="Root-visibility-animation-interpolation-array" count="51">
 BEZIER BEZIER BEZIER BEZIER BEZIER BEZIER BEZIER BEZIER BEZIER BEZIER BEZIER
BEZIER BEZIER BEZIER BEZIER BEZIER BEZIER BEZIER BEZIER BEZIER BEZIER BEZIER BEZIER
BEZIER BEZIER BEZIER BEZIER BEZIER BEZIER BEZIER BEZIER BEZIER BEZIER BEZIER BEZIER
BEZIER BEZIER BEZIER BEZIER BEZIER BEZIER BEZIER BEZIER BEZIER BEZIER BEZIER BEZIER
BEZIER BEZIER BEZIER BEZIER</Name_array><technique_common><accessor source="#Root-visibility-animation-interpolation-array" count="51"><param type="name"/></accessor></technique_common></source><sampler id="Root-visibility-animation"><input semantic="INPUT" source="#Root-visibility-animation-input"/><input semantic="OUTPUT" source="#Root-visibility-animation-output"/><input semantic="IN_TANGENT" source="#Root-visibility-animation-intan"/><input semantic="OUT_TANGENT" source="#Root-visibility-animation-outtan"/><input semantic="INTERPOLATION" source="#Root-visibility-animation-interpolation"/></sampler><channel source="#Root-visibility-animation" target="Root/visibility"/></animation></animation>
    <animation id="LeftEye-anim" name="LeftEye"><animation><source id="LeftEye-Matrix-animation-input"><float_array id="LeftEye-Matrix-animation-input-array" count="51">

0.033333 0.066667 0.100000 0.133333 0.166667 0.200000 0.233333 0.266667 0.300000 0.333333 0.366667 0.400000 0.433333 0.466667 0.500000 0.533333
0.566667 0.600000 0.633333 0.666667 0.700000 0.733333 0.766667 0.800000 0.833333 0.866667 0.900000 0.933333 0.966667 1.000000 1.033333 1.066667
1.100000 1.133333 1.166667 1.200000 1.233333 1.266667 1.300000 1.333333 1.366667 1.400000 1.433333 1.466667 1.500000 1.533333 1.566667 1.600000
1.633333 1.666667 1.700000</float_array><technique_common><accessor source="#LeftEye-Matrix-animation-input-array" count="51"><param name="TIME" type="float"/></accessor></technique_common></source><source id="LeftEye-Matrix-animation-output-transform"><float_array id="LeftEye-Matrix-animation-output-transform-array" count="816">

1.000000 -0.000000 0.000000 0.118111 -0.000000 1.000000 -0.000000 0.257117 0.000000 0.000000 1.000000 0.233434 0.000000 0.000000 0.000000 1.000000
0.999993 -0.000721 -0.003768 0.118111 0.000712 0.999997 -0.002419 0.257117 0.003769 0.002416 0.999990 0.233434 0.000000 0.000000 0.000000 1.000000
0.999910 -0.002601 -0.013165 0.118111 0.002489 0.999961 -0.008504 0.257117 0.013187 0.008471 0.999877 0.233434 0.000000 0.000000 0.000000 1.000000
0.999665 -0.005208 -0.025334 0.118111 0.004791 0.999852 -0.016494 0.257117 0.025416 0.016368 0.999543 0.233434 0.000000 0.000000 0.000000 1.000000
0.999267 -0.008001 -0.037444 0.118111 0.007084 0.999673 -0.024574 0.257117 0.037629 0.024291 0.998997 0.233434 0.000000 0.000000 0.000000 1.000000
0.998855 -0.010276 -0.046717 0.118111 0.008839 0.999485 -0.030849 0.257117 0.047010 0.030401 0.998432 0.233434 0.000000 0.000000 0.000000 1.000000
0.998665 -0.011216 -0.050415 0.118111 0.009540 0.999397 -0.033374 0.257117 0.050759 0.032848 0.998171 0.233434 0.000000 0.000000 0.000000 1.000000
0.998720 -0.011030 -0.049358 0.118111 0.009455 0.999442 -0.032037 0.257117 0.049684 0.031529 0.998267 0.233434 0.000000 0.000000 0.000000 1.000000
0.998861 -0.010590 -0.046524 0.118111 0.009274 0.999553 -0.028417 0.257117 0.046804 0.027953 0.998513 0.233434 0.000000 0.000000 0.000000 1.000000
0.999049 -0.010081 -0.042416 0.118111 0.009107 0.999692 -0.023098 0.257117 0.042636 0.022690 0.998833 0.233434 0.000000 0.000000 0.000000 1.000000
0.999248 -0.009683 -0.037538 0.118111 0.009063 0.999820 -0.016665 0.257117 0.037693 0.016312 0.999156 0.233434 0.000000 0.000000 0.000000 1.000000
0.999429 -0.009564 -0.032405 0.118111 0.009254 0.999910 -0.009696 0.257117 0.032495 0.009391 0.999428 0.233434 0.000000 0.000000 0.000000 1.000000
0.999572 -0.009869 -0.027539 0.118111 0.009796 0.999948 -0.002765 0.257117 0.027564 0.002494 0.999617 0.233434 0.000000 0.000000 0.000000 1.000000
0.999667 -0.010723 -0.023467 0.118111 0.010809 0.999935 0.003558 0.257117 0.023427 -0.003810 0.999718 0.233434 0.000000 0.000000 0.000000 1.000000
0.999710 -0.012233 -0.020721 0.118111 0.012415 0.999885 0.008709 0.257117 0.020613 -0.008963 0.999747 0.233434 0.000000 0.000000 0.000000 1.000000
0.999717 -0.014400 -0.018920 0.118111 0.014652 0.999805 0.013266 0.257117 0.018725 -0.013540 0.999733 0.233434 0.000000 0.000000 0.000000 1.000000
0.999704 -0.017099 -0.017326 0.118111 0.017413 0.999684 0.018138 0.257117 0.017010 -0.018434 0.999685 0.233434 0.000000 0.000000 0.000000 1.000000
0.999668 -0.020235 -0.015936 0.118111 0.020603 0.999518 0.023242 0.257117 0.015458 -0.023562 0.999603 0.233434 0.000000 0.000000 0.000000 1.000000
0.999610 -0.023715 -0.014748 0.118111 0.024128 0.999303 0.028497 0.257117 0.014062 -0.028842 0.999485 0.233434 0.000000 0.000000 0.000000 1.000000
0.999529 -0.027445 -0.013755 0.118111 0.027897 0.999038 0.033822 0.257117 0.012814 -0.034190 0.999333 0.233434 0.000000 0.000000 0.000000 1.000000
0.999425 -0.031330 -0.012949 0.118111 0.031815 0.998727 0.039133 0.257117 0.011706 -0.039523 0.999150 0.233434 0.000000 0.000000 0.000000 1.000000
0.999302 -0.035277 -0.012316 0.118111 0.035791 0.998375 0.044346 0.257117 0.010732 -0.044756 0.998940 0.233434 0.000000 0.000000 0.000000 1.000000
0.999161 -0.039195 -0.011843 0.118111 0.039734 0.997990 0.049378 0.257117 0.009884 -0.049807 0.998710 0.233434 0.000000 0.000000 0.000000 1.000000
0.999009 -0.042988 -0.011512 0.118111 0.043551 0.997583 0.054141 0.257117 0.009157 -0.054588 0.998467 0.233434 0.000000 0.000000 0.000000 1.000000
0.998851 -0.046568 -0.011302 0.118111 0.047152 0.997170 0.058549 0.257117 0.008544 -0.059015 0.998221 0.233434 0.000000 0.000000 0.000000 1.000000
0.998694 -0.049842 -0.011193 0.118111 0.050446 0.996768 0.062517 0.257117 0.008040 -0.063000 0.997981 0.233434 0.000000 0.000000 0.000000 1.000000
0.998547 -0.052720 -0.011158 0.118111 0.053344 0.996395 0.065958 0.257117 0.007640 -0.066457 0.997760 0.233434 0.000000 0.000000 0.000000 1.000000
0.998418 -0.055114 -0.011174 0.118111 0.055755 0.996072 0.068785 0.257117 0.007339 -0.069299 0.997569 0.233434 0.000000 0.000000 0.000000 1.000000
0.998315 -0.056934 -0.011214 0.118111 0.057588 0.995819 0.070911 0.257117 0.007130 -0.071437 0.997420 0.233434 0.000000 0.000000 0.000000 1.000000
0.998248 -0.058092 -0.011255 0.118111 0.058755 0.995654 0.072249 0.257117 0.007009 -0.072784 0.997323 0.233434 0.000000 0.000000 0.000000 1.000000
0.998224 -0.058497 -0.011273 0.118111 0.059164 0.995596 0.072715 0.257117 0.006970 -0.073253 0.997289 0.233434 0.000000 0.000000 0.000000 1.000000
0.998426 -0.055506 -0.008080 0.118111 0.055944 0.995837 0.071965 0.257117 0.004052 -0.072304 0.997374 0.233434 0.000000 0.000000 0.000000 1.000000
0.998850 -0.047942 -0.000165 0.118111 0.047836 0.996406 0.069910 0.257117 -0.003188 -0.069838 0.997553 0.233434 0.000000 0.000000 0.000000 1.000000
0.999231 -0.037920 0.009969 0.118111 0.037171 0.997071 0.066843 0.257117 -0.012474 -0.066421 0.997714 0.233434 0.000000 0.000000 0.000000 1.000000
0.999423 -0.027578 0.019829 0.118111 0.026277 0.997660 0.063113 0.257117 -0.021523 -0.062555 0.997809 0.233434 0.000000 0.000000 0.000000 1.000000
0.999454 -0.019104 0.026961 0.118111 0.017483 0.998097 0.059140 0.257117 -0.028040 -0.058637 0.997886 0.233434 0.000000 0.000000 0.000000 1.000000
0.999472 -0.014732 0.028954 0.118111 0.013112 0.998379 0.055389 0.257117 -0.029723 -0.054981 0.998045 0.233434 0.000000 0.000000 0.000000 1.000000
0.999539 -0.013153 0.027352 0.118111 0.011730 0.998600 0.051574 0.257117 -0.027992 -0.051229 0.998295 0.233434 0.000000 0.000000 0.000000 1.000000
0.999612 -0.011569 0.025344 0.118111 0.010363 0.998832 0.047197 0.257117 -0.025861 -0.046916 0.998564 0.233434 0.000000 0.000000 0.000000 1.000000
0.999685 -0.010005 0.023011 0.118111 0.009023 0.999060 0.042392 0.257117 -0.023414 -0.042171 0.998836 0.233434 0.000000 0.000000 0.000000 1.000000
0.999755 -0.008488 0.020436 0.118111 0.007721 0.999274 0.037295 0.257117 -0.020738 -0.037128 0.999095 0.233434 0.000000 0.000000 0.000000 1.000000
0.999818 -0.007041 0.017703 0.118111 0.006472 0.999466 0.032041 0.257117 -0.017919 -0.031920 0.999330 0.233434 0.000000 0.000000 0.000000 1.000000
0.999873 -0.005687 0.014896 0.118111 0.005287 0.999628 0.026764 0.257117 -0.015043 -0.026682 0.999531 0.233434 0.000000 0.000000 0.000000 1.000000
0.999917 -0.004444 0.012100 0.118111 0.004182 0.999758 0.021600 0.257117 -0.012193 -0.021548 0.999693 0.233434 0.000000 0.000000 0.000000 1.000000
0.999950 -0.003329 0.009400 0.118111 0.003171 0.999856 0.016684 0.257117 -0.009454 -0.016653 0.999817 0.233434 0.000000 0.000000 0.000000 1.000000
0.999974 -0.002355 0.006882 0.118111 0.002271 0.999924 0.012152 0.257117 -0.006910 -0.012136 0.999902 0.233434 0.000000 0.000000 0.000000 1.000000
0.999988 -0.001535 0.004630 0.118111 0.001498 0.999966 0.008140 0.257117 -0.004643 -0.008133 0.999956 0.233434 0.000000 0.000000 0.000000 1.000000
0.999996 -0.000880 0.002731 0.118111 0.000867 0.999988 0.004782 0.257117 -0.002736 -0.004780 0.999985 0.233434 0.000000 0.000000 0.000000 1.000000
0.999999 -0.000399 0.001270 0.118111 0.000396 0.999997 0.002216 0.257117 -0.001271 -0.002216 0.999997 0.233434 0.000000 0.000000 0.000000 1.000000
1.000000 -0.000102 0.000332 0.118111 0.000102 1.000000 0.000577 0.257117 -0.000332 -0.000577 1.000000 0.233434 0.000000 0.000000 0.000000 1.000000
1.000000 -0.000000 0.000000 0.118111 -0.000000 1.000000 -0.000000 0.257117 0.000000 0.000000 1.000000 0.233434 0.000000 0.000000 0.000000 1.000000</float_array><technique_common><accessor source="#LeftEye-Matrix-animation-output-transform-array" count="51" stride="16"><param type="float4x4"/></accessor></technique_common></source><source id="LeftEye-Interpolations"><Name_array id="LeftEye-Interpolations-array" count="51">
 LINEAR LINEAR LINEAR LINEAR LINEAR LINEAR LINEAR LINEAR LINEAR LINEAR LINEAR
LINEAR LINEAR LINEAR LINEAR LINEAR LINEAR LINEAR LINEAR LINEAR LINEAR LINEAR LINEAR
LINEAR LINEAR LINEAR LINEAR LINEAR LINEAR LINEAR LINEAR LINEAR LINEAR LINEAR LINEAR
LINEAR LINEAR LINEAR LINEAR LINEAR LINEAR LINEAR LINEAR LINEAR LINEAR LINEAR LINEAR
LINEAR LINEAR LINEAR LINEAR</Name_array><technique_common><accessor source="#LeftEye-Interpolations-array" count="51"><param type="name"/></accessor></technique_common></source><sampler id="LeftEye-Matrix-animation-transform"><input semantic="INPUT" source="#LeftEye-Matrix-animation-input"/><input semantic="OUTPUT" source="#LeftEye-Matrix-animation-output-transform"/><input semantic="INTERPOLATION" source="#LeftEye-Interpolations"/></sampler><channel source="#LeftEye-Matrix-animation-transform" target="LeftEye/matrix"/></animation><animation><source id="LeftEye-visibility-animation-input"><float_array id="LeftEye-visibility-animation-input-array" count="51">

0.033333 0.066667 0.100000 0.133333 0.166667 0.200000 0.233333 0.266667 0.300000 0.333333 0.366667 0.400000 0.433333 0.466667 0.500000 0.533333
0.566667 0.600000 0.633333 0.666667 0.700000 0.733333 0.766667 0.800000 0.833333 0.866667 0.900000 0.933333 0.966667 1.000000 1.033333 1.066667
1.100000 1.133333 1.166667 1.200000 1.233333 1.266667 1.300000 1.333333 1.366667 1.400000 1.433333 1.466667 1.500000 1.533333 1.566667 1.600000
1.633333 1.666667 1.700000</float_array><technique_common><accessor source="#LeftEye-visibility-animation-input-array" count="51"><param name="TIME" type="float"/></accessor></technique_common></source><source id="LeftEye-visibility-animation-output"><float_array id="LeftEye-visibility-animation-output-array" count="51">

1.000000 1.000000 1.000000 1.000000 1.000000 1.000000 1.000000 1.000000 1.000000 1.000000 1.000000 1.000000 1.000000 1.000000 1.000000 1.000000
1.000000 1.000000 1.000000 1.000000 1.000000 1.000000 1.000000 1.000000 1.000000 1.000000 1.000000 1.000000 1.000000 1.000000 1.000000 1.000000
1.000000 1.000000 1.000000 1.000000 1.000000 1.000000 1.000000 1.000000 1.000000 1.000000 1.000000 1.000000 1.000000 1.000000 1.000000 1.000000
1.000000 1.000000 1.000000</float_array><technique_common><accessor source="#LeftEye-visibility-animation-output-array" count="51"><param type="float"/></accessor></technique_common></source><source id="LeftEye-visibility-animation-intan"><float_array id="LeftEye-visibility-animation-intan-array" count="51">

0.000000 0.000000 0.000000 0.000000 0.000000 0.000000 0.000000 0.000000 0.000000 0.000000 0.000000 0.000000 0.000000 0.000000 0.000000 0.000000
0.000000 0.000000 0.000000 0.000000 0.000000 0.000000 0.000000 0.000000 0.000000 0.000000 0.000000 0.000000 0.000000 0.000000 0.000000 0.000000
0.000000 0.000000 0.000000 0.000000 0.000000 0.000000 0.000000 0.000000 0.000000 0.000000 0.000000 0.000000 0.000000 0.000000 0.000000 0.000000
0.000000 0.000000 0.000000</float_array><technique_common><accessor source="#LeftEye-visibility-animation-intan-array" count="51"><param type="float"/></accessor></technique_common></source><source id="LeftEye-visibility-animation-outtan"><float_array id="LeftEye-visibility-animation-outtan-array" count="51">

0.000000 0.000000 0.000000 0.000000 0.000000 0.000000 0.000000 0.000000 0.000000 0.000000 0.000000 0.000000 0.000000 0.000000 0.000000 0.000000
0.000000 0.000000 0.000000 0.000000 0.000000 0.000000 0.000000 0.000000 0.000000 0.000000 0.000000 0.000000 0.000000 0.000000 0.000000 0.000000
0.000000 0.000000 0.000000 0.000000 0.000000 0.000000 0.000000 0.000000 0.000000 0.000000 0.000000 0.000000 0.000000 0.000000 0.000000 0.000000
0.000000 0.000000 0.000000</float_array><technique_common><accessor source="#LeftEye-visibility-animation-outtan-array" count="51"><param type="float"/></accessor></technique_common></source><source id="LeftEye-visibility-animation-interpolation"><Name_array id="LeftEye-visibility-animation-interpolation-array" count="51">
 BEZIER BEZIER BEZIER BEZIER BEZIER BEZIER BEZIER BEZIER BEZIER BEZIER BEZIER
BEZIER BEZIER BEZIER BEZIER BEZIER BEZIER BEZIER BEZIER BEZIER BEZIER BEZIER BEZIER
BEZIER BEZIER BEZIER BEZIER BEZIER BEZIER BEZIER BEZIER BEZIER BEZIER BEZIER BEZIER
BEZIER BEZIER BEZIER BEZIER BEZIER BEZIER BEZIER BEZIER BEZIER BEZIER BEZIER BEZIER
BEZIER BEZIER BEZIER BEZIER</Name_array><technique_common><accessor source="#LeftEye-visibility-animation-interpolation-array" count="51"><param type="name"/></accessor></technique_common></source><sampler id="LeftEye-visibility-animation"><input semantic="INPUT" source="#LeftEye-visibility-animation-input"/><input semantic="OUTPUT" source="#LeftEye-visibility-animation-output"/><input semantic="IN_TANGENT" source="#LeftEye-visibility-animation-intan"/><input semantic="OUT_TANGENT" source="#LeftEye-visibility-animation-outtan"/><input semantic="INTERPOLATION" source="#LeftEye-visibility-animation-interpolation"/></sampler><channel source="#LeftEye-visibility-animation" target="LeftEye/visibility"/></animation></animation>
    <animation id="LeftEye1-anim" name="LeftEye1"><animation><source id="LeftEye1-Matrix-animation-input"><float_array id="LeftEye1-Matrix-animation-input-array" count="51">

0.033333 0.066667 0.100000 0.133333 0.166667 0.200000 0.233333 0.266667 0.300000 0.333333 0.366667 0.400000 0.433333 0.466667 0.500000 0.533333
0.566667 0.600000 0.633333 0.666667 0.700000 0.733333 0.766667 0.800000 0.833333 0.866667 0.900000 0.933333 0.966667 1.000000 1.033333 1.066667
1.100000 1.133333 1.166667 1.200000 1.233333 1.266667 1.300000 1.333333 1.366667 1.400000 1.433333 1.466667 1.500000 1.533333 1.566667 1.600000
1.633333 1.666667 1.700000</float_array><technique_common><accessor source="#LeftEye1-Matrix-animation-input-array" count="51"><param name="TIME" type="float"/></accessor></technique_common></source><source id="LeftEye1-Matrix-animation-output-transform"><float_array id="LeftEye1-Matrix-animation-output-transform-array" count="816">

1.000000 -0.000000 0.000000 0.024914 -0.000000 1.000000 -0.000000 0.045545 0.000000 0.000000 1.000000 0.054627 0.000000 0.000000 0.000000 1.000000
1.000000 0.000000 0.000000 0.024914 -0.000000 1.000000 -0.000000 0.045545 -0.000000 0.000000 1.000000 0.054627 0.000000 0.000000 0.000000 1.000000
1.000000 -0.000000 0.000000 0.024914 0.000000 1.000000 -0.000000 0.045545 -0.000000 0.000000 1.000000 0.054627 0.000000 0.000000 0.000000 1.000000
1.000000 -0.000000 0.000000 0.024914 0.000000 1.000000 0.000000 0.045545 -0.000000 -0.000000 1.000000 0.054627 0.000000 0.000000 0.000000 1.000000
1.000000 0.000000 0.000000 0.024914 -0.000000 1.000000 -0.000000 0.045545 -0.000000 0.000000 1.000000 0.054627 0.000000 0.000000 0.000000 1.000000
1.000000 -0.000000 0.000000 0.024914 0.000000 1.000000 -0.000000 0.045545 -0.000000 0.000000 1.000000 0.054627 0.000000 0.000000 0.000000 1.000000
1.000000 -0.000000 0.000000 0.024914 0.000000 1.000000 -0.000000 0.045545 -0.000000 0.000000 1.000000 0.054627 0.000000 0.000000 0.000000 1.000000
1.000000 -0.000000 0.000000 0.024914 0.000000 1.000000 -0.000000 0.045545 -0.000000 0.000000 1.000000 0.054627 0.000000 0.000000 0.000000 1.000000
1.000000 -0.000000 0.000000 0.024914 0.000000 1.000000 -0.000000 0.045545 -0.000000 0.000000 1.000000 0.054627 0.000000 0.000000 0.000000 1.000000
1.000000 0.000000 0.000000 0.024914 -0.000000 1.000000 -0.000000 0.045545 -0.000000 0.000000 1.000000 0.054627 0.000000 0.000000 0.000000 1.000000
1.000000 0.000000 0.000000 0.024914 -0.000000 1.000000 -0.000000 0.045545 -0.000000 0.000000 1.000000 0.054627 0.000000 0.000000 0.000000 1.000000
1.000000 0.000000 0.000000 0.024914 -0.000000 1.000000 -0.000000 0.045545 -0.000000 0.000000 1.000000 0.054627 0.000000 0.000000 0.000000 1.000000
1.000000 -0.000000 0.000000 0.024914 0.000000 1.000000 -0.000000 0.045545 -0.000000 0.000000 1.000000 0.054627 0.000000 0.000000 0.000000 1.000000
1.000000 -0.000000 0.000000 0.024914 0.000000 1.000000 -0.000000 0.045545 -0.000000 0.000000 1.000000 0.054627 0.000000 0.000000 0.000000 1.000000
1.000000 -0.000000 0.000000 0.024914 0.000000 1.000000 -0.000000 0.045545 -0.000000 0.000000 1.000000 0.054627 0.000000 0.000000 0.000000 1.000000
1.000000 0.000000 0.000000 0.024914 -0.000000 1.000000 -0.000000 0.045545 -0.000000 0.000000 1.000000 0.054627 0.000000 0.000000 0.000000 1.000000
1.000000 -0.000000 0.000000 0.024914 0.000000 1.000000 -0.000000 0.045545 -0.000000 0.000000 1.000000 0.054627 0.000000 0.000000 0.000000 1.000000
1.000000 -0.000000 0.000000 0.024914 0.000000 1.000000 -0.000000 0.045545 -0.000000 0.000000 1.000000 0.054627 0.000000 0.000000 0.000000 1.000000
1.000000 0.000000 0.000000 0.024914 -0.000000 1.000000 -0.000000 0.045545 -0.000000 0.000000 1.000000 0.054627 0.000000 0.000000 0.000000 1.000000
1.000000 -0.000000 0.000000 0.024914 0.000000 1.000000 -0.000000 0.045545 -0.000000 0.000000 1.000000 0.054627 0.000000 0.000000 0.000000 1.000000
1.000000 -0.000000 0.000000 0.024914 0.000000 1.000000 -0.000000 0.045545 -0.000000 0.000000 1.000000 0.054627 0.000000 0.000000 0.000000 1.000000
1.000000 -0.000000 0.000000 0.024914 0.000000 1.000000 -0.000000 0.045545 -0.000000 0.000000 1.000000 0.054627 0.000000 0.000000 0.000000 1.000000
1.000000 -0.000000 0.000000 0.024914 0.000000 1.000000 -0.000000 0.045545 -0.000000 0.000000 1.000000 0.054627 0.000000 0.000000 0.000000 1.000000
1.000000 -0.000000 0.000000 0.024914 0.000000 1.000000 -0.000000 0.045545 -0.000000 0.000000 1.000000 0.054627 0.000000 0.000000 0.000000 1.000000
1.000000 -0.000000 0.000000 0.024914 0.000000 1.000000 -0.000000 0.045545 -0.000000 0.000000 1.000000 0.054627 0.000000 0.000000 0.000000 1.000000
1.000000 -0.000000 0.000000 0.024914 0.000000 1.000000 0.000000 0.045545 -0.000000 -0.000000 1.000000 0.054627 0.000000 0.000000 0.000000 1.000000
1.000000 -0.000000 0.000000 0.024914 0.000000 1.000000 -0.000000 0.045545 -0.000000 0.000000 1.000000 0.054627 0.000000 0.000000 0.000000 1.000000
1.000000 -0.000000 0.000000 0.024914 0.000000 1.000000 0.000000 0.045545 -0.000000 -0.000000 1.000000 0.054627 0.000000 0.000000 0.000000 1.000000
1.000000 -0.000000 0.000000 0.024914 0.000000 1.000000 -0.000000 0.045545 -0.000000 0.000000 1.000000 0.054627 0.000000 0.000000 0.000000 1.000000
1.000000 0.000000 0.000000 0.024914 -0.000000 1.000000 -0.000000 0.045545 -0.000000 0.000000 1.000000 0.054627 0.000000 0.000000 0.000000 1.000000
1.000000 -0.000000 0.000000 0.024914 0.000000 1.000000 -0.000000 0.045545 -0.000000 0.000000 1.000000 0.054627 0.000000 0.000000 0.000000 1.000000
1.000000 0.000000 0.000000 0.024914 -0.000000 1.000000 -0.000000 0.045545 -0.000000 0.000000 1.000000 0.054627 0.000000 0.000000 0.000000 1.000000
1.000000 -0.000000 0.000000 0.024914 0.000000 1.000000 -0.000000 0.045545 -0.000000 0.000000 1.000000 0.054627 0.000000 0.000000 0.000000 1.000000
1.000000 -0.000000 0.000000 0.024914 0.000000 1.000000 0.000000 0.045545 -0.000000 -0.000000 1.000000 0.054627 0.000000 0.000000 0.000000 1.000000
1.000000 -0.000000 0.000000 0.024914 0.000000 1.000000 -0.000000 0.045545 -0.000000 0.000000 1.000000 0.054627 0.000000 0.000000 0.000000 1.000000
1.000000 -0.000000 0.000000 0.024914 0.000000 1.000000 -0.000000 0.045545 -0.000000 0.000000 1.000000 0.054627 0.000000 0.000000 0.000000 1.000000
1.000000 -0.000000 0.000000 0.024914 0.000000 1.000000 -0.000000 0.045545 -0.000000 0.000000 1.000000 0.054627 0.000000 0.000000 0.000000 1.000000
1.000000 0.000000 0.000000 0.024914 -0.000000 1.000000 -0.000000 0.045545 -0.000000 0.000000 1.000000 0.054627 0.000000 0.000000 0.000000 1.000000
1.000000 -0.000000 0.000000 0.024914 0.000000 1.000000 0.000000 0.045545 -0.000000 -0.000000 1.000000 0.054627 0.000000 0.000000 0.000000 1.000000
1.000000 -0.000000 0.000000 0.024914 0.000000 1.000000 -0.000000 0.045545 -0.000000 0.000000 1.000000 0.054627 0.000000 0.000000 0.000000 1.000000
1.000000 -0.000000 0.000000 0.024914 0.000000 1.000000 -0.000000 0.045545 -0.000000 0.000000 1.000000 0.054627 0.000000 0.000000 0.000000 1.000000
1.000000 -0.000000 0.000000 0.024914 0.000000 1.000000 -0.000000 0.045545 -0.000000 0.000000 1.000000 0.054627 0.000000 0.000000 0.000000 1.000000
1.000000 0.000000 0.000000 0.024914 -0.000000 1.000000 -0.000000 0.045545 -0.000000 0.000000 1.000000 0.054627 0.000000 0.000000 0.000000 1.000000
1.000000 -0.000000 0.000000 0.024914 0.000000 1.000000 -0.000000 0.045545 -0.000000 0.000000 1.000000 0.054627 0.000000 0.000000 0.000000 1.000000
1.000000 -0.000000 0.000000 0.024914 0.000000 1.000000 -0.000000 0.045545 -0.000000 0.000000 1.000000 0.054627 0.000000 0.000000 0.000000 1.000000
1.000000 -0.000000 0.000000 0.024914 0.000000 1.000000 -0.000000 0.045545 -0.000000 0.000000 1.000000 0.054627 0.000000 0.000000 0.000000 1.000000
1.000000 -0.000000 0.000000 0.024914 0.000000 1.000000 -0.000000 0.045545 -0.000000 0.000000 1.000000 0.054627 0.000000 0.000000 0.000000 1.000000
1.000000 0.000000 0.000000 0.024914 -0.000000 1.000000 -0.000000 0.045545 -0.000000 0.000000 1.000000 0.054627 0.000000 0.000000 0.000000 1.000000
1.000000 -0.000000 0.000000 0.024914 0.000000 1.000000 -0.000000 0.045545 -0.000000 0.000000 1.000000 0.054627 0.000000 0.000000 0.000000 1.000000
1.000000 -0.000000 0.000000 0.024914 0.000000 1.000000 0.000000 0.045545 -0.000000 -0.000000 1.000000 0.054627 0.000000 0.000000 0.000000 1.000000
1.000000 -0.000000 0.000000 0.024914 -0.000000 1.000000 -0.000000 0.045545 0.000000 0.000000 1.000000 0.054627 0.000000 0.000000 0.000000 1.000000</float_array><technique_common><accessor source="#LeftEye1-Matrix-animation-output-transform-array" count="51" stride="16"><param type="float4x4"/></accessor></technique_common></source><source id="LeftEye1-Interpolations"><Name_array id="LeftEye1-Interpolations-array" count="51">
 LINEAR LINEAR LINEAR LINEAR LINEAR LINEAR LINEAR LINEAR LINEAR LINEAR LINEAR
LINEAR LINEAR LINEAR LINEAR LINEAR LINEAR LINEAR LINEAR LINEAR LINEAR LINEAR LINEAR
LINEAR LINEAR LINEAR LINEAR LINEAR LINEAR LINEAR LINEAR LINEAR LINEAR LINEAR LINEAR
LINEAR LINEAR LINEAR LINEAR LINEAR LINEAR LINEAR LINEAR LINEAR LINEAR LINEAR LINEAR
LINEAR LINEAR LINEAR LINEAR</Name_array><technique_common><accessor source="#LeftEye1-Interpolations-array" count="51"><param type="name"/></accessor></technique_common></source><sampler id="LeftEye1-Matrix-animation-transform"><input semantic="INPUT" source="#LeftEye1-Matrix-animation-input"/><input semantic="OUTPUT" source="#LeftEye1-Matrix-animation-output-transform"/><input semantic="INTERPOLATION" source="#LeftEye1-Interpolations"/></sampler><channel source="#LeftEye1-Matrix-animation-transform" target="LeftEye1/matrix"/></animation><animation><source id="LeftEye1-visibility-animation-input"><float_array id="LeftEye1-visibility-animation-input-array" count="51">

0.033333 0.066667 0.100000 0.133333 0.166667 0.200000 0.233333 0.266667 0.300000 0.333333 0.366667 0.400000 0.433333 0.466667 0.500000 0.533333
0.566667 0.600000 0.633333 0.666667 0.700000 0.733333 0.766667 0.800000 0.833333 0.866667 0.900000 0.933333 0.966667 1.000000 1.033333 1.066667
1.100000 1.133333 1.166667 1.200000 1.233333 1.266667 1.300000 1.333333 1.366667 1.400000 1.433333 1.466667 1.500000 1.533333 1.566667 1.600000
1.633333 1.666667 1.700000</float_array><technique_common><accessor source="#LeftEye1-visibility-animation-input-array" count="51"><param name="TIME" type="float"/></accessor></technique_common></source><source id="LeftEye1-visibility-animation-output"><float_array id="LeftEye1-visibility-animation-output-array" count="51">

1.000000 1.000000 1.000000 1.000000 1.000000 1.000000 1.000000 1.000000 1.000000 1.000000 1.000000 1.000000 1.000000 1.000000 1.000000 1.000000
1.000000 1.000000 1.000000 1.000000 1.000000 1.000000 1.000000 1.000000 1.000000 1.000000 1.000000 1.000000 1.000000 1.000000 1.000000 1.000000
1.000000 1.000000 1.000000 1.000000 1.000000 1.000000 1.000000 1.000000 1.000000 1.000000 1.000000 1.000000 1.000000 1.000000 1.000000 1.000000
1.000000 1.000000 1.000000</float_array><technique_common><accessor source="#LeftEye1-visibility-animation-output-array" count="51"><param type="float"/></accessor></technique_common></source><source id="LeftEye1-visibility-animation-intan"><float_array id="LeftEye1-visibility-animation-intan-array" count="51">

0.000000 0.000000 0.000000 0.000000 0.000000 0.000000 0.000000 0.000000 0.000000 0.000000 0.000000 0.000000 0.000000 0.000000 0.000000 0.000000
0.000000 0.000000 0.000000 0.000000 0.000000 0.000000 0.000000 0.000000 0.000000 0.000000 0.000000 0.000000 0.000000 0.000000 0.000000 0.000000
0.000000 0.000000 0.000000 0.000000 0.000000 0.000000 0.000000 0.000000 0.000000 0.000000 0.000000 0.000000 0.000000 0.000000 0.000000 0.000000
0.000000 0.000000 0.000000</float_array><technique_common><accessor source="#LeftEye1-visibility-animation-intan-array" count="51"><param type="float"/></accessor></technique_common></source><source id="LeftEye1-visibility-animation-outtan"><float_array id="LeftEye1-visibility-animation-outtan-array" count="51">

