<?xml version="1.0" encoding="utf-8"?>
<COLLADA xmlns="http://www.collada.org/2005/11/COLLADASchema" version="1.4.1">
  <asset><contributor><author></author><authoring_tool>FBX COLLADA exporter</authoring_tool><comments></comments></contributor><created>2014-06-06T15:03:24Z</created><keywords></keywords><modified>2014-06-06T15:03:24Z</modified><revision></revision><subject></subject><title></title><unit meter="0.010000" name="centimeter"></unit><up_axis>Y_UP</up_axis></asset>
  <library_animations>
    <animation id="Root-anim" name="Root"><animation><source id="Root-Matrix-animation-input"><float_array id="Root-Matrix-animation-input-array" count="62">

0.033333 0.066667 0.100000 0.133333 0.166667 0.200000 0.233333 0.266667 0.300000 0.333333 0.366667 0.400000 0.433333 0.466667 0.500000 0.533333
0.566667 0.600000 0.633333 0.666667 0.700000 0.733333 0.766667 0.800000 0.833333 0.866667 0.900000 0.933333 0.966667 1.000000 1.033333 1.066667
1.100000 1.133333 1.166667 1.200000 1.233333 1.266667 1.300000 1.333333 1.366667 1.400000 1.433333 1.466667 1.500000 1.533333 1.566667 1.600000
1.633333 1.666667 1.700000 1.733333 1.766667 1.800000 1.833333 1.866667 1.900000 1.933333 1.966667 2.000000 2.033333 2.066667</float_array><technique_common><accessor source="#Root-Matrix-animation-input-array" count="62"><param name="TIME" type="float"/></accessor></technique_common></source><source id="Root-Matrix-animation-output-transform"><float_array id="Root-Matrix-animation-output-transform-array" count="992">

0.993720 -0.036331 -0.105835 0.000000 0.059605 0.972334 0.225864 0.632539 0.094701 -0.230754 0.968393 -0.092542 0.000000 0.000000 0.000000 1.000000
0.993715 -0.037184 -0.105580 0.000000 0.060237 0.972633 0.224403 0.631120 0.094347 -0.229352 0.968760 -0.092542 0.000000 0.000000 0.000000 1.000000
0.993701 -0.039484 -0.104876 0.000000 0.061905 0.973525 0.220040 0.627308 0.093411 -0.225146 0.969837 -0.092542 0.000000 0.000000 0.000000 1.000000
0.993675 -0.042839 -0.103803 0.000000 0.064263 0.974979 0.212806 0.621775 0.092089 -0.218131 0.971565 -0.092542 0.000000 0.000000 0.000000 1.000000
0.993636 -0.046854 -0.102433 0.000000 0.066966 0.976943 0.202728 0.615191 0.090573 -0.208297 0.973863 -0.092542 0.000000 0.000000 0.000000 1.000000
0.993587 -0.051134 -0.100846 0.000000 0.069668 0.979342 0.189830 0.608227 0.089056 -0.195638 0.976624 -0.092542 0.000000 0.000000 0.000000 1.000000
0.993537 -0.055286 -0.099137 0.000000 0.072024 0.982085 0.174131 0.601554 0.087733 -0.180146 0.979719 -0.092542 0.000000 0.000000 0.000000 1.000000
0.993497 -0.058928 -0.097425 0.000000 0.073691 0.985060 0.155651 0.595842 0.086797 -0.161819 0.982996 -0.092542 0.000000 0.000000 0.000000 1.000000
0.993481 -0.061684 -0.095871 0.000000 0.074323 0.988135 0.134408 0.591763 0.086442 -0.140657 0.986277 -0.092542 0.000000 0.000000 0.000000 1.000000
0.993638 -0.060251 -0.095154 0.000000 0.070624 0.991452 0.109703 0.589100 0.087731 -0.115726 0.989399 -0.092542 0.000000 0.000000 0.000000 1.000000
0.993989 -0.052575 -0.096028 0.000000 0.060476 0.994852 0.081312 0.587095 0.091259 -0.086630 0.992052 -0.092542 0.000000 0.000000 0.000000 1.000000
0.994300 -0.040200 -0.098753 0.000000 0.045303 0.997722 0.049984 0.585604 0.096519 -0.054173 0.993856 -0.092542 0.000000 0.000000 0.000000 1.000000
0.994328 -0.024682 -0.103455 0.000000 0.026530 0.999512 0.016520 0.584481 0.102997 -0.019171 0.994497 -0.092542 0.000000 0.000000 0.000000 1.000000
0.993896 -0.007567 -0.110059 0.000000 0.005595 0.999818 -0.018216 0.583582 0.110176 0.017489 0.993758 -0.092542 0.000000 0.000000 0.000000 1.000000
0.992937 0.009655 -0.118245 0.000000 -0.016060 0.998448 -0.053332 0.582761 0.117547 0.054855 0.991551 -0.092542 0.000000 0.000000 0.000000 1.000000
0.991516 0.025586 -0.127440 0.000000 -0.036989 0.995440 -0.087929 0.581875 0.124610 0.091897 0.987941 -0.092542 0.000000 0.000000 0.000000 1.000000
0.989829 0.038960 -0.136826 0.000000 -0.055753 0.991070 -0.121130 0.580779 0.130885 0.127527 0.983161 -0.092542 0.000000 0.000000 0.000000 1.000000
0.988179 0.048655 -0.145377 0.000000 -0.070917 0.985815 -0.152116 0.579327 0.135914 0.160628 0.977613 -0.092542 0.000000 0.000000 0.000000 1.000000
0.986934 0.053691 -0.151919 0.000000 -0.081058 0.980297 -0.180133 0.577374 0.139254 0.190094 0.971840 -0.092542 0.000000 0.000000 0.000000 1.000000
0.986451 0.053191 -0.155194 0.000000 -0.084755 0.975193 -0.204487 0.574777 0.140467 0.214870 0.966488 -0.092542 0.000000 0.000000 0.000000 1.000000
0.986976 0.048549 -0.153365 0.000000 -0.082823 0.970662 -0.225732 0.572288 0.137906 0.235494 0.962042 -0.092542 0.000000 0.000000 0.000000 1.000000
0.988377 0.042067 -0.146085 0.000000 -0.077346 0.966430 -0.245013 0.570513 0.130874 0.253465 0.958451 -0.092542 0.000000 0.000000 0.000000 1.000000
0.990346 0.034149 -0.134345 0.000000 -0.068800 0.962470 -0.262523 0.569087 0.120339 0.269232 0.955528 -0.092542 0.000000 0.000000 0.000000 1.000000
0.992556 0.025085 -0.119174 0.000000 -0.057661 0.958722 -0.278438 0.567646 0.107270 0.283238 0.953032 -0.092542 0.000000 0.000000 0.000000 1.000000
0.994708 0.015078 -0.101628 0.000000 -0.044405 0.955103 -0.292927 0.565824 0.092649 0.295889 0.950718 -0.092542 0.000000 0.000000 0.000000 1.000000
0.996558 0.004271 -0.082794 0.000000 -0.029513 0.951526 -0.306149 0.563257 0.077473 0.307539 0.948377 -0.092542 0.000000 0.000000 0.000000 1.000000
0.997938 -0.007236 -0.063774 0.000000 -0.013465 0.947906 -0.318265 0.559580 0.062755 0.318468 0.945854 -0.092542 0.000000 0.000000 0.000000 1.000000
0.998768 -0.019382 -0.045682 0.000000 0.003254 0.944171 -0.329441 0.554426 0.049517 0.328886 0.943071 -0.092542 0.000000 0.000000 0.000000 1.000000
0.999044 -0.032130 -0.029644 0.000000 0.020156 0.940267 -0.339841 0.547432 0.038792 0.338919 0.940015 -0.092542 0.000000 0.000000 0.000000 1.000000
0.998824 -0.045481 -0.016771 0.000000 0.036756 0.936160 -0.349647 0.538234 0.031603 0.348620 0.936731 -0.092542 0.000000 0.000000 0.000000 1.000000
0.998197 -0.059462 -0.008174 0.000000 0.052569 0.931838 -0.359046 0.526464 0.028967 0.357969 0.933284 -0.092542 0.000000 0.000000 0.000000 1.000000
0.996965 -0.077744 -0.004124 0.000000 0.070801 0.927414 -0.367273 0.503731 0.032378 0.365867 0.930104 -0.092542 0.000000 0.000000 0.000000 1.000000
0.994756 -0.102216 -0.003466 0.000000 0.093531 0.922900 -0.373508 0.464432 0.041377 0.371225 0.927621 -0.092542 0.000000 0.000000 0.000000 1.000000
0.991472 -0.130211 -0.005259 0.000000 0.118587 0.918221 -0.377898 0.412389 0.054035 0.374051 0.925832 -0.092542 0.000000 0.000000 0.000000 1.000000
0.987237 -0.159025 -0.008647 0.000000 0.143807 0.913464 -0.380662 0.351418 0.068433 0.374560 0.924674 -0.092542 0.000000 0.000000 0.000000 1.000000
0.982475 -0.185955 -0.012801 0.000000 0.167050 0.908896 -0.382102 0.285357 0.082689 0.373267 0.924031 -0.092542 0.000000 0.000000 0.000000 1.000000
0.977906 -0.208361 -0.016884 0.000000 0.186211 0.904954 -0.382601 0.218022 0.094998 0.371004 0.923759 -0.092542 0.000000 0.000000 0.000000 1.000000
0.974460 -0.223668 -0.020015 0.000000 0.199221 0.902185 -0.382587 0.153236 0.103629 0.368828 0.923703 -0.092542 0.000000 0.000000 0.000000 1.000000
0.973115 -0.229337 -0.021269 0.000000 0.204017 0.901153 -0.382493 0.094821 0.106887 0.367870 0.923713 -0.092542 0.000000 0.000000 0.000000 1.000000
0.974939 -0.221323 -0.022584 0.000000 0.196047 0.902683 -0.383052 0.130804 0.105165 0.369025 0.923451 -0.092542 0.000000 0.000000 0.000000 1.000000
0.979528 -0.199617 -0.026046 0.000000 0.174515 0.906508 -0.384431 0.166788 0.100350 0.372015 0.922786 -0.092542 0.000000 0.000000 0.000000 1.000000
0.985354 -0.167692 -0.030936 0.000000 0.142968 0.911306 -0.386110 0.183144 0.092940 0.376032 0.921934 -0.092542 0.000000 0.000000 0.000000 1.000000
0.990963 -0.129072 -0.036517 0.000000 0.105002 0.915827 -0.387601 0.176600 0.083471 0.380264 0.921104 -0.092542 0.000000 0.000000 0.000000 1.000000
0.995286 -0.087410 -0.042010 0.000000 0.064325 0.919172 -0.388569 0.160244 0.072579 0.384035 0.920461 -0.092542 0.000000 0.000000 0.000000 1.000000
0.997832 -0.046452 -0.046610 0.000000 0.024707 0.920951 -0.388895 0.138981 0.060991 0.386901 0.920102 -0.092542 0.000000 0.000000 0.000000 1.000000
0.998724 -0.009998 -0.049508 0.000000 -0.010044 0.921314 -0.388690 0.117719 0.049499 0.388691 0.920038 -0.092542 0.000000 0.000000 0.000000 1.000000
0.998589 0.018160 -0.049909 0.000000 -0.036150 0.920847 -0.388245 0.101363 0.038908 0.389501 0.920204 -0.092542 0.000000 0.000000 0.000000 1.000000
0.998305 0.034271 -0.047039 0.000000 -0.049874 0.920336 -0.387937 0.094821 0.029997 0.389625 0.920485 -0.092542 0.000000 0.000000 0.000000 1.000000
0.998233 0.042504 -0.041525 0.000000 -0.055311 0.920028 -0.387930 0.094821 0.021716 0.389541 0.920753 -0.092542 0.000000 0.000000 0.000000 1.000000
0.998162 0.049503 -0.034962 0.000000 -0.059206 0.919708 -0.388113 0.094821 0.012942 0.389469 0.920948 -0.092542 0.000000 0.000000 0.000000 1.000000
0.998078 0.055258 -0.028046 0.000000 -0.061817 0.919407 -0.388420 0.094821 0.004322 0.389407 0.921056 -0.092542 0.000000 0.000000 0.000000 1.000000
0.997982 0.059758 -0.021466 0.000000 -0.063400 0.919146 -0.388783 0.094821 -0.003502 0.389359 0.921079 -0.092542 0.000000 0.000000 0.000000 1.000000
0.997887 0.062990 -0.015914 0.000000 -0.064212 0.918942 -0.389131 0.094821 -0.009887 0.389330 0.921045 -0.092542 0.000000 0.000000 0.000000 1.000000
0.997816 0.064941 -0.012077 0.000000 -0.064512 0.918810 -0.389393 0.094821 -0.014191 0.389321 0.920993 -0.092542 0.000000 0.000000 0.000000 1.000000
0.997790 0.065594 -0.010645 0.000000 -0.064555 0.918763 -0.389496 0.094821 -0.015768 0.389322 0.920967 -0.092542 0.000000 0.000000 0.000000 1.000000
0.997790 0.065594 -0.010645 0.000000 -0.064555 0.918763 -0.389496 0.094821 -0.015768 0.389322 0.920967 -0.092542 0.000000 0.000000 0.000000 1.000000
0.997790 0.065594 -0.010645 0.000000 -0.064555 0.918763 -0.389496 0.094821 -0.015768 0.389322 0.920967 -0.092542 0.000000 0.000000 0.000000 1.000000
0.997790 0.065594 -0.010645 0.000000 -0.064555 0.918763 -0.389496 0.094821 -0.015768 0.389322 0.920967 -0.092542 0.000000 0.000000 0.000000 1.000000
0.997790 0.065594 -0.010645 0.000000 -0.064555 0.918763 -0.389496 0.094821 -0.015768 0.389322 0.920967 -0.092542 0.000000 0.000000 0.000000 1.000000
0.997790 0.065594 -0.010645 0.000000 -0.064555 0.918763 -0.389496 0.094821 -0.015768 0.389322 0.920967 -0.092542 0.000000 0.000000 0.000000 1.000000
0.997790 0.065594 -0.010645 0.000000 -0.064555 0.918763 -0.389496 0.094821 -0.015768 0.389322 0.920967 -0.092542 0.000000 0.000000 0.000000 1.000000
1.000000 -0.000000 -0.000000 0.000000 0.000000 1.000000 -0.000000 0.565033 0.000000 -0.000000 1.000000 -0.092542 0.000000 0.000000 0.000000 1.000000</float_array><technique_common><accessor source="#Root-Matrix-animation-output-transform-array" count="62" stride="16"><param type="float4x4"/></accessor></technique_common></source><source id="Root-Interpolations"><Name_array id="Root-Interpolations-array" count="62">
 LINEAR LINEAR LINEAR LINEAR LINEAR LINEAR LINEAR LINEAR LINEAR LINEAR LINEAR
LINEAR LINEAR LINEAR LINEAR LINEAR LINEAR LINEAR LINEAR LINEAR LINEAR LINEAR LINEAR
LINEAR LINEAR LINEAR LINEAR LINEAR LINEAR LINEAR LINEAR LINEAR LINEAR LINEAR LINEAR
LINEAR LINEAR LINEAR LINEAR LINEAR LINEAR LINEAR LINEAR LINEAR LINEAR LINEAR LINEAR
LINEAR LINEAR LINEAR LINEAR LINEAR LINEAR LINEAR LINEAR LINEAR LINEAR LINEAR LINEAR
LINEAR LINEAR LINEAR</Name_array><technique_common><accessor source="#Root-Interpolations-array" count="62"><param type="name"/></accessor></technique_common></source><sampler id="Root-Matrix-animation-transform"><input semantic="INPUT" source="#Root-Matrix-animation-input"/><input semantic="OUTPUT" source="#Root-Matrix-animation-output-transform"/><input semantic="INTERPOLATION" source="#Root-Interpolations"/></sampler><channel source="#Root-Matrix-animation-transform" target="Root/matrix"/></animation><animation><source id="Root-visibility-animation-input"><float_array id="Root-visibility-animation-input-array" count="62">

0.033333 0.066667 0.100000 0.133333 0.166667 0.200000 0.233333 0.266667 0.300000 0.333333 0.366667 0.400000 0.433333 0.466667 0.500000 0.533333
0.566667 0.600000 0.633333 0.666667 0.700000 0.733333 0.766667 0.800000 0.833333 0.866667 0.900000 0.933333 0.966667 1.000000 1.033333 1.066667
1.100000 1.133333 1.166667 1.200000 1.233333 1.266667 1.300000 1.333333 1.366667 1.400000 1.433333 1.466667 1.500000 1.533333 1.566667 1.600000
1.633333 1.666667 1.700000 1.733333 1.766667 1.800000 1.833333 1.866667 1.900000 1.933333 1.966667 2.000000 2.033333 2.066667</float_array><technique_common><accessor source="#Root-visibility-animation-input-array" count="62"><param name="TIME" type="float"/></accessor></technique_common></source><source id="Root-visibility-animation-output"><float_array id="Root-visibility-animation-output-array" count="62">

1.000000 1.000000 1.000000 1.000000 1.000000 1.000000 1.000000 1.000000 1.000000 1.000000 1.000000 1.000000 1.000000 1.000000 1.000000 1.000000
1.000000 1.000000 1.000000 1.000000 1.000000 1.000000 1.000000 1.000000 1.000000 1.000000 1.000000 1.000000 1.000000 1.000000 1.000000 1.000000
1.000000 1.000000 1.000000 1.000000 1.000000 1.000000 1.000000 1.000000 1.000000 1.000000 1.000000 1.000000 1.000000 1.000000 1.000000 1.000000
1.000000 1.000000 1.000000 1.000000 1.000000 1.000000 1.000000 1.000000 1.000000 1.000000 1.000000 1.000000 1.000000 1.000000</float_array><technique_common><accessor source="#Root-visibility-animation-output-array" count="62"><param type="float"/></accessor></technique_common></source><source id="Root-visibility-animation-intan"><float_array id="Root-visibility-animation-intan-array" count="62">

0.000000 0.000000 0.000000 0.000000 0.000000 0.000000 0.000000 0.000000 0.000000 0.000000 0.000000 0.000000 0.000000 0.000000 0.000000 0.000000
0.000000 0.000000 0.000000 0.000000 0.000000 0.000000 0.000000 0.000000 0.000000 0.000000 0.000000 0.000000 0.000000 0.000000 0.000000 0.000000
0.000000 0.000000 0.000000 0.000000 0.000000 0.000000 0.000000 0.000000 0.000000 0.000000 0.000000 0.000000 0.000000 0.000000 0.000000 0.000000
0.000000 0.000000 0.000000 0.000000 0.000000 0.000000 0.000000 0.000000 0.000000 0.000000 0.000000 0.000000 0.000000 0.000000</float_array><technique_common><accessor source="#Root-visibility-animation-intan-array" count="62"><param type="float"/></accessor></technique_common></source><source id="Root-visibility-animation-outtan"><float_array id="Root-visibility-animation-outtan-array" count="62">

0.000000 0.000000 0.000000 0.000000 0.000000 0.000000 0.000000 0.000000 0.000000 0.000000 0.000000 0.000000 0.000000 0.000000 0.000000 0.000000
0.000000 0.000000 0.000000 0.000000 0.000000 0.000000 0.000000 0.000000 0.000000 0.000000 0.000000 0.000000 0.000000 0.000000 0.000000 0.000000
0.000000 0.000000 0.000000 0.000000 0.000000 0.000000 0.000000 0.000000 0.000000 0.000000 0.000000 0.000000 0.000000 0.000000 0.000000 0.000000
0.000000 0.000000 0.000000 0.000000 0.000000 0.000000 0.000000 0.000000 0.000000 0.000000 0.000000 0.000000 0.000000 0.000000</float_array><technique_common><accessor source="#Root-visibility-animation-outtan-array" count="62"><param type="float"/></accessor></technique_common></source><source id="Root-visibility-animation-interpolation"><Name_array id="Root-visibility-animation-interpolation-array" count="62">
 BEZIER BEZIER BEZIER BEZIER BEZIER BEZIER BEZIER BEZIER BEZIER BEZIER BEZIER
BEZIER BEZIER BEZIER BEZIER BEZIER BEZIER BEZIER BEZIER BEZIER BEZIER BEZIER BEZIER
BEZIER BEZIER BEZIER BEZIER BEZIER BEZIER BEZIER BEZIER BEZIER BEZIER BEZIER BEZIER
BEZIER BEZIER BEZIER BEZIER BEZIER BEZIER BEZIER BEZIER BEZIER BEZIER BEZIER BEZIER
BEZIER BEZIER BEZIER BEZIER BEZIER BEZIER BEZIER BEZIER BEZIER BEZIER BEZIER BEZIER
BEZIER BEZIER BEZIER</Name_array><technique_common><accessor source="#Root-visibility-animation-interpolation-array" count="62"><param type="name"/></accessor></technique_common></source><sampler id="Root-visibility-animation"><input semantic="INPUT" source="#Root-visibility-animation-input"/><input semantic="OUTPUT" source="#Root-visibility-animation-output"/><input semantic="IN_TANGENT" source="#Root-visibility-animation-intan"/><input semantic="OUT_TANGENT" source="#Root-visibility-animation-outtan"/><input semantic="INTERPOLATION" source="#Root-visibility-animation-interpolation"/></sampler><channel source="#Root-visibility-animation" target="Root/visibility"/></animation></animation>
    <animation id="LeftEye-anim" name="LeftEye"><animation><source id="LeftEye-Matrix-animation-input"><float_array id="LeftEye-Matrix-animation-input-array" count="62">

0.033333 0.066667 0.100000 0.133333 0.166667 0.200000 0.233333 0.266667 0.300000 0.333333 0.366667 0.400000 0.433333 0.466667 0.500000 0.533333
0.566667 0.600000 0.633333 0.666667 0.700000 0.733333 0.766667 0.800000 0.833333 0.866667 0.900000 0.933333 0.966667 1.000000 1.033333 1.066667
1.100000 1.133333 1.166667 1.200000 1.233333 1.266667 1.300000 1.333333 1.366667 1.400000 1.433333 1.466667 1.500000 1.533333 1.566667 1.600000
1.633333 1.666667 1.700000 1.733333 1.766667 1.800000 1.833333 1.866667 1.900000 1.933333 1.966667 2.000000 2.033333 2.066667</float_array><technique_common><accessor source="#LeftEye-Matrix-animation-input-array" count="62"><param name="TIME" type="float"/></accessor></technique_common></source><source id="LeftEye-Matrix-animation-output-transform"><float_array id="LeftEye-Matrix-animation-output-transform-array" count="992">

0.978044 -0.102256 0.181585 0.118111 0.038537 0.945058 0.324624 0.257117 -0.204803 -0.310499 0.928249 0.233434 0.000000 0.000000 0.000000 1.000000
0.978356 -0.100528 0.180872 0.118111 0.037443 0.945640 0.323051 0.257117 -0.203515 -0.309287 0.928937 0.233434 0.000000 0.000000 0.000000 1.000000
0.979246 -0.095515 0.178758 0.118111 0.034263 0.947310 0.318480 0.257117 -0.199759 -0.305746 0.930922 0.233434 0.000000 0.000000 0.000000 1.000000
0.980630 -0.087486 0.175245 0.118111 0.029145 0.949920 0.311131 0.257117 -0.193688 -0.299997 0.934070 0.233434 0.000000 0.000000 0.000000 1.000000
0.982401 -0.076722 0.170298 0.118111 0.022231 0.953293 0.301228 0.257117 -0.185455 -0.292141 0.938222 0.233434 0.000000 0.000000 0.000000 1.000000
0.984436 -0.063526 0.163860 0.118111 0.013666 0.957231 0.289001 0.257117 -0.175211 -0.282264 0.943201 0.233434 0.000000 0.000000 0.000000 1.000000
0.986602 -0.048209 0.155861 0.118111 0.003589 0.961527 0.274686 0.257117 -0.163107 -0.270446 0.948818 0.233434 0.000000 0.000000 0.000000 1.000000
0.988761 -0.031096 0.146232 0.118111 -0.007854 0.965974 0.258521 0.257117 -0.149295 -0.256764 0.954873 0.233434 0.000000 0.000000 0.000000 1.000000
0.990778 -0.012525 0.134916 0.118111 -0.020517 0.970369 0.240754 0.257117 -0.133934 -0.241302 0.961163 0.233434 0.000000 0.000000 0.000000 1.000000
0.992520 0.007161 0.121874 0.118111 -0.034247 0.974528 0.221637 0.257117 -0.117183 -0.224153 0.967483 0.233434 0.000000 0.000000 0.000000 1.000000
0.993865 0.027613 0.107098 0.118111 -0.048885 0.978283 0.201425 0.257117 -0.099211 -0.205425 0.973631 0.233434 0.000000 0.000000 0.000000 1.000000
0.994705 0.048482 0.090612 0.118111 -0.064270 0.981496 0.180375 0.257117 -0.080190 -0.185244 0.979415 0.233434 0.000000 0.000000 0.000000 1.000000
0.994951 0.069430 0.072473 0.118111 -0.080232 0.984055 0.158741 0.257117 -0.060296 -0.163755 0.984657 0.233434 0.000000 0.000000 0.000000 1.000000
0.994531 0.090120 0.052791 0.118111 -0.096597 0.985881 0.136779 0.257117 -0.039719 -0.141131 0.989194 0.233434 0.000000 0.000000 0.000000 1.000000
0.993399 0.110244 0.031704 0.118111 -0.113187 0.986927 0.114730 0.257117 -0.018641 -0.117561 0.992891 0.233434 0.000000 0.000000 0.000000 1.000000
0.991533 0.129513 0.009397 0.118111 -0.129824 0.987182 0.092827 0.257117 0.002746 -0.093261 0.995638 0.233434 0.000000 0.000000 0.000000 1.000000
0.988939 0.147669 -0.013911 0.118111 -0.146327 0.986664 0.071288 0.257117 0.024252 -0.068464 0.997359 0.233434 0.000000 0.000000 0.000000 1.000000
0.985648 0.164491 -0.037965 0.118111 -0.162515 0.985422 0.050316 0.257117 0.045688 -0.043423 0.998012 0.233434 0.000000 0.000000 0.000000 1.000000
0.981718 0.179794 -0.062485 0.118111 -0.178211 0.983532 0.030094 0.257117 0.066867 -0.018408 0.997592 0.233434 0.000000 0.000000 0.000000 1.000000
0.977233 0.193438 -0.087169 0.118111 -0.193240 0.981092 0.010786 0.257117 0.087608 0.006304 0.996135 0.233434 0.000000 0.000000 0.000000 1.000000
0.972301 0.205319 -0.111694 0.118111 -0.207426 0.978222 -0.007459 0.257117 0.107730 0.030420 0.993715 0.233434 0.000000 0.000000 0.000000 1.000000
0.967051 0.215381 -0.135734 0.118111 -0.220605 0.975055 -0.024514 0.257117 0.127068 0.053650 0.990442 0.233434 0.000000 0.000000 0.000000 1.000000
0.961630 0.223607 -0.158959 0.118111 -0.232613 0.971735 -0.040268 0.257117 0.145461 0.075699 0.986464 0.233434 0.000000 0.000000 0.000000 1.000000
0.956200 0.230012 -0.181041 0.118111 -0.243292 0.968414 -0.054624 0.257117 0.162758 0.096277 0.981957 0.233434 0.000000 0.000000 0.000000 1.000000
0.950933 0.234645 -0.201661 0.118111 -0.252489 0.965243 -0.067493 0.257117 0.178815 0.115099 0.977127 0.233434 0.000000 0.000000 0.000000 1.000000
0.946008 0.237575 -0.220515 0.118111 -0.260051 0.962375 -0.078792 0.257117 0.193499 0.131883 0.972196 0.233434 0.000000 0.000000 0.000000 1.000000
0.941604 0.238884 -0.237310 0.118111 -0.265828 0.959955 -0.088437 0.257117 0.206681 0.146356 0.967400 0.233434 0.000000 0.000000 0.000000 1.000000
0.937896 0.238661 -0.251777 0.118111 -0.269670 0.958122 -0.096340 0.257117 0.218241 0.158254 0.962978 0.233434 0.000000 0.000000 0.000000 1.000000
0.935052 0.236986 -0.263659 0.118111 -0.271421 0.956998 -0.102398 0.257117 0.228055 0.167310 0.959166 0.233434 0.000000 0.000000 0.000000 1.000000
0.933221 0.233922 -0.272726 0.118111 -0.270926 0.956692 -0.106490 0.257117 0.236004 0.173268 0.956180 0.233434 0.000000 0.000000 0.000000 1.000000
0.932533 0.229502 -0.278768 0.118111 -0.268020 0.957288 -0.108471 0.257117 0.241966 0.175868 0.954213 0.233434 0.000000 0.000000 0.000000 1.000000
0.941333 0.214249 -0.260749 0.118111 -0.237731 0.969367 -0.061738 0.257117 0.239535 0.120104 0.963430 0.233434 0.000000 0.000000 0.000000 1.000000
0.959151 0.181577 -0.216929 0.118111 -0.173453 0.983244 0.056088 0.257117 0.223479 -0.016170 0.974575 0.233434 0.000000 0.000000 0.000000 1.000000
0.974916 0.139175 -0.173692 0.118111 -0.102877 0.973793 0.202839 0.257117 0.197371 -0.179882 0.963684 0.233434 0.000000 0.000000 0.000000 1.000000
0.984010 0.101987 -0.146021 0.118111 -0.049280 0.943723 0.327045 0.257117 0.171158 -0.314620 0.933659 0.233434 0.000000 0.000000 0.000000 1.000000
0.986835 0.086356 -0.136747 0.118111 -0.028492 0.925120 0.378605 0.257117 0.159202 -0.369724 0.915401 0.233434 0.000000 0.000000 0.000000 1.000000
0.983905 0.100654 -0.147645 0.118111 -0.047921 0.944625 0.324634 0.257117 0.172145 -0.312334 0.934245 0.233434 0.000000 0.000000 0.000000 1.000000
0.974140 0.135478 -0.180824 0.118111 -0.100990 0.976979 0.187919 0.257117 0.202120 -0.164798 0.965396 0.233434 0.000000 0.000000 0.000000 1.000000
0.955569 0.176016 -0.236445 0.118111 -0.178312 0.983903 0.011813 0.257117 0.234718 0.030873 0.971573 0.233434 0.000000 0.000000 0.000000 1.000000
0.929575 0.207046 -0.304995 0.118111 -0.262828 0.952387 -0.154531 0.257117 0.258478 0.223809 0.939733 0.233434 0.000000 0.000000 0.000000 1.000000
0.904203 0.221767 -0.365016 0.118111 -0.331036 0.903909 -0.270856 0.257117 0.269874 0.365742 0.890730 0.233434 0.000000 0.000000 0.000000 1.000000
0.892722 0.224988 -0.390420 0.118111 -0.358768 0.879122 -0.313735 0.257117 0.272641 0.420149 0.865530 0.233434 0.000000 0.000000 0.000000 1.000000
0.913589 0.226223 -0.337902 0.118111 -0.319158 0.913830 -0.251105 0.257117 0.251979 0.337251 0.907066 0.233434 0.000000 0.000000 0.000000 1.000000
0.946699 0.211893 -0.242614 0.118111 -0.246679 0.961256 -0.123026 0.257117 0.207146 0.176317 0.962290 0.233434 0.000000 0.000000 0.000000 1.000000
0.961299 0.195210 -0.194417 0.118111 -0.208248 0.976855 -0.048848 0.257117 0.180381 0.087444 0.979702 0.233434 0.000000 0.000000 0.000000 1.000000
0.956528 0.202813 -0.209572 0.118111 -0.218933 0.974099 -0.056570 0.257117 0.192670 0.099992 0.976156 0.233434 0.000000 0.000000 0.000000 1.000000
0.945124 0.218597 -0.242808 0.118111 -0.243479 0.966819 -0.077321 0.257117 0.217850 0.132197 0.966988 0.233434 0.000000 0.000000 0.000000 1.000000
0.932533 0.229502 -0.278768 0.118111 -0.268020 0.957288 -0.108471 0.257117 0.241966 0.175868 0.954213 0.233434 0.000000 0.000000 0.000000 1.000000
0.919693 0.241828 -0.309329 0.118111 -0.299102 0.941886 -0.152936 0.257117 0.254368 0.233175 0.938577 0.233434 0.000000 0.000000 0.000000 1.000000
0.903406 0.263591 -0.338198 0.118111 -0.344027 0.916360 -0.204769 0.257117 0.255935 0.301339 0.918527 0.233434 0.000000 0.000000 0.000000 1.000000
0.885729 0.287168 -0.364718 0.118111 -0.390630 0.885555 -0.251397 0.257117 0.250785 0.365139 0.896538 0.233434 0.000000 0.000000 0.000000 1.000000
0.870775 0.305745 -0.385060 0.118111 -0.426966 0.858574 -0.283816 0.257117 0.243827 0.411547 0.878167 0.233434 0.000000 0.000000 0.000000 1.000000
0.864428 0.313285 -0.393214 0.118111 -0.441582 0.847019 -0.295913 0.257117 0.240355 0.429431 0.870527 0.233434 0.000000 0.000000 0.000000 1.000000
0.864428 0.313285 -0.393214 0.118111 -0.441582 0.847019 -0.295913 0.257117 0.240355 0.429431 0.870527 0.233434 0.000000 0.000000 0.000000 1.000000
0.864428 0.313285 -0.393214 0.118111 -0.441582 0.847019 -0.295913 0.257117 0.240355 0.429431 0.870527 0.233434 0.000000 0.000000 0.000000 1.000000
0.864428 0.313285 -0.393214 0.118111 -0.441582 0.847019 -0.295913 0.257117 0.240355 0.429431 0.870527 0.233434 0.000000 0.000000 0.000000 1.000000
0.864428 0.313285 -0.393214 0.118111 -0.441582 0.847019 -0.295913 0.257117 0.240355 0.429431 0.870527 0.233434 0.000000 0.000000 0.000000 1.000000
0.864428 0.313285 -0.393214 0.118111 -0.441582 0.847019 -0.295913 0.257117 0.240355 0.429431 0.870527 0.233434 0.000000 0.000000 0.000000 1.000000
0.864428 0.313285 -0.393214 0.118111 -0.441582 0.847019 -0.295913 0.257117 0.240355 0.429431 0.870527 0.233434 0.000000 0.000000 0.000000 1.000000
0.864428 0.313285 -0.393214 0.118111 -0.441582 0.847019 -0.295913 0.257117 0.240355 0.429431 0.870527 0.233434 0.000000 0.000000 0.000000 1.000000
0.864428 0.313285 -0.393214 0.118111 -0.441582 0.847019 -0.295913 0.257117 0.240355 0.429431 0.870527 0.233434 0.000000 0.000000 0.000000 1.000000
1.000000 -0.000000 0.000000 0.118111 -0.000000 1.000000 -0.000000 0.257117 0.000000 0.000000 1.000000 0.233434 0.000000 0.000000 0.000000 1.000000</float_array><technique_common><accessor source="#LeftEye-Matrix-animation-output-transform-array" count="62" stride="16"><param type="float4x4"/></accessor></technique_common></source><source id="LeftEye-Interpolations"><Name_array id="LeftEye-Interpolations-array" count="62">
 LINEAR LINEAR LINEAR LINEAR LINEAR LINEAR LINEAR LINEAR LINEAR LINEAR LINEAR
LINEAR LINEAR LINEAR LINEAR LINEAR LINEAR LINEAR LINEAR LINEAR LINEAR LINEAR LINEAR
LINEAR LINEAR LINEAR LINEAR LINEAR LINEAR LINEAR LINEAR LINEAR LINEAR LINEAR LINEAR
LINEAR LINEAR LINEAR LINEAR LINEAR LINEAR LINEAR LINEAR LINEAR LINEAR LINEAR LINEAR
LINEAR LINEAR LINEAR LINEAR LINEAR LINEAR LINEAR LINEAR LINEAR LINEAR LINEAR LINEAR
LINEAR LINEAR LINEAR</Name_array><technique_common><accessor source="#LeftEye-Interpolations-array" count="62"><param type="name"/></accessor></technique_common></source><sampler id="LeftEye-Matrix-animation-transform"><input semantic="INPUT" source="#LeftEye-Matrix-animation-input"/><input semantic="OUTPUT" source="#LeftEye-Matrix-animation-output-transform"/><input semantic="INTERPOLATION" source="#LeftEye-Interpolations"/></sampler><channel source="#LeftEye-Matrix-animation-transform" target="LeftEye/matrix"/></animation><animation><source id="LeftEye-visibility-animation-input"><float_array id="LeftEye-visibility-animation-input-array" count="62">

0.033333 0.066667 0.100000 0.133333 0.166667 0.200000 0.233333 0.266667 0.300000 0.333333 0.366667 0.400000 0.433333 0.466667 0.500000 0.533333
0.566667 0.600000 0.633333 0.666667 0.700000 0.733333 0.766667 0.800000 0.833333 0.866667 0.900000 0.933333 0.966667 1.000000 1.033333 1.066667
1.100000 1.133333 1.166667 1.200000 1.233333 1.266667 1.300000 1.333333 1.366667 1.400000 1.433333 1.466667 1.500000 1.533333 1.566667 1.600000
1.633333 1.666667 1.700000 1.733333 1.766667 1.800000 1.833333 1.866667 1.900000 1.933333 1.966667 2.000000 2.033333 2.066667</float_array><technique_common><accessor source="#LeftEye-visibility-animation-input-array" count="62"><param name="TIME" type="float"/></accessor></technique_common></source><source id="LeftEye-visibility-animation-output"><float_array id="LeftEye-visibility-animation-output-array" count="62">

1.000000 1.000000 1.000000 1.000000 1.000000 1.000000 1.000000 1.000000 1.000000 1.000000 1.000000 1.000000 1.000000 1.000000 1.000000 1.000000
1.000000 1.000000 1.000000 1.000000 1.000000 1.000000 1.000000 1.000000 1.000000 1.000000 1.000000 1.000000 1.000000 1.000000 1.000000 1.000000
1.000000 1.000000 1.000000 1.000000 1.000000 1.000000 1.000000 1.000000 1.000000 1.000000 1.000000 1.000000 1.000000 1.000000 1.000000 1.000000
1.000000 1.000000 1.000000 1.000000 1.000000 1.000000 1.000000 1.000000 1.000000 1.000000 1.000000 1.000000 1.000000 1.000000</float_array><technique_common><accessor source="#LeftEye-visibility-animation-output-array" count="62"><param type="float"/></accessor></technique_common></source><source id="LeftEye-visibility-animation-intan"><float_array id="LeftEye-visibility-animation-intan-array" count="62">

0.000000 0.000000 0.000000 0.000000 0.000000 0.000000 0.000000 0.000000 0.000000 0.000000 0.000000 0.000000 0.000000 0.000000 0.000000 0.000000
0.000000 0.000000 0.000000 0.000000 0.000000 0.000000 0.000000 0.000000 0.000000 0.000000 0.000000 0.000000 0.000000 0.000000 0.000000 0.000000
0.000000 0.000000 0.000000 0.000000 0.000000 0.000000 0.000000 0.000000 0.000000 0.000000 0.000000 0.000000 0.000000 0.000000 0.000000 0.000000
0.000000 0.000000 0.000000 0.000000 0.000000 0.000000 0.000000 0.000000 0.000000 0.000000 0.000000 0.000000 0.000000 0.000000</float_array><technique_common><accessor source="#LeftEye-visibility-animation-intan-array" count="62"><param type="float"/></accessor></technique_common></source><source id="LeftEye-visibility-animation-outtan"><float_array id="LeftEye-visibility-animation-outtan-array" count="62">

0.000000 0.000000 0.000000 0.000000 0.000000 0.000000 0.000000 0.000000 0.000000 0.000000 0.000000 0.000000 0.000000 0.000000 0.000000 0.000000
0.000000 0.000000 0.000000 0.000000 0.000000 0.000000 0.000000 0.000000 0.000000 0.000000 0.000000 0.000000 0.000000 0.000000 0.000000 0.000000
0.000000 0.000000 0.000000 0.000000 0.000000 0.000000 0.000000 0.000000 0.000000 0.000000 0.000000 0.000000 0.000000 0.000000 0.000000 0.000000
0.000000 0.000000 0.000000 0.000000 0.000000 0.000000 0.000000 0.000000 0.000000 0.000000 0.000000 0.000000 0.000000 0.000000</float_array><technique_common><accessor source="#LeftEye-visibility-animation-outtan-array" count="62"><param type="float"/></accessor></technique_common></source><source id="LeftEye-visibility-animation-interpolation"><Name_array id="LeftEye-visibility-animation-interpolation-array" count="62">
 BEZIER BEZIER BEZIER BEZIER BEZIER BEZIER BEZIER BEZIER BEZIER BEZIER BEZIER
BEZIER BEZIER BEZIER BEZIER BEZIER BEZIER BEZIER BEZIER BEZIER BEZIER BEZIER BEZIER
BEZIER BEZIER BEZIER BEZIER BEZIER BEZIER BEZIER BEZIER BEZIER BEZIER BEZIER BEZIER
BEZIER BEZIER BEZIER BEZIER BEZIER BEZIER BEZIER BEZIER BEZIER BEZIER BEZIER BEZIER
BEZIER BEZIER BEZIER BEZIER BEZIER BEZIER BEZIER BEZIER BEZIER BEZIER BEZIER BEZIER
BEZIER BEZIER BEZIER</Name_array><technique_common><accessor source="#LeftEye-visibility-animation-interpolation-array" count="62"><param type="name"/></accessor></technique_common></source><sampler id="LeftEye-visibility-animation"><input semantic="INPUT" source="#LeftEye-visibility-animation-input"/><input semantic="OUTPUT" source="#LeftEye-visibility-animation-output"/><input semantic="IN_TANGENT" source="#LeftEye-visibility-animation-intan"/><input semantic="OUT_TANGENT" source="#LeftEye-visibility-animation-outtan"/><input semantic="INTERPOLATION" source="#LeftEye-visibility-animation-interpolation"/></sampler><channel source="#LeftEye-visibility-animation" target="LeftEye/visibility"/></animation></animation>
    <animation id="LeftEye1-anim" name="LeftEye1"><animation><source id="LeftEye1-Matrix-animation-input"><float_array id="LeftEye1-Matrix-animation-input-array" count="62">

0.033333 0.066667 0.100000 0.133333 0.166667 0.200000 0.233333 0.266667 0.300000 0.333333 0.366667 0.400000 0.433333 0.466667 0.500000 0.533333
0.566667 0.600000 0.633333 0.666667 0.700000 0.733333 0.766667 0.800000 0.833333 0.866667 0.900000 0.933333 0.966667 1.000000 1.033333 1.066667
1.100000 1.133333 1.166667 1.200000 1.233333 1.266667 1.300000 1.333333 1.366667 1.400000 1.433333 1.466667 1.500000 1.533333 1.566667 1.600000
1.633333 1.666667 1.700000 1.733333 1.766667 1.800000 1.833333 1.866667 1.900000 1.933333 1.966667 2.000000 2.033333 2.066667</float_array><technique_common><accessor source="#LeftEye1-Matrix-animation-input-array" count="62"><param name="TIME" type="float"/></accessor></technique_common></source><source id="LeftEye1-Matrix-animation-output-transform"><float_array id="LeftEye1-Matrix-animation-output-transform-array" count="992">

1.000000 -0.000000 0.000000 0.024914 0.000000 1.000000 0.000000 0.045545 -0.000000 -0.000000 1.000000 0.054627 0.000000 0.000000 0.000000 1.000000
1.000000 -0.000000 0.000000 0.024914 0.000000 1.000000 -0.000000 0.045545 -0.000000 0.000000 1.000000 0.054627 0.000000 0.000000 0.000000 1.000000
1.000000 -0.000000 0.000000 0.024914 0.000000 1.000000 0.000000 0.045545 -0.000000 -0.000000 1.000000 0.054627 0.000000 0.000000 0.000000 1.000000
1.000000 -0.000000 0.000000 0.024914 0.000000 1.000000 0.000000 0.045545 -0.000000 0.000000 1.000000 0.054627 0.000000 0.000000 0.000000 1.000000
1.000000 -0.000000 0.000000 0.024914 0.000000 1.000000 -0.000000 0.045545 -0.000000 0.000000 1.000000 0.054627 0.000000 0.000000 0.000000 1.000000
1.000000 -0.000000 0.000000 0.024914 0.000000 1.000000 0.000000 0.045545 -0.000000 0.000000 1.000000 0.054627 0.000000 0.000000 0.000000 1.000000
1.000000 -0.000000 0.000000 0.024914 0.000000 1.000000 -0.000000 0.045545 -0.000000 0.000000 1.000000 0.054627 0.000000 0.000000 0.000000 1.000000
1.000000 -0.000000 0.000000 0.024914 0.000000 1.000000 -0.000000 0.045545 -0.000000 0.000000 1.000000 0.054627 0.000000 0.000000 0.000000 1.000000
1.000000 -0.000000 0.000000 0.024914 0.000000 1.000000 -0.000000 0.045545 -0.000000 0.000000 1.000000 0.054627 0.000000 0.000000 0.000000 1.000000
1.000000 -0.000000 0.000000 0.024914 0.000000 1.000000 -0.000000 0.045545 -0.000000 0.000000 1.000000 0.054627 0.000000 0.000000 0.000000 1.000000
1.000000 -0.000000 0.000000 0.024914 0.000000 1.000000 -0.000000 0.045545 -0.000000 0.000000 1.000000 0.054627 0.000000 0.000000 0.000000 1.000000
1.000000 -0.000000 0.000000 0.024914 0.000000 1.000000 -0.000000 0.045545 -0.000000 -0.000000 1.000000 0.054627 0.000000 0.000000 0.000000 1.000000
1.000000 0.000000 0.000000 0.024914 -0.000000 1.000000 -0.000000 0.045545 -0.000000 0.000000 1.000000 0.054627 0.000000 0.000000 0.000000 1.000000
1.000000 0.000000 0.000000 0.024914 -0.000000 1.000000 -0.000000 0.045545 -0.000000 0.000000 1.000000 0.054627 0.000000 0.000000 0.000000 1.000000
1.000000 -0.000000 0.000000 0.024914 0.000000 1.000000 0.000000 0.045545 -0.000000 -0.000000 1.000000 0.054627 0.000000 0.000000 0.000000 1.000000
1.000000 -0.000000 0.000000 0.024914 0.000000 1.000000 -0.000000 0.045545 -0.000000 0.000000 1.000000 0.054627 0.000000 0.000000 0.000000 1.000000
1.000000 -0.000000 0.000000 0.024914 0.000000 1.000000 -0.000000 0.045545 -0.000000 0.000000 1.000000 0.054627 0.000000 0.000000 0.000000 1.000000
1.000000 0.000000 0.000000 0.024914 -0.000000 1.000000 -0.000000 0.045545 -0.000000 0.000000 1.000000 0.054627 0.000000 0.000000 0.000000 1.000000
1.000000 0.000000 0.000000 0.024914 -0.000000 1.000000 -0.000000 0.045545 -0.000000 0.000000 1.000000 0.054627 0.000000 0.000000 0.000000 1.000000
1.000000 -0.000000 0.000000 0.024914 0.000000 1.000000 -0.000000 0.045545 -0.000000 0.000000 1.000000 0.054627 0.000000 0.000000 0.000000 1.000000
1.000000 -0.000000 0.000000 0.024914 0.000000 1.000000 0.000000 0.045545 -0.000000 -0.000000 1.000000 0.054627 0.000000 0.000000 0.000000 1.000000
1.000000 -0.000000 0.000000 0.024914 -0.000000 1.000000 0.000000 0.045545 -0.000000 -0.000000 1.000000 0.054627 0.000000 0.000000 0.000000 1.000000
1.000000 -0.000000 0.000000 0.024914 0.000000 1.000000 -0.000000 0.045545 -0.000000 0.000000 1.000000 0.054627 0.000000 0.000000 0.000000 1.000000
1.000000 0.000000 0.000000 0.024914 -0.000000 1.000000 -0.000000 0.045545 -0.000000 0.000000 1.000000 0.054627 0.000000 0.000000 0.000000 1.000000
1.000000 -0.000000 0.000000 0.024914 0.000000 1.000000 -0.000000 0.045545 -0.000000 0.000000 1.000000 0.054627 0.000000 0.000000 0.000000 1.000000
1.000000 0.000000 0.000000 0.024914 0.000000 1.000000 -0.000000 0.045545 -0.000000 0.000000 1.000000 0.054627 0.000000 0.000000 0.000000 1.000000
1.000000 0.000000 0.000000 0.024914 0.000000 1.000000 0.000000 0.045545 -0.000000 0.000000 1.000000 0.054627 0.000000 0.000000 0.000000 1.000000
1.000000 -0.000000 0.000000 0.024914 0.000000 1.000000 -0.000000 0.045545 -0.000000 0.000000 1.000000 0.054627 0.000000 0.000000 0.000000 1.000000
1.000000 -0.000000 0.000000 0.024914 0.000000 1.000000 -0.000000 0.045545 -0.000000 0.000000 1.000000 0.054627 0.000000 0.000000 0.000000 1.000000
1.000000 0.000000 0.000000 0.024914 -0.000000 1.000000 0.000000 0.045545 -0.000000 -0.000000 1.000000 0.054627 0.000000 0.000000 0.000000 1.000000
1.000000 0.000000 0.000000 0.024914 -0.000000 1.000000 -0.000000 0.045545 -0.000000 -0.000000 1.000000 0.054627 0.000000 0.000000 0.000000 1.000000
1.000000 -0.000000 0.000000 0.024914 0.000000 1.000000 -0.000000 0.045545 -0.000000 0.000000 1.000000 0.054627 0.000000 0.000000 0.000000 1.000000
1.000000 -0.000000 0.000000 0.024914 0.000000 1.000000 -0.000000 0.045545 -0.000000 0.000000 1.000000 0.054627 0.000000 0.000000 0.000000 1.000000
1.000000 0.000000 0.000000 0.024914 -0.000000 1.000000 -0.000000 0.045545 -0.000000 0.000000 1.000000 0.054627 0.000000 0.000000 0.000000 1.000000
1.000000 0.000000 0.000000 0.024914 -0.000000 1.000000 0.000000 0.045545 -0.000000 -0.000000 1.000000 0.054627 0.000000 0.000000 0.000000 1.000000
1.000000 -0.000000 0.000000 0.024914 0.000000 1.000000 -0.000000 0.045545 -0.000000 0.000000 1.000000 0.054627 0.000000 0.000000 0.000000 1.000000
1.000000 -0.000000 0.000000 0.024914 0.000000 1.000000 -0.000000 0.045545 -0.000000 0.000000 1.000000 0.054627 0.000000 0.000000 0.000000 1.000000
1.000000 -0.000000 0.000000 0.024914 0.000000 1.000000 0.000000 0.045545 -0.000000 0.000000 1.000000 0.054627 0.000000 0.000000 0.000000 1.000000
1.000000 -0.000000 0.000000 0.024914 0.000000 1.000000 -0.000000 0.045545 -0.000000 0.000000 1.000000 0.054627 0.000000 0.000000 0.000000 1.000000
1.000000 -0.000000 0.000000 0.024914 0.000000 1.000000 -0.000000 0.045545 -0.000000 0.000000 1.000000 0.054627 0.000000 0.000000 0.000000 1.000000
1.000000 -0.000000 0.000000 0.024914 0.000000 1.000000 0.000000 0.045545 -0.000000 -0.000000 1.000000 0.054627 0.000000 0.000000 0.000000 1.000000
1.000000 -0.000000 0.000000 0.024914 -0.000000 1.000000 -0.000000 0.045545 -0.000000 0.000000 1.000000 0.054627 0.000000 0.000000 0.000000 1.000000
1.000000 -0.000000 0.000000 0.024914 0.000000 1.000000 -0.000000 0.045545 -0.000000 0.000000 1.000000 0.054627 0.000000 0.000000 0.000000 1.000000
