<?xml version="1.0" encoding="utf-8"?>
<COLLADA xmlns="http://www.collada.org/2005/11/COLLADASchema" version="1.4.1">
  <asset><contributor><author></author><authoring_tool>FBX COLLADA exporter</authoring_tool><comments></comments></contributor><created>2014-06-06T15:03:25Z</created><keywords></keywords><modified>2014-06-06T15:03:25Z</modified><revision></revision><subject></subject><title></title><unit meter="0.010000" name="centimeter"></unit><up_axis>Y_UP</up_axis></asset>
  <library_animations>
    <animation id="Root-anim" name="Root"><animation><source id="Root-Matrix-animation-input"><float_array id="Root-Matrix-animation-input-array" count="32">

0.033333 0.066667 0.100000 0.133333 0.166667 0.200000 0.233333 0.266667 0.300000 0.333333 0.366667 0.400000 0.433333 0.466667 0.500000 0.533333
0.566667 0.600000 0.633333 0.666667 0.700000 0.733333 0.766667 0.800000 0.833333 0.866667 0.900000 0.933333 0.966667 1.000000 1.033333 1.066667</float_array><technique_common><accessor source="#Root-Matrix-animation-input-array" count="32"><param name="TIME" type="float"/></accessor></technique_common></source><source id="Root-Matrix-animation-output-transform"><float_array id="Root-Matrix-animation-output-transform-array" count="512">

0.993720 -0.036331 -0.105835 0.000000 0.059605 0.972334 0.225864 0.632539 0.094701 -0.230754 0.968393 -0.092542 0.000000 0.000000 0.000000 1.000000
0.993720 -0.027042 -0.108581 0.006619 0.059605 0.949158 0.309106 0.651421 0.094701 -0.313636 0.944809 -0.143994 0.000000 0.000000 0.000000 1.000000
0.993720 -0.009306 -0.111510 0.019685 0.059605 0.887410 0.457111 0.686493 0.094701 -0.460887 0.882392 -0.247645 0.000000 0.000000 0.000000 1.000000
0.993720 0.000372 -0.111897 0.029005 0.059605 0.844555 0.532142 0.705375 0.094701 -0.535469 0.839228 -0.327382 0.000000 0.000000 0.000000 1.000000
0.991971 0.005266 -0.126355 0.032617 0.061908 0.851013 0.521483 0.700449 0.110276 -0.525118 0.843854 -0.369044 0.000000 0.000000 0.000000 1.000000
0.986312 0.016047 -0.164107 0.035416 0.067845 0.867608 0.492598 0.687388 0.150285 -0.496989 0.854644 -0.408226 0.000000 0.000000 0.000000 1.000000
0.975911 0.026222 -0.216587 0.037496 0.075959 0.889799 0.449987 0.668763 0.204518 -0.455599 0.866373 -0.443496 0.000000 0.000000 0.000000 1.000000
0.961118 0.030494 -0.274449 0.038951 0.084794 0.913275 0.398420 0.647146 0.262797 -0.406201 0.875179 -0.473421 0.000000 0.000000 0.000000 1.000000
0.944416 0.026472 -0.327686 0.039874 0.092897 0.934643 0.343240 0.625110 0.315355 -0.354602 0.880232 -0.496569 0.000000 0.000000 0.000000 1.000000
0.930340 0.015171 -0.366384 0.040359 0.098820 0.951807 0.290341 0.605225 0.353132 -0.306322 0.884005 -0.511509 0.000000 0.000000 0.000000 1.000000
0.924466 0.000325 -0.381263 0.040500 0.101115 0.963981 0.246001 0.590068 0.367610 -0.265971 0.891135 -0.516807 0.000000 0.000000 0.000000 1.000000
0.927435 -0.012120 -0.373787 0.040461 0.096491 0.973389 0.207852 0.578747 0.361321 -0.228836 0.903925 -0.518746 0.000000 0.000000 0.000000 1.000000
0.935136 -0.018959 -0.353781 0.040314 0.084068 0.981922 0.169592 0.568587 0.344170 -0.188333 0.919825 -0.523398 0.000000 0.000000 0.000000 1.000000
0.945565 -0.019843 -0.324827 0.040014 0.066017 0.989082 0.131753 0.559487 0.318666 -0.146025 0.936552 -0.529016 0.000000 0.000000 0.000000 1.000000
0.956774 -0.015102 -0.290442 0.039518 0.044519 0.994486 0.094946 0.551345 0.287406 -0.103772 0.952171 -0.533856 0.000000 0.000000 0.000000 1.000000
0.967169 -0.005861 -0.254068 0.038781 0.021771 0.997969 0.059858 0.544060 0.253201 -0.063424 0.965332 -0.536171 0.000000 0.000000 0.000000 1.000000
0.975706 0.005977 -0.219001 0.037758 -0.000018 0.999630 0.027203 0.537529 0.219082 -0.026538 0.975345 -0.534214 0.000000 0.000000 0.000000 1.000000
0.981947 0.017872 -0.188312 0.036406 -0.018641 0.999824 -0.002313 0.531650 0.188237 0.005781 0.982107 -0.526238 0.000000 0.000000 0.000000 1.000000
0.985958 0.026848 -0.164824 0.034679 -0.031890 0.999099 -0.028017 0.526323 0.163923 0.032880 0.985925 -0.510499 0.000000 0.000000 0.000000 1.000000
0.988658 0.031577 -0.146828 0.032452 -0.039050 0.998069 -0.048295 0.522239 0.145020 0.053481 0.987982 -0.486246 0.000000 0.000000 0.000000 1.000000
0.990823 0.033305 -0.130997 0.029708 -0.041798 0.997161 -0.062627 0.519868 0.128539 0.067528 0.989403 -0.454936 0.000000 0.000000 0.000000 1.000000
0.992507 0.032845 -0.117689 0.026568 -0.041520 0.996538 -0.072031 0.518779 0.114915 0.076378 0.990435 -0.418136 0.000000 0.000000 0.000000 1.000000
0.993728 0.031149 -0.107398 0.023153 -0.039604 0.996204 -0.077513 0.518538 0.104576 0.081280 0.991190 -0.377409 0.000000 0.000000 0.000000 1.000000
0.994487 0.029283 -0.100687 0.019584 -0.037437 0.996086 -0.080071 0.518710 0.097948 0.083399 0.991691 -0.334323 0.000000 0.000000 0.000000 1.000000
0.994767 0.028408 -0.098136 0.015981 -0.036406 0.996073 -0.080703 0.518864 0.095458 0.083854 0.991895 -0.290437 0.000000 0.000000 0.000000 1.000000
0.994969 0.024817 -0.097058 0.012467 -0.031089 0.997488 -0.063649 0.525161 0.095234 0.066347 0.993241 -0.247328 0.000000 0.000000 0.000000 1.000000
0.995317 0.015428 -0.095427 0.009161 -0.017371 0.999658 -0.019564 0.541400 0.095093 0.021130 0.995244 -0.206555 0.000000 0.000000 0.000000 1.000000
0.995477 0.002492 -0.094969 0.006186 0.001391 0.999167 0.040797 0.563605 0.094991 -0.040744 0.994644 -0.169685 0.000000 0.000000 0.000000 1.000000
0.995248 -0.011512 -0.096695 0.003661 0.021833 0.994088 0.106364 0.587798 0.094899 -0.107969 0.989615 -0.138283 0.000000 0.000000 0.000000 1.000000
0.994668 -0.024072 -0.100280 0.001708 0.040586 0.985281 0.166055 0.610003 0.094807 -0.169239 0.981004 -0.113915 0.000000 0.000000 0.000000 1.000000
0.994021 -0.032967 -0.104091 0.000447 0.054293 0.976354 0.209248 0.626242 0.094732 -0.213648 0.972307 -0.098146 0.000000 0.000000 0.000000 1.000000
1.000000 -0.000000 -0.000000 0.000000 0.000000 1.000000 -0.000000 0.565033 0.000000 -0.000000 1.000000 -0.092542 0.000000 0.000000 0.000000 1.000000</float_array><technique_common><accessor source="#Root-Matrix-animation-output-transform-array" count="32" stride="16"><param type="float4x4"/></accessor></technique_common></source><source id="Root-Interpolations"><Name_array id="Root-Interpolations-array" count="32">
 LINEAR LINEAR LINEAR LINEAR LINEAR LINEAR LINEAR LINEAR LINEAR LINEAR LINEAR
LINEAR LINEAR LINEAR LINEAR LINEAR LINEAR LINEAR LINEAR LINEAR LINEAR LINEAR LINEAR
LINEAR LINEAR LINEAR LINEAR LINEAR LINEAR LINEAR LINEAR LINEAR</Name_array><technique_common><accessor source="#Root-Interpolations-array" count="32"><param type="name"/></accessor></technique_common></source><sampler id="Root-Matrix-animation-transform"><input semantic="INPUT" source="#Root-Matrix-animation-input"/><input semantic="OUTPUT" source="#Root-Matrix-animation-output-transform"/><input semantic="INTERPOLATION" source="#Root-Interpolations"/></sampler><channel source="#Root-Matrix-animation-transform" target="Root/matrix"/></animation><animation><source id="Root-visibility-animation-input"><float_array id="Root-visibility-animation-input-array" count="32">

0.033333 0.066667 0.100000 0.133333 0.166667 0.200000 0.233333 0.266667 0.300000 0.333333 0.366667 0.400000 0.433333 0.466667 0.500000 0.533333
0.566667 0.600000 0.633333 0.666667 0.700000 0.733333 0.766667 0.800000 0.833333 0.866667 0.900000 0.933333 0.966667 1.000000 1.033333 1.066667</float_array><technique_common><accessor source="#Root-visibility-animation-input-array" count="32"><param name="TIME" type="float"/></accessor></technique_common></source><source id="Root-visibility-animation-output"><float_array id="Root-visibility-animation-output-array" count="32">

1.000000 1.000000 1.000000 1.000000 1.000000 1.000000 1.000000 1.000000 1.000000 1.000000 1.000000 1.000000 1.000000 1.000000 1.000000 1.000000
1.000000 1.000000 1.000000 1.000000 1.000000 1.000000 1.000000 1.000000 1.000000 1.000000 1.000000 1.000000 1.000000 1.000000 1.000000 1.000000</float_array><technique_common><accessor source="#Root-visibility-animation-output-array" count="32"><param type="float"/></accessor></technique_common></source><source id="Root-visibility-animation-intan"><float_array id="Root-visibility-animation-intan-array" count="32">

0.000000 0.000000 0.000000 0.000000 0.000000 0.000000 0.000000 0.000000 0.000000 0.000000 0.000000 0.000000 0.000000 0.000000 0.000000 0.000000
0.000000 0.000000 0.000000 0.000000 0.000000 0.000000 0.000000 0.000000 0.000000 0.000000 0.000000 0.000000 0.000000 0.000000 0.000000 0.000000</float_array><technique_common><accessor source="#Root-visibility-animation-intan-array" count="32"><param type="float"/></accessor></technique_common></source><source id="Root-visibility-animation-outtan"><float_array id="Root-visibility-animation-outtan-array" count="32">

0.000000 0.000000 0.000000 0.000000 0.000000 0.000000 0.000000 0.000000 0.000000 0.000000 0.000000 0.000000 0.000000 0.000000 0.000000 0.000000
0.000000 0.000000 0.000000 0.000000 0.000000 0.000000 0.000000 0.000000 0.000000 0.000000 0.000000 0.000000 0.000000 0.000000 0.000000 0.000000</float_array><technique_common><accessor source="#Root-visibility-animation-outtan-array" count="32"><param type="float"/></accessor></technique_common></source><source id="Root-visibility-animation-interpolation"><Name_array id="Root-visibility-animation-interpolation-array" count="32">
 BEZIER BEZIER BEZIER BEZIER BEZIER BEZIER BEZIER BEZIER BEZIER BEZIER BEZIER
BEZIER BEZIER BEZIER BEZIER BEZIER BEZIER BEZIER BEZIER BEZIER BEZIER BEZIER BEZIER
BEZIER BEZIER BEZIER BEZIER BEZIER BEZIER BEZIER BEZIER BEZIER</Name_array><technique_common><accessor source="#Root-visibility-animation-interpolation-array" count="32"><param type="name"/></accessor></technique_common></source><sampler id="Root-visibility-animation"><input semantic="INPUT" source="#Root-visibility-animation-input"/><input semantic="OUTPUT" source="#Root-visibility-animation-output"/><input semantic="IN_TANGENT" source="#Root-visibility-animation-intan"/><input semantic="OUT_TANGENT" source="#Root-visibility-animation-outtan"/><input semantic="INTERPOLATION" source="#Root-visibility-animation-interpolation"/></sampler><channel source="#Root-visibility-animation" target="Root/visibility"/></animation></animation>
    <animation id="LeftEye-anim" name="LeftEye"><animation><source id="LeftEye-Matrix-animation-input"><float_array id="LeftEye-Matrix-animation-input-array" count="32">

0.033333 0.066667 0.100000 0.133333 0.166667 0.200000 0.233333 0.266667 0.300000 0.333333 0.366667 0.400000 0.433333 0.466667 0.500000 0.533333
0.566667 0.600000 0.633333 0.666667 0.700000 0.733333 0.766667 0.800000 0.833333 0.866667 0.900000 0.933333 0.966667 1.000000 1.033333 1.066667</float_array><technique_common><accessor source="#LeftEye-Matrix-animation-input-array" count="32"><param name="TIME" type="float"/></accessor></technique_common></source><source id="LeftEye-Matrix-animation-output-transform"><float_array id="LeftEye-Matrix-animation-output-transform-array" count="512">

0.978044 -0.102256 0.181585 0.118111 0.038537 0.945058 0.324624 0.257117 -0.204803 -0.310499 0.928249 0.233434 0.000000 0.000000 0.000000 1.000000
0.959666 -0.023880 0.280125 0.118111 -0.087073 0.922148 0.376910 0.257117 -0.267317 -0.386099 0.882875 0.233434 0.000000 0.000000 0.000000 1.000000
0.872481 0.072022 0.483311 0.118111 -0.314615 0.839592 0.442835 0.257117 -0.373890 -0.538422 0.755187 0.233434 0.000000 0.000000 0.000000 1.000000
0.798576 0.091585 0.594885 0.118111 -0.429807 0.778672 0.457095 0.257117 -0.421357 -0.620711 0.661193 0.233434 0.000000 0.000000 0.000000 1.000000
0.826977 0.111204 0.551129 0.118111 -0.398539 0.807372 0.435106 0.257117 -0.396581 -0.579469 0.711997 0.233434 0.000000 0.000000 0.000000 1.000000
0.889562 0.142421 0.434046 0.118111 -0.317448 0.875976 0.363170 0.257117 -0.328491 -0.460849 0.824447 0.233434 0.000000 0.000000 0.000000 1.000000
0.950888 0.140268 0.275930 0.118111 -0.207700 0.950091 0.232784 0.257117 -0.229506 -0.278662 0.932563 0.233434 0.000000 0.000000 0.000000 1.000000
0.988374 0.084809 0.126188 0.118111 -0.092740 0.993979 0.058354 0.257117 -0.120479 -0.069378 0.990289 0.233434 0.000000 0.000000 0.000000 1.000000
0.999668 -0.003614 0.025493 0.118111 0.006612 0.992928 -0.118532 0.257117 -0.024885 0.118662 0.992623 0.233434 0.000000 0.000000 0.000000 1.000000
0.996373 -0.082730 -0.019925 0.118111 0.075154 0.965338 -0.249948 0.257117 0.039913 0.247544 0.968054 0.233434 0.000000 0.000000 0.000000 1.000000
0.992873 -0.115184 -0.030584 0.118111 0.100806 0.948597 -0.300004 0.257117 0.063568 0.294783 0.953448 0.233434 0.000000 0.000000 0.000000 1.000000
0.995188 -0.094556 -0.025680 0.118111 0.084059 0.958599 -0.272071 0.257117 0.050343 0.268603 0.961934 0.233434 0.000000 0.000000 0.000000 1.000000
0.999133 -0.041182 -0.006180 0.118111 0.039156 0.979583 -0.197189 0.257117 0.014174 0.196776 0.980346 0.233434 0.000000 0.000000 0.000000 1.000000
0.998864 0.029650 0.037297 0.118111 -0.026189 0.995588 -0.090102 0.257117 -0.039804 0.089023 0.995234 0.233434 0.000000 0.000000 0.000000 1.000000
0.989071 0.099810 0.108518 0.118111 -0.103668 0.994145 0.030491 0.257117 -0.104839 -0.041407 0.993627 0.233434 0.000000 0.000000 0.000000 1.000000
0.967872 0.153160 0.199416 0.118111 -0.183548 0.972405 0.144007 0.257117 -0.171857 -0.175982 0.969276 0.233434 0.000000 0.000000 0.000000 1.000000
0.939120 0.182427 0.291160 0.118111 -0.254710 0.938376 0.233611 0.257117 -0.230601 -0.293550 0.927713 0.233434 0.000000 0.000000 0.000000 1.000000
0.912626 0.192037 0.360883 0.118111 -0.305553 0.906903 0.290112 0.257117 -0.271573 -0.375032 0.886340 0.233434 0.000000 0.000000 0.000000 1.000000
0.901198 0.193122 0.388002 0.118111 -0.324884 0.893559 0.309841 0.257117 -0.286865 -0.405284 0.868017 0.233434 0.000000 0.000000 0.000000 1.000000
0.917380 0.171677 0.359084 0.118111 -0.291672 0.903847 0.313031 0.257117 -0.270816 -0.391904 0.879244 0.233434 0.000000 0.000000 0.000000 1.000000
0.952936 0.110471 0.282330 0.118111 -0.201768 0.926155 0.318632 0.257117 -0.226282 -0.360601 0.904856 0.233434 0.000000 0.000000 0.000000 1.000000
0.984711 0.014494 0.173595 0.118111 -0.070290 0.944865 0.319828 0.257117 -0.159388 -0.327140 0.931437 0.233434 0.000000 0.000000 0.000000 1.000000
0.993247 -0.104403 0.050607 0.118111 0.083570 0.946353 0.312141 0.257117 -0.080481 -0.305804 0.948687 0.233434 0.000000 0.000000 0.000000 1.000000
0.971576 -0.226587 -0.068547 0.118111 0.236701 0.925482 0.295728 0.257117 -0.003569 -0.303548 0.952810 0.233434 0.000000 0.000000 0.000000 1.000000
0.928653 -0.330709 -0.168035 0.118111 0.366330 0.888870 0.275158 0.257117 0.058364 -0.317083 0.946600 0.233434 0.000000 0.000000 0.000000 1.000000
0.885553 -0.400488 -0.235385 0.118111 0.454168 0.852879 0.257543 0.257117 0.097612 -0.334972 0.937158 0.233434 0.000000 0.000000 0.000000 1.000000
0.866608 -0.425764 -0.260222 0.118111 0.486423 0.837114 0.250264 0.257117 0.111282 -0.343459 0.932551 0.233434 0.000000 0.000000 0.000000 1.000000
0.892736 -0.394377 -0.217919 0.118111 0.442921 0.856891 0.263739 0.257117 0.082720 -0.331971 0.939656 0.233434 0.000000 0.000000 0.000000 1.000000
0.942153 -0.315652 -0.112747 0.118111 0.335057 0.896147 0.290958 0.257117 0.009196 -0.311904 0.950069 0.233434 0.000000 0.000000 0.000000 1.000000
0.975811 -0.217771 0.019183 0.118111 0.200958 0.928088 0.313478 0.257117 -0.086069 -0.302041 0.949402 0.233434 0.000000 0.000000 0.000000 1.000000
0.981728 -0.135846 0.133253 0.118111 0.086533 0.942371 0.323186 0.257117 -0.169477 -0.305750 0.936907 0.233434 0.000000 0.000000 0.000000 1.000000
1.000000 -0.000000 0.000000 0.118111 -0.000000 1.000000 -0.000000 0.257117 0.000000 0.000000 1.000000 0.233434 0.000000 0.000000 0.000000 1.000000</float_array><technique_common><accessor source="#LeftEye-Matrix-animation-output-transform-array" count="32" stride="16"><param type="float4x4"/></accessor></technique_common></source><source id="LeftEye-Interpolations"><Name_array id="LeftEye-Interpolations-array" count="32">
 LINEAR LINEAR LINEAR LINEAR LINEAR LINEAR LINEAR LINEAR LINEAR LINEAR LINEAR
LINEAR LINEAR LINEAR LINEAR LINEAR LINEAR LINEAR LINEAR LINEAR LINEAR LINEAR LINEAR
LINEAR LINEAR LINEAR LINEAR LINEAR LINEAR LINEAR LINEAR LINEAR</Name_array><technique_common><accessor source="#LeftEye-Interpolations-array" count="32"><param type="name"/></accessor></technique_common></source><sampler id="LeftEye-Matrix-animation-transform"><input semantic="INPUT" source="#LeftEye-Matrix-animation-input"/><input semantic="OUTPUT" source="#LeftEye-Matrix-animation-output-transform"/><input semantic="INTERPOLATION" source="#LeftEye-Interpolations"/></sampler><channel source="#LeftEye-Matrix-animation-transform" target="LeftEye/matrix"/></animation><animation><source id="LeftEye-visibility-animation-input"><float_array id="LeftEye-visibility-animation-input-array" count="32">

0.033333 0.066667 0.100000 0.133333 0.166667 0.200000 0.233333 0.266667 0.300000 0.333333 0.366667 0.400000 0.433333 0.466667 0.500000 0.533333
0.566667 0.600000 0.633333 0.666667 0.700000 0.733333 0.766667 0.800000 0.833333 0.866667 0.900000 0.933333 0.966667 1.000000 1.033333 1.066667</float_array><technique_common><accessor source="#LeftEye-visibility-animation-input-array" count="32"><param name="TIME" type="float"/></accessor></technique_common></source><source id="LeftEye-visibility-animation-output"><float_array id="LeftEye-visibility-animation-output-array" count="32">

1.000000 1.000000 1.000000 1.000000 1.000000 1.000000 1.000000 1.000000 1.000000 1.000000 1.000000 1.000000 1.000000 1.000000 1.000000 1.000000
1.000000 1.000000 1.000000 1.000000 1.000000 1.000000 1.000000 1.000000 1.000000 1.000000 1.000000 1.000000 1.000000 1.000000 1.000000 1.000000</float_array><technique_common><accessor source="#LeftEye-visibility-animation-output-array" count="32"><param type="float"/></accessor></technique_common></source><source id="LeftEye-visibility-animation-intan"><float_array id="LeftEye-visibility-animation-intan-array" count="32">

0.000000 0.000000 0.000000 0.000000 0.000000 0.000000 0.000000 0.000000 0.000000 0.000000 0.000000 0.000000 0.000000 0.000000 0.000000 0.000000
0.000000 0.000000 0.000000 0.000000 0.000000 0.000000 0.000000 0.000000 0.000000 0.000000 0.000000 0.000000 0.000000 0.000000 0.000000 0.000000</float_array><technique_common><accessor source="#LeftEye-visibility-animation-intan-array" count="32"><param type="float"/></accessor></technique_common></source><source id="LeftEye-visibility-animation-outtan"><float_array id="LeftEye-visibility-animation-outtan-array" count="32">

0.000000 0.000000 0.000000 0.000000 0.000000 0.000000 0.000000 0.000000 0.000000 0.000000 0.000000 0.000000 0.000000 0.000000 0.000000 0.000000
0.000000 0.000000 0.000000 0.000000 0.000000 0.000000 0.000000 0.000000 0.000000 0.000000 0.000000 0.000000 0.000000 0.000000 0.000000 0.000000</float_array><technique_common><accessor source="#LeftEye-visibility-animation-outtan-array" count="32"><param type="float"/></accessor></technique_common></source><source id="LeftEye-visibility-animation-interpolation"><Name_array id="LeftEye-visibility-animation-interpolation-array" count="32">
 BEZIER BEZIER BEZIER BEZIER BEZIER BEZIER BEZIER BEZIER BEZIER BEZIER BEZIER
BEZIER BEZIER BEZIER BEZIER BEZIER BEZIER BEZIER BEZIER BEZIER BEZIER BEZIER BEZIER
BEZIER BEZIER BEZIER BEZIER BEZIER BEZIER BEZIER BEZIER BEZIER</Name_array><technique_common><accessor source="#LeftEye-visibility-animation-interpolation-array" count="32"><param type="name"/></accessor></technique_common></source><sampler id="LeftEye-visibility-animation"><input semantic="INPUT" source="#LeftEye-visibility-animation-input"/><input semantic="OUTPUT" source="#LeftEye-visibility-animation-output"/><input semantic="IN_TANGENT" source="#LeftEye-visibility-animation-intan"/><input semantic="OUT_TANGENT" source="#LeftEye-visibility-animation-outtan"/><input semantic="INTERPOLATION" source="#LeftEye-visibility-animation-interpolation"/></sampler><channel source="#LeftEye-visibility-animation" target="LeftEye/visibility"/></animation></animation>
    <animation id="LeftEye1-anim" name="LeftEye1"><animation><source id="LeftEye1-Matrix-animation-input"><float_array id="LeftEye1-Matrix-animation-input-array" count="32">

0.033333 0.066667 0.100000 0.133333 0.166667 0.200000 0.233333 0.266667 0.300000 0.333333 0.366667 0.400000 0.433333 0.466667 0.500000 0.533333
0.566667 0.600000 0.633333 0.666667 0.700000 0.733333 0.766667 0.800000 0.833333 0.866667 0.900000 0.933333 0.966667 1.000000 1.033333 1.066667</float_array><technique_common><accessor source="#LeftEye1-Matrix-animation-input-array" count="32"><param name="TIME" type="float"/></accessor></technique_common></source><source id="LeftEye1-Matrix-animation-output-transform"><float_array id="LeftEye1-Matrix-animation-output-transform-array" count="512">

1.000000 -0.000000 0.000000 0.024914 0.000000 1.000000 0.000000 0.045545 -0.000000 -0.000000 1.000000 0.054627 0.000000 0.000000 0.000000 1.000000
1.000000 -0.000000 0.000000 0.024914 0.000000 1.000000 -0.000000 0.045545 -0.000000 0.000000 1.000000 0.054627 0.000000 0.000000 0.000000 1.000000
1.000000 -0.000000 -0.000000 0.024914 0.000000 1.000000 0.000000 0.045545 0.000000 -0.000000 1.000000 0.054627 0.000000 0.000000 0.000000 1.000000
1.000000 -0.000000 0.000000 0.024914 0.000000 1.000000 -0.000000 0.045545 -0.000000 0.000000 1.000000 0.054627 0.000000 0.000000 0.000000 1.000000
1.000000 -0.000000 0.000000 0.024914 0.000000 1.000000 -0.000000 0.045545 0.000000 0.000000 1.000000 0.054627 0.000000 0.000000 0.000000 1.000000
1.000000 -0.000000 0.000000 0.024914 0.000000 1.000000 -0.000000 0.045545 -0.000000 0.000000 1.000000 0.054627 0.000000 0.000000 0.000000 1.000000
1.000000 -0.000000 0.000000 0.024914 0.000000 1.000000 -0.000000 0.045545 -0.000000 0.000000 1.000000 0.054627 0.000000 0.000000 0.000000 1.000000
1.000000 -0.000000 0.000000 0.024914 0.000000 1.000000 -0.000000 0.045545 -0.000000 0.000000 1.000000 0.054627 0.000000 0.000000 0.000000 1.000000
1.000000 0.000000 0.000000 0.024914 -0.000000 1.000000 -0.000000 0.045545 -0.000000 0.000000 1.000000 0.054627 0.000000 0.000000 0.000000 1.000000
1.000000 -0.000000 0.000000 0.024914 0.000000 1.000000 -0.000000 0.045545 -0.000000 0.000000 1.000000 0.054627 0.000000 0.000000 0.000000 1.000000
1.000000 0.000000 0.000000 0.024914 -0.000000 1.000000 -0.000000 0.045545 0.000000 0.000000 1.000000 0.054627 0.000000 0.000000 0.000000 1.000000
1.000000 0.000000 0.000000 0.024914 0.000000 1.000000 -0.000000 0.045545 -0.000000 0.000000 1.000000 0.054627 0.000000 0.000000 0.000000 1.000000
1.000000 0.000000 -0.000000 0.024914 -0.000000 1.000000 -0.000000 0.045545 0.000000 0.000000 1.000000 0.054627 0.000000 0.000000 0.000000 1.000000
1.000000 -0.000000 0.000000 0.024914 0.000000 1.000000 -0.000000 0.045545 -0.000000 0.000000 1.000000 0.054627 0.000000 0.000000 0.000000 1.000000
1.000000 -0.000000 0.000000 0.024914 -0.000000 1.000000 -0.000000 0.045545 -0.000000 0.000000 1.000000 0.054627 0.000000 0.000000 0.000000 1.000000
1.000000 -0.000000 0.000000 0.024914 0.000000 1.000000 -0.000000 0.045545 -0.000000 0.000000 1.000000 0.054627 0.000000 0.000000 0.000000 1.000000
1.000000 0.000000 0.000000 0.024914 0.000000 1.000000 0.000000 0.045545 -0.000000 -0.000000 1.000000 0.054627 0.000000 0.000000 0.000000 1.000000
1.000000 -0.000000 0.000000 0.024914 0.000000 1.000000 -0.000000 0.045545 -0.000000 0.000000 1.000000 0.054627 0.000000 0.000000 0.000000 1.000000
1.000000 -0.000000 0.000000 0.024914 -0.000000 1.000000 -0.000000 0.045545 -0.000000 0.000000 1.000000 0.054627 0.000000 0.000000 0.000000 1.000000
1.000000 -0.000000 0.000000 0.024914 0.000000 1.000000 -0.000000 0.045545 -0.000000 0.000000 1.000000 0.054627 0.000000 0.000000 0.000000 1.000000
1.000000 -0.000000 0.000000 0.024914 0.000000 1.000000 -0.000000 0.045545 -0.000000 -0.000000 1.000000 0.054627 0.000000 0.000000 0.000000 1.000000
1.000000 -0.000000 0.000000 0.024914 0.000000 1.000000 -0.000000 0.045545 -0.000000 0.000000 1.000000 0.054627 0.000000 0.000000 0.000000 1.000000
1.000000 0.000000 0.000000 0.024914 -0.000000 1.000000 -0.000000 0.045545 -0.000000 0.000000 1.000000 0.054627 0.000000 0.000000 0.000000 1.000000
1.000000 -0.000000 0.000000 0.024914 0.000000 1.000000 0.000000 0.045545 -0.000000 0.000000 1.000000 0.054627 0.000000 0.000000 0.000000 1.000000
1.000000 0.000000 0.000000 0.024914 -0.000000 1.000000 -0.000000 0.045545 -0.000000 0.000000 1.000000 0.054627 0.000000 0.000000 0.000000 1.000000
1.000000 -0.000000 0.000000 0.024914 0.000000 1.000000 -0.000000 0.045545 -0.000000 0.000000 1.000000 0.054627 0.000000 0.000000 0.000000 1.000000
1.000000 -0.000000 0.000000 0.024914 0.000000 1.000000 -0.000000 0.045545 -0.000000 0.000000 1.000000 0.054627 0.000000 0.000000 0.000000 1.000000
1.000000 0.000000 0.000000 0.024914 0.000000 1.000000 -0.000000 0.045545 -0.000000 0.000000 1.000000 0.054627 0.000000 0.000000 0.000000 1.000000
1.000000 -0.000000 0.000000 0.024914 0.000000 1.000000 -0.000000 0.045545 -0.000000 0.000000 1.000000 0.054627 0.000000 0.000000 0.000000 1.000000
1.000000 -0.000000 0.000000 0.024914 0.000000 1.000000 -0.000000 0.045545 -0.000000 0.000000 1.000000 0.054627 0.000000 0.000000 0.000000 1.000000
1.000000 -0.000000 0.000000 0.024914 0.000000 1.000000 -0.000000 0.045545 -0.000000 0.000000 1.000000 0.054627 0.000000 0.000000 0.000000 1.000000
1.000000 -0.000000 0.000000 0.024914 -0.000000 1.000000 -0.000000 0.045545 0.000000 0.000000 1.000000 0.054627 0.000000 0.000000 0.000000 1.000000</float_array><technique_common><accessor source="#LeftEye1-Matrix-animation-output-transform-array" count="32" stride="16"><param type="float4x4"/></accessor></technique_common></source><source id="LeftEye1-Interpolations"><Name_array id="LeftEye1-Interpolations-array" count="32">
 LINEAR LINEAR LINEAR LINEAR LINEAR LINEAR LINEAR LINEAR LINEAR LINEAR LINEAR
LINEAR LINEAR LINEAR LINEAR LINEAR LINEAR LINEAR LINEAR LINEAR LINEAR LINEAR LINEAR
LINEAR LINEAR LINEAR LINEAR LINEAR LINEAR LINEAR LINEAR LINEAR</Name_array><technique_common><accessor source="#LeftEye1-Interpolations-array" count="32"><param type="name"/></accessor></technique_common></source><sampler id="LeftEye1-Matrix-animation-transform"><input semantic="INPUT" source="#LeftEye1-Matrix-animation-input"/><input semantic="OUTPUT" source="#LeftEye1-Matrix-animation-output-transform"/><input semantic="INTERPOLATION" source="#LeftEye1-Interpolations"/></sampler><channel source="#LeftEye1-Matrix-animation-transform" target="LeftEye1/matrix"/></animation><animation><source id="LeftEye1-visibility-animation-input"><float_array id="LeftEye1-visibility-animation-input-array" count="32">

0.033333 0.066667 0.100000 0.133333 0.166667 0.200000 0.233333 0.266667 0.300000 0.333333 0.366667 0.400000 0.433333 0.466667 0.500000 0.533333
0.566667 0.600000 0.633333 0.666667 0.700000 0.733333 0.766667 0.800000 0.833333 0.866667 0.900000 0.933333 0.966667 1.000000 1.033333 1.066667</float_array><technique_common><accessor source="#LeftEye1-visibility-animation-input-array" count="32"><param name="TIME" type="float"/></accessor></technique_common></source><source id="LeftEye1-visibility-animation-output"><float_array id="LeftEye1-visibility-animation-output-array" count="32">

1.000000 1.000000 1.000000 1.000000 1.000000 1.000000 1.000000 1.000000 1.000000 1.000000 1.000000 1.000000 1.000000 1.000000 1.000000 1.000000
1.000000 1.000000 1.000000 1.000000 1.000000 1.000000 1.000000 1.000000 1.000000 1.000000 1.000000 1.000000 1.000000 1.000000 1.000000 1.000000</float_array><technique_common><accessor source="#LeftEye1-visibility-animation-output-array" count="32"><param type="float"/></accessor></technique_common></source><source id="LeftEye1-visibility-animation-intan"><float_array id="LeftEye1-visibility-animation-intan-array" count="32">

0.000000 0.000000 0.000000 0.000000 0.000000 0.000000 0.000000 0.000000 0.000000 0.000000 0.000000 0.000000 0.000000 0.000000 0.000000 0.000000
0.000000 0.000000 0.000000 0.000000 0.000000 0.000000 0.000000 0.000000 0.000000 0.000000 0.000000 0.000000 0.000000 0.000000 0.000000 0.000000</float_array><technique_common><accessor source="#LeftEye1-visibility-animation-intan-array" count="32"><param type="float"/></accessor></technique_common></source><source id="LeftEye1-visibility-animation-outtan"><float_array id="LeftEye1-visibility-animation-outtan-array" count="32">

0.000000 0.000000 0.000000 0.000000 0.000000 0.000000 0.000000 0.000000 0.000000 0.000000 0.000000 0.000000 0.000000 0.000000 0.000000 0.000000
0.000000 0.000000 0.000000 0.000000 0.000000 0.000000 0.000000 0.000000 0.000000 0.000000 0.000000 0.000000 0.000000 0.000000 0.000000 0.000000</float_array><technique_common><accessor source="#LeftEye1-visibility-animation-outtan-array" count="32"><param type="float"/></accessor></technique_common></source><source id="LeftEye1-visibility-animation-interpolation"><Name_array id="LeftEye1-visibility-animation-interpolation-array" count="32">
 BEZIER BEZIER BEZIER BEZIER BEZIER BEZIER BEZIER BEZIER BEZIER BEZIER BEZIER
BEZIER BEZIER BEZIER BEZIER BEZIER BEZIER BEZIER BEZIER BEZIER BEZIER BEZIER BEZIER
BEZIER BEZIER BEZIER BEZIER BEZIER BEZIER BEZIER BEZIER BEZIER</Name_array><technique_common><accessor source="#LeftEye1-visibility-animation-interpolation-array" count="32"><param type="name"/></accessor></technique_common></source><sampler id="LeftEye1-visibility-animation"><input semantic="INPUT" source="#LeftEye1-visibility-animation-input"/><input semantic="OUTPUT" source="#LeftEye1-visibility-animation-output"/><input semantic="IN_TANGENT" source="#LeftEye1-visibility-animation-intan"/><input semantic="OUT_TANGENT" source="#LeftEye1-visibility-animation-outtan"/><input semantic="INTERPOLATION" source="#LeftEye1-visibility-animation-interpolation"/></sampler><channel source="#LeftEye1-visibility-animation" target="LeftEye1/visibility"/></animation></animation>
    <animation id="RightEye-anim" name="RightEye"><animation><source id="RightEye-Matrix-animation-input"><float_array id="RightEye-Matrix-animation-input-array" count="32">

0.033333 0.066667 0.100000 0.133333 0.166667 0.200000 0.233333 0.266667 0.300000 0.333333 0.366667 0.400000 0.433333 0.466667 0.500000 0.533333
0.566667 0.600000 0.633333 0.666667 0.700000 0.733333 0.766667 0.800000 0.833333 0.866667 0.900000 0.933333 0.966667 1.000000 1.033333 1.066667</float_array><technique_common><accessor source="#RightEye-Matrix-animation-input-array" count="32"><param name="TIME" type="float"/></accessor></technique_common></source><source id="RightEye-Matrix-animation-output-transform"><float_array id="RightEye-Matrix-animation-output-transform-array" count="512">

0.978470 0.205632 -0.017646 -0.118111 -0.172600 0.862164 0.476321 0.257118 0.113161 -0.463021 0.879094 0.233435 0.000000 0.000000 0.000000 1.000000
0.982452 0.182036 -0.040623 -0.118111 -0.130148 0.825100 0.549793 0.257118 0.133601 -0.534858 0.834313 0.233435 0.000000 0.000000 0.000000 1.000000
0.984122 0.148457 -0.097290 -0.118111 -0.044884 0.738456 0.672806 0.257118 0.171727 -0.657756 0.733394 0.233435 0.000000 0.000000 0.000000 1.000000
0.981423 0.137157 -0.134152 -0.118111 0.004302 0.683323 0.730104 0.257118 0.191808 -0.717118 0.670039 0.233435 0.000000 0.000000 0.000000 1.000000
0.986979 0.130770 -0.093652 -0.118111 -0.030201 0.722553 0.690656 0.257118 0.157986 -0.678835 0.717094 0.233435 0.000000 0.000000 0.000000 1.000000
0.990997 0.133668 0.007667 -0.118111 -0.114000 0.812382 0.571874 0.257118 0.070212 -0.567599 0.820306 0.233435 0.000000 0.000000 0.000000 1.000000
0.975464 0.179429 0.127570 -0.118111 -0.215002 0.901055 0.376662 0.257118 -0.047363 -0.394848 0.917525 0.233435 0.000000 0.000000 0.000000 1.000000
0.937362 0.273059 0.216315 -0.118111 -0.306014 0.942153 0.136761 0.257118 -0.166458 -0.194390 0.966698 0.233435 0.000000 0.000000 0.000000 1.000000
0.889833 0.383323 0.247508 -0.118111 -0.372793 0.923535 -0.090052 0.257118 -0.263101 -0.012138 0.964692 0.233435 0.000000 0.000000 0.000000 1.000000
0.851066 0.468549 0.236958 -0.118111 -0.412791 0.875980 -0.249525 0.257118 -0.324485 0.114548 0.938929 0.233435 0.000000 0.000000 0.000000 1.000000
0.835642 0.500939 0.225305 -0.118111 -0.426596 0.850281 -0.308281 0.257118 -0.346002 0.161499 0.924230 0.233435 0.000000 0.000000 0.000000 1.000000
0.862187 0.463152 0.205240 -0.118111 -0.398095 0.869994 -0.290914 0.257118 -0.313295 0.169117 0.934476 0.233435 0.000000 0.000000 0.000000 1.000000
0.921222 0.360981 0.145063 -0.118111 -0.319717 0.914922 -0.246373 0.257118 -0.221657 0.180585 0.958257 0.233435 0.000000 0.000000 0.000000 1.000000
0.975777 0.214597 0.042521 -0.118111 -0.203063 0.960767 -0.188925 0.257118 -0.081396 0.175714 0.981070 0.233435 0.000000 0.000000 0.000000 1.000000
0.993828 0.053205 -0.097343 -0.118111 -0.066117 0.988687 -0.134634 0.257118 0.089079 0.140239 0.986102 0.233435 0.000000 0.000000 0.000000 1.000000
0.962565 -0.089739 -0.255763 -0.118111 0.067242 0.993165 -0.095404 0.257118 0.262577 0.074634 0.962020 0.233435 0.000000 0.000000 0.000000 1.000000
0.894921 -0.188484 -0.404462 -0.118111 0.174134 0.982060 -0.072359 0.257118 0.410844 -0.005675 0.911688 0.233435 0.000000 0.000000 0.000000 1.000000
0.824201 -0.232534 -0.516353 -0.118111 0.239433 0.969389 -0.054373 0.257118 0.513190 -0.078818 0.854648 0.233435 0.000000 0.000000 0.000000 1.000000
0.789905 -0.222778 -0.571331 -0.118111 0.255475 0.966526 -0.023663 0.257118 0.557478 -0.127270 0.820378 0.233435 0.000000 0.000000 0.000000 1.000000
0.808202 -0.162223 -0.566121 -0.118111 0.222558 0.974156 0.038582 0.257118 0.545231 -0.157177 0.823419 0.233435 0.000000 0.000000 0.000000 1.000000
0.857795 -0.064903 -0.509877 -0.118111 0.151619 0.979805 0.130357 0.257118 0.491120 -0.189127 0.850313 0.233435 0.000000 0.000000 0.000000 1.000000
0.913206 0.049004 -0.404541 -0.118111 0.051336 0.970999 0.233508 0.257118 0.404252 -0.234008 0.884206 0.233435 0.000000 0.000000 0.000000 1.000000
0.952434 0.157999 -0.260588 -0.118111 -0.066411 0.942160 0.328519 0.257118 0.297422 -0.295586 0.907838 0.233435 0.000000 0.000000 0.000000 1.000000
0.964545 0.244227 -0.100025 -0.118111 -0.185649 0.897258 0.400577 0.257118 0.187580 -0.367805 0.910787 0.233435 0.000000 0.000000 0.000000 1.000000
0.952873 0.299556 0.047948 -0.118111 -0.288938 0.847972 0.444363 0.257118 0.092453 -0.437276 0.894563 0.233435 0.000000 0.000000 0.000000 1.000000
0.932360 0.326936 0.154331 -0.118111 -0.360526 0.808977 0.464302 0.257118 0.026947 -0.488537 0.872127 0.233435 0.000000 0.000000 0.000000 1.000000
0.921991 0.334732 0.194647 -0.118111 -0.387202 0.793573 0.469378 0.257118 0.002649 -0.508130 0.861276 0.233435 0.000000 0.000000 0.000000 1.000000
0.930695 0.322411 0.172794 -0.118111 -0.365554 0.802569 0.471437 0.257118 0.013318 -0.501930 0.864806 0.233435 0.000000 0.000000 0.000000 1.000000
0.948865 0.291828 0.120379 -0.118111 -0.313181 0.822315 0.475095 0.257118 0.039657 -0.488501 0.871662 0.233435 0.000000 0.000000 0.000000 1.000000
0.965652 0.253412 0.057430 -0.118111 -0.249512 0.842659 0.477147 0.257118 0.072521 -0.475088 0.876945 0.233435 0.000000 0.000000 0.000000 1.000000
0.975502 0.219943 0.004537 -0.118111 -0.195429 0.856938 0.476934 0.257118 0.101010 -0.466137 0.878928 0.233435 0.000000 0.000000 0.000000 1.000000
1.000000 -0.000000 0.000000 -0.118111 -0.000000 1.000000 -0.000000 0.257118 0.000000 0.000000 1.000000 0.233435 0.000000 0.000000 0.000000 1.000000</float_array><technique_common><accessor source="#RightEye-Matrix-animation-output-transform-array" count="32" stride="16"><param type="float4x4"/></accessor></technique_common></source><source id="RightEye-Interpolations"><Name_array id="RightEye-Interpolations-array" count="32">
 LINEAR LINEAR LINEAR LINEAR LINEAR LINEAR LINEAR LINEAR LINEAR LINEAR LINEAR
LINEAR LINEAR LINEAR LINEAR LINEAR LINEAR LINEAR LINEAR LINEAR LINEAR LINEAR LINEAR
LINEAR LINEAR LINEAR LINEAR LINEAR LINEAR LINEAR LINEAR LINEAR</Name_array><technique_common><accessor source="#RightEye-Interpolations-array" count="32"><param type="name"/></accessor></technique_common></source><sampler id="RightEye-Matrix-animation-transform"><input semantic="INPUT" source="#RightEye-Matrix-animation-input"/><input semantic="OUTPUT" source="#RightEye-Matrix-animation-output-transform"/><input semantic="INTERPOLATION" source="#RightEye-Interpolations"/></sampler><channel source="#RightEye-Matrix-animation-transform" target="RightEye/matrix"/></animation><animation><source id="RightEye-visibility-animation-input"><float_array id="RightEye-visibility-animation-input-array" count="32">

0.033333 0.066667 0.100000 0.133333 0.166667 0.200000 0.233333 0.266667 0.300000 0.333333 0.366667 0.400000 0.433333 0.466667 0.500000 0.533333
0.566667 0.600000 0.633333 0.666667 0.700000 0.733333 0.766667 0.800000 0.833333 0.866667 0.900000 0.933333 0.966667 1.000000 1.033333 1.066667</float_array><technique_common><accessor source="#RightEye-visibility-animation-input-array" count="32"><param name="TIME" type="float"/></accessor></technique_common></source><source id="RightEye-visibility-animation-output"><float_array id="RightEye-visibility-animation-output-array" count="32">

1.000000 1.000000 1.000000 1.000000 1.000000 1.000000 1.000000 1.000000 1.000000 1.000000 1.000000 1.000000 1.000000 1.000000 1.000000 1.000000
1.000000 1.000000 1.000000 1.000000 1.000000 1.000000 1.000000 1.000000 1.000000 1.000000 1.000000 1.000000 1.000000 1.000000 1.000000 1.000000</float_array><technique_common><accessor source="#RightEye-visibility-animation-output-array" count="32"><param type="float"/></accessor></technique_common></source><source id="RightEye-visibility-animation-intan"><float_array id="RightEye-visibility-animation-intan-array" count="32">

0.000000 0.000000 0.000000 0.000000 0.000000 0.000000 0.000000 0.000000 0.000000 0.000000 0.000000 0.000000 0.000000 0.000000 0.000000 0.000000
0.000000 0.000000 0.000000 0.000000 0.000000 0.000000 0.000000 0.000000 0.000000 0.000000 0.000000 0.000000 0.000000 0.000000 0.000000 0.000000</float_array><technique_common><accessor source="#RightEye-visibility-animation-intan-array" count="32"><param type="float"/></accessor></technique_common></source><source id="RightEye-visibility-animation-outtan"><float_array id="RightEye-visibility-animation-outtan-array" count="32">

0.000000 0.000000 0.000000 0.000000 0.000000 0.000000 0.000000 0.000000 0.000000 0.000000 0.000000 0.000000 0.000000 0.000000 0.000000 0.000000
0.000000 0.000000 0.000000 0.000000 0.000000 0.000000 0.000000 0.000000 0.000000 0.000000 0.000000 0.000000 0.000000 0.000000 0.000000 0.000000</float_array><technique_common><accessor source="#RightEye-visibility-animation-outtan-array" count="32"><param type="float"/></accessor></technique_common></source><source id="RightEye-visibility-animation-interpolation"><Name_array id="RightEye-visibility-animation-interpolation-array" count="32">
 BEZIER BEZIER BEZIER BEZIER BEZIER BEZIER BEZIER BEZIER BEZIER BEZIER BEZIER
BEZIER BEZIER BEZIER BEZIER BEZIER BEZIER BEZIER BEZIER BEZIER BEZIER BEZIER BEZIER
BEZIER BEZIER BEZIER BEZIER BEZIER BEZIER BEZIER BEZIER BEZIER</Name_array><technique_common><accessor source="#RightEye-visibility-animation-interpolation-array" count="32"><param type="name"/></accessor></technique_common></source><sampler id="RightEye-visibility-animation"><input semantic="INPUT" source="#RightEye-visibility-animation-input"/><input semantic="OUTPUT" source="#RightEye-visibility-animation-output"/><input semantic="IN_TANGENT" source="#RightEye-visibility-animation-intan"/><input semantic="OUT_TANGENT" source="#RightEye-visibility-animation-outtan"/><input semantic="INTERPOLATION" source="#RightEye-visibility-animation-interpolation"/></sampler><channel source="#RightEye-visibility-animation" target="RightEye/visibility"/></animation></animation>
