<?xml version="1.0" encoding="utf-8"?>
<COLLADA xmlns="http://www.collada.org/2005/11/COLLADASchema" version="1.4.1">
  <asset><contributor><author></author><authoring_tool>FBX COLLADA exporter</authoring_tool><comments></comments></contributor><created>2012-05-29T14:55:21Z</created><keywords></keywords><modified>2012-05-29T14:55:21Z</modified><revision></revision><subject></subject><title></title><unit meter="0.010000" name="centimeter"></unit><up_axis>Y_UP</up_axis></asset>
  <library_animations>
    <animation id="Root-anim" name="Root"><animation><source id="Root-Matrix-animation-input"><float_array id="Root-Matrix-animation-input-array" count="25">

0.066667 0.100000 0.133333 0.166667 0.200000 0.233333 0.266667 0.300000 0.333333 0.366667 0.400000 0.433333 0.466667 0.500000 0.533333 0.566667
0.600000 0.633333 0.666667 0.700000 0.733333 0.766667 0.800000 0.833333 0.866667</float_array><technique_common><accessor source="#Root-Matrix-animation-input-array" count="25"><param name="TIME" type="float"/></accessor></technique_common></source><source id="Root-Matrix-animation-output-transform"><float_array id="Root-Matrix-animation-output-transform-array" count="400">

1.000000 0.000000 0.000000 0.000000 0.000000 1.000000 0.000000 0.070552 0.000000 0.000000 1.000000 -0.070702 0.000000 0.000000 0.000000 1.000000
1.000000 0.000000 0.000000 0.000000 0.000000 1.000000 0.000000 0.071835 0.000000 0.000000 1.000000 -0.070702 0.000000 0.000000 0.000000 1.000000
1.000000 0.000000 0.000000 0.000000 0.000000 1.000000 0.000000 0.075042 0.000000 0.000000 1.000000 -0.070702 0.000000 0.000000 0.000000 1.000000
1.000000 0.000000 0.000000 0.000000 0.000000 1.000000 0.000000 0.079211 0.000000 0.000000 1.000000 -0.070702 0.000000 0.000000 0.000000 1.000000
1.000000 0.000000 0.000000 0.000000 0.000000 1.000000 0.000000 0.083380 0.000000 0.000000 1.000000 -0.070702 0.000000 0.000000 0.000000 1.000000
1.000000 0.000000 0.000000 0.000000 0.000000 1.000000 0.000000 0.086587 0.000000 0.000000 1.000000 -0.070702 0.000000 0.000000 0.000000 1.000000
1.000000 0.000000 0.000000 0.000000 0.000000 1.000000 0.000000 0.087870 0.000000 0.000000 1.000000 -0.070702 0.000000 0.000000 0.000000 1.000000
1.000000 0.000000 0.000000 0.000000 0.000000 1.000000 0.000000 0.085933 0.000000 0.000000 1.000000 -0.070702 0.000000 0.000000 0.000000 1.000000
1.000000 0.000000 0.000000 0.000000 0.000000 1.000000 0.000000 0.081091 0.000000 0.000000 1.000000 -0.070702 0.000000 0.000000 0.000000 1.000000
1.000000 0.000000 0.000000 0.000000 0.000000 1.000000 0.000000 0.074796 0.000000 0.000000 1.000000 -0.070702 0.000000 0.000000 0.000000 1.000000
1.000000 0.000000 0.000000 0.000000 0.000000 1.000000 0.000000 0.068501 0.000000 0.000000 1.000000 -0.070702 0.000000 0.000000 0.000000 1.000000
1.000000 0.000000 0.000000 0.000000 0.000000 1.000000 0.000000 0.063659 0.000000 0.000000 1.000000 -0.070702 0.000000 0.000000 0.000000 1.000000
1.000000 0.000000 0.000000 0.000000 0.000000 1.000000 0.000000 0.061722 0.000000 0.000000 1.000000 -0.070702 0.000000 0.000000 0.000000 1.000000
1.000000 0.000000 0.000000 0.000000 0.000000 1.000000 0.000000 0.063659 0.000000 0.000000 1.000000 -0.070702 0.000000 0.000000 0.000000 1.000000
1.000000 0.000000 0.000000 0.000000 0.000000 1.000000 0.000000 0.068501 0.000000 0.000000 1.000000 -0.070702 0.000000 0.000000 0.000000 1.000000
1.000000 0.000000 0.000000 0.000000 0.000000 1.000000 0.000000 0.074796 0.000000 0.000000 1.000000 -0.070702 0.000000 0.000000 0.000000 1.000000
1.000000 0.000000 0.000000 0.000000 0.000000 1.000000 0.000000 0.081091 0.000000 0.000000 1.000000 -0.070702 0.000000 0.000000 0.000000 1.000000
1.000000 0.000000 0.000000 0.000000 0.000000 1.000000 0.000000 0.085933 0.000000 0.000000 1.000000 -0.070702 0.000000 0.000000 0.000000 1.000000
1.000000 0.000000 0.000000 0.000000 0.000000 1.000000 0.000000 0.087870 0.000000 0.000000 1.000000 -0.070702 0.000000 0.000000 0.000000 1.000000
1.000000 0.000000 0.000000 0.000000 0.000000 1.000000 0.000000 0.086587 0.000000 0.000000 1.000000 -0.070702 0.000000 0.000000 0.000000 1.000000
1.000000 0.000000 0.000000 0.000000 0.000000 1.000000 0.000000 0.083380 0.000000 0.000000 1.000000 -0.070702 0.000000 0.000000 0.000000 1.000000
1.000000 0.000000 0.000000 0.000000 0.000000 1.000000 0.000000 0.079211 0.000000 0.000000 1.000000 -0.070702 0.000000 0.000000 0.000000 1.000000
1.000000 0.000000 0.000000 0.000000 0.000000 1.000000 0.000000 0.075042 0.000000 0.000000 1.000000 -0.070702 0.000000 0.000000 0.000000 1.000000
1.000000 0.000000 0.000000 0.000000 0.000000 1.000000 0.000000 0.071835 0.000000 0.000000 1.000000 -0.070702 0.000000 0.000000 0.000000 1.000000
1.000000 0.000000 0.000000 0.000000 0.000000 1.000000 0.000000 0.086328 0.000000 0.000000 1.000000 -0.070705 0.000000 0.000000 0.000000 1.000000</float_array><technique_common><accessor source="#Root-Matrix-animation-output-transform-array" count="25" stride="16"><param type="float4x4"/></accessor></technique_common></source><source id="Root-Interpolations"><Name_array id="Root-Interpolations-array" count="25">
 LINEAR LINEAR LINEAR LINEAR LINEAR LINEAR LINEAR LINEAR LINEAR LINEAR LINEAR
LINEAR LINEAR LINEAR LINEAR LINEAR LINEAR LINEAR LINEAR LINEAR LINEAR LINEAR LINEAR
LINEAR LINEAR</Name_array><technique_common><accessor source="#Root-Interpolations-array" count="25"><param type="name"/></accessor></technique_common></source><sampler id="Root-Matrix-animation-transform"><input semantic="INPUT" source="#Root-Matrix-animation-input"/><input semantic="OUTPUT" source="#Root-Matrix-animation-output-transform"/><input semantic="INTERPOLATION" source="#Root-Interpolations"/></sampler><channel source="#Root-Matrix-animation-transform" target="Root/matrix"/></animation></animation>
    <animation id="LeftUpLeg-anim" name="LeftUpLeg"><animation><source id="LeftUpLeg-Matrix-animation-input"><float_array id="LeftUpLeg-Matrix-animation-input-array" count="25">

0.066667 0.100000 0.133333 0.166667 0.200000 0.233333 0.266667 0.300000 0.333333 0.366667 0.400000 0.433333 0.466667 0.500000 0.533333 0.566667
0.600000 0.633333 0.666667 0.700000 0.733333 0.766667 0.800000 0.833333 0.866667</float_array><technique_common><accessor source="#LeftUpLeg-Matrix-animation-input-array" count="25"><param name="TIME" type="float"/></accessor></technique_common></source><source id="LeftUpLeg-Matrix-animation-output-transform"><float_array id="LeftUpLeg-Matrix-animation-output-transform-array" count="400">

0.944772 0.130182 0.300764 0.053383 0.036916 0.869607 -0.492363 -0.005413 -0.325643 0.476274 0.816774 0.000000 0.000000 0.000000 0.000000 1.000000
0.948132 0.143844 0.283470 0.053383 0.017603 0.866630 -0.498641 -0.005413 -0.317390 0.477768 0.819147 0.000000 0.000000 0.000000 0.000000 1.000000
0.955173 0.180460 0.234690 0.053383 -0.036167 0.857930 -0.512491 -0.005413 -0.293832 0.481030 0.825998 0.000000 0.000000 0.000000 0.000000 1.000000
0.959109 0.235865 0.156451 0.053383 -0.121446 0.842240 -0.525245 -0.005413 -0.255656 0.484767 0.836445 0.000000 0.000000 0.000000 0.000000 1.000000
0.965189 0.245449 0.090358 0.053383 -0.175750 0.864479 -0.470944 -0.005413 -0.193706 0.438669 0.877523 0.000000 0.000000 0.000000 0.000000 1.000000
0.968167 0.249003 0.025495 0.053383 -0.218311 0.889853 -0.400627 -0.005413 -0.122444 0.382308 0.915886 0.000000 0.000000 0.000000 0.000000 1.000000
0.987773 0.155504 0.011082 0.053383 -0.148229 0.958829 -0.242231 -0.005413 -0.048294 0.237627 0.970155 0.000000 0.000000 0.000000 0.000000 1.000000
0.999873 0.013783 -0.007949 0.053383 -0.014011 0.999471 -0.029360 -0.005413 0.007540 0.029468 0.999537 0.000000 0.000000 0.000000 0.000000 1.000000
0.992155 -0.106279 -0.065822 0.053383 0.116839 0.975594 0.185916 -0.005413 0.044456 -0.192148 0.980358 0.000000 0.000000 0.000000 0.000000 1.000000
0.971528 -0.179711 -0.154390 0.053383 0.226265 0.897022 0.379677 -0.005413 0.070259 -0.403800 0.912145 0.000000 0.000000 0.000000 0.000000 1.000000
0.946587 -0.203731 -0.249933 0.053383 0.309998 0.788296 0.531500 -0.005413 0.088738 -0.580589 0.809347 0.000000 0.000000 0.000000 0.000000 1.000000
0.924832 -0.199755 -0.323702 0.053383 0.367768 0.686863 0.626869 -0.005413 0.097119 -0.698796 0.708697 0.000000 0.000000 0.000000 0.000000 1.000000
0.914429 -0.185523 -0.359724 0.053383 0.390799 0.636013 0.665405 -0.005413 0.105341 -0.749045 0.654091 0.000000 0.000000 0.000000 0.000000 1.000000
0.920776 -0.163836 -0.354018 0.053383 0.368344 0.663944 0.650769 -0.005413 0.128429 -0.729613 0.671692 0.000000 0.000000 0.000000 0.000000 1.000000
0.939086 -0.119161 -0.322362 0.053383 0.297687 0.750768 0.589685 -0.005413 0.171752 -0.649729 0.740509 0.000000 0.000000 0.000000 0.000000 1.000000
0.957945 -0.031730 -0.285192 0.053383 0.171343 0.860487 0.479796 -0.005413 0.230180 -0.508484 0.829736 0.000000 0.000000 0.000000 0.000000 1.000000
0.956404 0.120565 -0.266001 0.053383 -0.034265 0.950844 0.307770 -0.005413 0.290032 -0.285238 0.913521 0.000000 0.000000 0.000000 0.000000 1.000000
0.954192 0.170346 -0.245966 0.053383 -0.123488 0.973033 0.194828 -0.005413 0.272521 -0.155530 0.949496 0.000000 0.000000 0.000000 0.000000 1.000000
0.979750 0.092072 -0.177800 0.053383 -0.066932 0.987521 0.142553 -0.005413 0.188707 -0.127766 0.973686 0.000000 0.000000 0.000000 0.000000 1.000000
0.996352 0.004509 -0.085224 0.053383 0.003123 0.996008 0.089206 -0.005413 0.085286 -0.089147 0.992360 0.000000 0.000000 0.000000 0.000000 1.000000
0.999238 -0.033974 0.019243 0.053383 0.034066 0.999410 -0.004489 -0.005413 -0.019079 0.005141 0.999805 0.000000 0.000000 0.000000 0.000000 1.000000
0.991785 -0.024941 0.125463 0.053383 0.041393 0.990612 -0.130289 -0.005413 -0.121036 0.134412 0.983506 0.000000 0.000000 0.000000 0.000000 1.000000
0.975426 0.021978 0.219231 0.053383 0.040690 0.959929 -0.277273 -0.005413 -0.216540 0.279380 0.935445 0.000000 0.000000 0.000000 0.000000 1.000000
0.955347 0.088223 0.282009 0.053383 0.039944 0.907070 -0.419081 -0.005413 -0.292775 0.411633 0.863042 0.000000 0.000000 0.000000 0.000000 1.000000
1.000000 0.000000 0.000000 0.053383 0.000000 1.000000 0.000000 -0.005413 0.000000 0.000000 1.000000 0.000000 0.000000 0.000000 0.000000 1.000000</float_array><technique_common><accessor source="#LeftUpLeg-Matrix-animation-output-transform-array" count="25" stride="16"><param type="float4x4"/></accessor></technique_common></source><source id="LeftUpLeg-Interpolations"><Name_array id="LeftUpLeg-Interpolations-array" count="25">
 LINEAR LINEAR LINEAR LINEAR LINEAR LINEAR LINEAR LINEAR LINEAR LINEAR LINEAR
LINEAR LINEAR LINEAR LINEAR LINEAR LINEAR LINEAR LINEAR LINEAR LINEAR LINEAR LINEAR
LINEAR LINEAR</Name_array><technique_common><accessor source="#LeftUpLeg-Interpolations-array" count="25"><param type="name"/></accessor></technique_common></source><sampler id="LeftUpLeg-Matrix-animation-transform"><input semantic="INPUT" source="#LeftUpLeg-Matrix-animation-input"/><input semantic="OUTPUT" source="#LeftUpLeg-Matrix-animation-output-transform"/><input semantic="INTERPOLATION" source="#LeftUpLeg-Interpolations"/></sampler><channel source="#LeftUpLeg-Matrix-animation-transform" target="LeftUpLeg/matrix"/></animation></animation>
    <animation id="LeftLeg-anim" name="LeftLeg"><animation><source id="LeftLeg-Matrix-animation-input"><float_array id="LeftLeg-Matrix-animation-input-array" count="25">

0.066667 0.100000 0.133333 0.166667 0.200000 0.233333 0.266667 0.300000 0.333333 0.366667 0.400000 0.433333 0.466667 0.500000 0.533333 0.566667
0.600000 0.633333 0.666667 0.700000 0.733333 0.766667 0.800000 0.833333 0.866667</float_array><technique_common><accessor source="#LeftLeg-Matrix-animation-input-array" count="25"><param name="TIME" type="float"/></accessor></technique_common></source><source id="LeftLeg-Matrix-animation-output-transform"><float_array id="LeftLeg-Matrix-animation-output-transform-array" count="400">

0.985286 -0.047030 -0.164312 0.031558 0.015497 0.982017 -0.188152 -0.038570 0.170206 0.182838 0.968297 -0.001462 0.000000 0.000000 0.000000 1.000000
0.985748 -0.061937 -0.156410 0.031558 0.038310 0.987976 -0.149788 -0.038570 0.163807 0.141661 0.976268 -0.001462 0.000000 0.000000 0.000000 1.000000
0.984504 -0.111230 -0.135576 0.031558 0.105269 0.993166 -0.050394 -0.038571 0.140255 0.035341 0.989485 -0.001462 0.000000 0.000000 0.000000 1.000000
0.971764 -0.209750 -0.108079 0.031557 0.219296 0.971899 0.085572 -0.038571 0.087093 -0.106857 0.990453 -0.001462 0.000000 0.000000 0.000000 1.000000
0.967084 -0.244250 -0.071349 0.031557 0.251125 0.961364 0.112768 -0.038571 0.041048 -0.126974 0.991057 -0.001462 0.000000 0.000000 0.000000 1.000000
0.958838 -0.281921 -0.033915 0.031557 0.283920 0.950010 0.129888 -0.038571 -0.004398 -0.134171 0.990949 -0.001462 0.000000 0.000000 0.000000 1.000000
0.993790 -0.111084 0.006384 0.031557 0.111182 0.993635 -0.018079 -0.038571 -0.004335 0.018677 0.999816 -0.001462 0.000000 0.000000 0.000000 1.000000
0.986352 0.163192 0.021840 0.031558 -0.152430 0.955238 -0.253547 -0.038571 -0.062239 0.246758 0.967077 -0.001460 0.000000 0.000000 0.000000 1.000000
0.924733 0.380276 0.016097 0.031558 -0.326846 0.815053 -0.478393 -0.038570 -0.195041 0.437125 0.877998 -0.001459 0.000000 0.000000 0.000000 1.000000
0.860486 0.509398 0.008883 0.031558 -0.376593 0.647699 -0.662318 -0.038570 -0.343136 0.566570 0.749171 -0.001460 0.000000 0.000000 0.000000 1.000000
0.825543 0.564159 0.014274 0.031558 -0.341003 0.518830 -0.783921 -0.038571 -0.449662 0.642293 0.620696 -0.001461 0.000000 0.000000 0.000000 1.000000
0.818080 0.574027 0.035190 0.031541 -0.294919 0.471263 -0.831225 -0.038584 -0.493729 0.669630 0.554822 -0.001451 0.000000 0.000000 0.000000 1.000000
0.830130 0.552281 0.076607 0.031558 -0.273750 0.523399 -0.806916 -0.038570 -0.485741 0.648875 0.585676 -0.001461 0.000000 0.000000 0.000000 1.000000
0.863094 0.486593 0.135267 0.031555 -0.266017 0.665668 -0.697225 -0.038572 -0.429307 0.565787 0.703976 -0.001460 0.000000 0.000000 0.000000 1.000000
0.917993 0.349701 0.187079 0.031557 -0.218330 0.839403 -0.497729 -0.038571 -0.331091 0.416067 0.846917 -0.001461 0.000000 0.000000 0.000000 1.000000
0.976007 0.102495 0.192107 0.031557 -0.060234 0.974944 -0.214142 -0.038571 -0.209242 0.197433 0.957726 -0.001460 0.000000 0.000000 0.000000 1.000000
0.950736 -0.293250 0.100521 0.031558 0.284275 0.954064 0.094598 -0.038571 -0.123644 -0.061362 0.990427 -0.001458 0.000000 0.000000 0.000000 1.000000
0.927117 -0.365754 0.081719 0.031557 0.353584 0.925932 0.132775 -0.038571 -0.124229 -0.094203 0.987772 -0.001459 0.000000 0.000000 0.000000 1.000000
0.987399 -0.105463 0.117984 0.031558 0.109443 0.993606 -0.027758 -0.038571 -0.114302 0.040320 0.992627 -0.001459 0.000000 0.000000 0.000000 1.000000
0.985067 0.154841 0.075284 0.031558 -0.133652 0.963349 -0.232585 -0.038570 -0.108538 0.219050 0.969658 -0.001459 0.000000 0.000000 0.000000 1.000000
0.966254 0.257325 -0.011658 0.031558 -0.243807 0.899016 -0.363769 -0.038570 -0.083126 0.354336 0.931416 -0.001460 0.000000 0.000000 0.000000 1.000000
0.968631 0.234376 -0.082594 0.031558 -0.247009 0.871679 -0.423276 -0.038570 -0.027210 0.430400 0.902229 -0.001461 0.000000 0.000000 0.000000 1.000000
0.983285 0.134573 -0.122641 0.031558 -0.172855 0.901576 -0.396589 -0.038570 0.057200 0.411159 0.909767 -0.001462 0.000000 0.000000 0.000000 1.000000
0.988656 0.016511 -0.149287 0.031558 -0.058693 0.957379 -0.282809 -0.038570 0.138255 0.288363 0.947487 -0.001462 0.000000 0.000000 0.000000 1.000000
1.000000 0.000000 0.000000 0.031558 0.000000 1.000000 0.000000 -0.038570 0.000000 0.000000 1.000000 -0.001461 0.000000 0.000000 0.000000 1.000000</float_array><technique_common><accessor source="#LeftLeg-Matrix-animation-output-transform-array" count="25" stride="16"><param type="float4x4"/></accessor></technique_common></source><source id="LeftLeg-Interpolations"><Name_array id="LeftLeg-Interpolations-array" count="25">
 LINEAR LINEAR LINEAR LINEAR LINEAR LINEAR LINEAR LINEAR LINEAR LINEAR LINEAR
LINEAR LINEAR LINEAR LINEAR LINEAR LINEAR LINEAR LINEAR LINEAR LINEAR LINEAR LINEAR
LINEAR LINEAR</Name_array><technique_common><accessor source="#LeftLeg-Interpolations-array" count="25"><param type="name"/></accessor></technique_common></source><sampler id="LeftLeg-Matrix-animation-transform"><input semantic="INPUT" source="#LeftLeg-Matrix-animation-input"/><input semantic="OUTPUT" source="#LeftLeg-Matrix-animation-output-transform"/><input semantic="INTERPOLATION" source="#LeftLeg-Interpolations"/></sampler><channel source="#LeftLeg-Matrix-animation-transform" target="LeftLeg/matrix"/></animation></animation>
    <animation id="LeftFootEnd-anim" name="LeftFootEnd"><animation><source id="LeftFootEnd-Matrix-animation-input"><float_array id="LeftFootEnd-Matrix-animation-input-array" count="25">

0.066667 0.100000 0.133333 0.166667 0.200000 0.233333 0.266667 0.300000 0.333333 0.366667 0.400000 0.433333 0.466667 0.500000 0.533333 0.566667
0.600000 0.633333 0.666667 0.700000 0.733333 0.766667 0.800000 0.833333 0.866667</float_array><technique_common><accessor source="#LeftFootEnd-Matrix-animation-input-array" count="25"><param name="TIME" type="float"/></accessor></technique_common></source><source id="LeftFootEnd-Matrix-animation-output-transform"><float_array id="LeftFootEnd-Matrix-animation-output-transform-array" count="400">

0.971875 -0.092903 -0.216397 0.009295 0.205664 0.782473 0.587740 -0.034980 0.114722 -0.615715 0.779573 -0.001325 0.000000 0.000000 0.000000 1.000000
0.975331 -0.088793 -0.202106 0.009295 0.189939 0.804095 0.563343 -0.034980 0.112491 -0.587834 0.801123 -0.001325 0.000000 0.000000 0.000000 1.000000
0.983867 -0.071335 -0.164062 0.009295 0.144835 0.855920 0.496410 -0.034980 0.105012 -0.512164 0.852444 -0.001325 0.000000 0.000000 0.000000 1.000000
0.993509 -0.028061 -0.110239 0.009296 0.069716 0.915972 0.395140 -0.034980 0.089888 -0.400260 0.911982 -0.001325 0.000000 0.000000 0.000000 1.000000
0.996714 -0.016172 -0.079362 0.009296 0.040864 0.946414 0.320360 -0.034980 0.069929 -0.322551 0.943965 -0.001325 0.000000 0.000000 0.000000 1.000000
0.998824 0.006662 -0.048027 0.009296 0.005148 0.970350 0.241649 -0.034980 0.048213 -0.241612 0.969174 -0.001325 0.000000 0.000000 0.000000 1.000000
0.995836 -0.073437 -0.054024 0.009296 0.083908 0.970009 0.228127 -0.034980 0.035651 -0.231710 0.972131 -0.001325 0.000000 0.000000 0.000000 1.000000
0.977901 -0.193270 -0.079728 0.009296 0.207212 0.946681 0.246696 -0.034980 0.027798 -0.257765 0.965808 -0.001325 0.000000 0.000000 0.000000 1.000000
0.957222 -0.270784 -0.101992 0.009296 0.288479 0.920476 0.263635 -0.034980 0.022493 -0.281780 0.959215 -0.001325 0.000000 0.000000 0.000000 1.000000
0.949917 -0.291938 -0.111486 0.009297 0.311698 0.910689 0.271090 -0.034979 0.022388 -0.292263 0.956076 -0.001326 0.000000 0.000000 0.000000 1.000000
0.958779 -0.265511 -0.101228 0.009296 0.282948 0.924853 0.254139 -0.034980 0.026145 -0.272306 0.961855 -0.001325 0.000000 0.000000 0.000000 1.000000
0.972877 -0.220281 -0.070619 0.009296 0.229943 0.954207 0.191351 -0.034980 0.025235 -0.202399 0.978978 -0.001325 0.000000 0.000000 0.000000 1.000000
0.983573 -0.178136 -0.029182 0.009296 0.180007 0.979991 0.084946 -0.034980 0.013467 -0.088803 0.995958 -0.001325 0.000000 0.000000 0.000000 1.000000
0.989981 -0.140441 0.014624 0.009297 0.140971 0.988958 -0.045705 -0.034979 -0.008044 0.047308 0.998848 -0.001325 0.000000 0.000000 0.000000 1.000000
0.994800 -0.086477 0.053801 0.009296 0.094764 0.979483 -0.177857 -0.034980 -0.037316 0.182031 0.982584 -0.001325 0.000000 0.000000 0.000000 1.000000
0.996547 0.015008 0.081670 0.009296 0.010943 0.951215 -0.308335 -0.034980 -0.082313 0.308164 0.947766 -0.001326 0.000000 0.000000 0.000000 1.000000
0.976920 0.198134 0.079813 0.009296 -0.148253 0.897923 -0.414432 -0.034980 -0.153779 0.393035 0.906573 -0.001325 0.000000 0.000000 0.000000 1.000000
0.977161 0.199668 0.072735 0.009296 -0.164260 0.926851 -0.337589 -0.034980 -0.134820 0.317931 0.938480 -0.001325 0.000000 0.000000 0.000000 1.000000
0.998723 0.013429 0.048698 0.009295 -0.007525 0.992812 -0.119448 -0.034980 -0.049952 0.118929 0.991646 -0.001325 0.000000 0.000000 0.000000 1.000000
0.986591 -0.160776 -0.028069 0.009296 0.163023 0.978972 0.122627 -0.034980 0.007763 -0.125559 0.992056 -0.001326 0.000000 0.000000 0.000000 1.000000
0.962515 -0.241842 -0.122793 0.009296 0.269154 0.907563 0.322313 -0.034980 0.033493 -0.343281 0.938636 -0.001325 0.000000 0.000000 0.000000 1.000000
0.948607 -0.243441 -0.202191 0.009296 0.312279 0.823570 0.473512 -0.034980 0.051247 -0.512317 0.857266 -0.001325 0.000000 0.000000 0.000000 1.000000
0.951435 -0.193498 -0.239435 0.009296 0.298603 0.769246 0.564887 -0.034980 0.074880 -0.608949 0.789667 -0.001325 0.000000 0.000000 0.000000 1.000000
0.963912 -0.129067 -0.232841 0.009295 0.246028 0.765998 0.593900 -0.034980 0.101702 -0.629753 0.770109 -0.001325 0.000000 0.000000 0.000000 1.000000
1.000000 0.000000 0.000000 0.009296 0.000000 1.000000 0.000000 -0.034980 0.000000 0.000000 1.000000 -0.001325 0.000000 0.000000 0.000000 1.000000</float_array><technique_common><accessor source="#LeftFootEnd-Matrix-animation-output-transform-array" count="25" stride="16"><param type="float4x4"/></accessor></technique_common></source><source id="LeftFootEnd-Interpolations"><Name_array id="LeftFootEnd-Interpolations-array" count="25">
 LINEAR LINEAR LINEAR LINEAR LINEAR LINEAR LINEAR LINEAR LINEAR LINEAR LINEAR
LINEAR LINEAR LINEAR LINEAR LINEAR LINEAR LINEAR LINEAR LINEAR LINEAR LINEAR LINEAR
LINEAR LINEAR</Name_array><technique_common><accessor source="#LeftFootEnd-Interpolations-array" count="25"><param type="name"/></accessor></technique_common></source><sampler id="LeftFootEnd-Matrix-animation-transform"><input semantic="INPUT" source="#LeftFootEnd-Matrix-animation-input"/><input semantic="OUTPUT" source="#LeftFootEnd-Matrix-animation-output-transform"/><input semantic="INTERPOLATION" source="#LeftFootEnd-Interpolations"/></sampler><channel source="#LeftFootEnd-Matrix-animation-transform" target="LeftFootEnd/matrix"/></animation></animation>
    <animation id="RightUpLeg-anim" name="RightUpLeg"><animation><source id="RightUpLeg-Matrix-animation-input"><float_array id="RightUpLeg-Matrix-animation-input-array" count="25">

0.066667 0.100000 0.133333 0.166667 0.200000 0.233333 0.266667 0.300000 0.333333 0.366667 0.400000 0.433333 0.466667 0.500000 0.533333 0.566667
0.600000 0.633333 0.666667 0.700000 0.733333 0.766667 0.800000 0.833333 0.866667</float_array><technique_common><accessor source="#RightUpLeg-Matrix-animation-input-array" count="25"><param name="TIME" type="float"/></accessor></technique_common></source><source id="RightUpLeg-Matrix-animation-output-transform"><float_array id="RightUpLeg-Matrix-animation-output-transform-array" count="400">

0.982541 -0.085702 -0.165129 -0.053383 0.027966 0.945531 -0.324329 -0.005413 0.183931 0.314049 0.931420 0.000000 0.000000 0.000000 0.000000 1.000000
0.982714 -0.096067 -0.158254 -0.053383 0.038463 0.942121 -0.333058 -0.005413 0.181091 0.321214 0.929531 0.000000 0.000000 0.000000 0.000000 1.000000
0.982237 -0.125469 -0.139531 -0.053383 0.067741 0.930534 -0.359887 -0.005413 0.174993 0.344042 0.922504 0.000000 0.000000 0.000000 0.000000 1.000000
0.975659 -0.189905 -0.109664 -0.053383 0.124152 0.890552 -0.437610 -0.005413 0.180766 0.413343 0.892452 0.000000 0.000000 0.000000 0.000000 1.000000
0.978943 -0.190837 -0.072467 -0.053383 0.148470 0.909265 -0.388836 -0.005413 0.140096 0.369889 0.918453 0.000000 0.000000 0.000000 0.000000 1.000000
0.982286 -0.183036 -0.040155 -0.053383 0.159747 0.929953 -0.331162 -0.005413 0.097957 0.318881 0.942719 0.000000 0.000000 0.000000 0.000000 1.000000
0.986247 -0.164639 -0.014549 -0.053383 0.154920 0.951513 -0.265748 -0.005413 0.057596 0.259839 0.963933 0.000000 0.000000 0.000000 0.000000 1.000000
0.990436 -0.118487 0.070692 -0.053383 0.119537 0.992771 -0.010793 -0.005413 -0.068902 0.019140 0.997440 0.000000 0.000000 0.000000 0.000000 1.000000
0.975226 -0.137710 0.173119 -0.053383 0.100226 0.972729 0.209172 -0.005413 -0.197203 -0.186639 0.962433 0.000000 0.000000 0.000000 0.000000 1.000000
0.947367 -0.188626 0.258683 -0.053383 0.079017 0.920769 0.382022 -0.005413 -0.310246 -0.341474 0.887211 0.000000 0.000000 0.000000 0.000000 1.000000
0.915110 -0.244435 0.320662 -0.053383 0.047347 0.854930 0.516579 -0.005413 -0.400414 -0.457544 0.793928 0.000000 0.000000 0.000000 0.000000 1.000000
0.886784 -0.288410 0.361155 -0.053383 0.003869 0.786016 0.618193 -0.005413 -0.462167 -0.546807 0.698143 0.000000 0.000000 0.000000 0.000000 1.000000
0.867805 -0.314541 0.384680 -0.053383 -0.040710 0.726544 0.685913 -0.005413 -0.495235 -0.610899 0.617693 0.000000 0.000000 0.000000 0.000000 1.000000
0.862984 -0.317079 0.393344 -0.053383 -0.069601 0.696508 0.714165 -0.005413 -0.500415 -0.643690 0.579006 0.000000 0.000000 0.000000 0.000000 1.000000
0.873157 -0.294398 0.388493 -0.053383 -0.075192 0.706118 0.704091 -0.005413 -0.481604 -0.643994 0.594415 0.000000 0.000000 0.000000 0.000000 1.000000
0.895551 -0.250221 0.367939 -0.053383 -0.058388 0.753669 0.654656 -0.005413 -0.441112 -0.607760 0.660339 0.000000 0.000000 0.000000 0.000000 1.000000
0.926398 -0.190539 0.324780 -0.053383 -0.023873 0.831069 0.555656 -0.005413 -0.375789 -0.522512 0.765352 0.000000 0.000000 0.000000 0.000000 1.000000
0.965979 -0.117657 0.230310 -0.053383 0.031806 0.937809 0.345693 -0.005413 -0.256660 -0.326607 0.909645 0.000000 0.000000 0.000000 0.000000 1.000000
0.968344 -0.122078 0.217729 -0.053383 0.051859 0.951606 0.302913 -0.005413 -0.244172 -0.282033 0.927813 0.000000 0.000000 0.000000 0.000000 1.000000
0.949287 -0.170152 0.264391 -0.053383 0.057510 0.920690 0.386033 -0.005413 -0.309107 -0.351251 0.883784 0.000000 0.000000 0.000000 0.000000 1.000000
0.955340 -0.174328 0.238610 -0.053383 0.091206 0.941979 0.323042 -0.005413 -0.281082 -0.286852 0.915810 0.000000 0.000000 0.000000 0.000000 1.000000
0.982778 -0.118743 0.141591 -0.053383 0.094821 0.981701 0.165142 -0.005413 -0.158609 -0.148872 0.976053 0.000000 0.000000 0.000000 0.000000 1.000000
0.997872 -0.065205 0.000254 -0.053383 0.065164 0.997089 -0.039587 -0.005413 0.002328 0.039519 0.999216 0.000000 0.000000 0.000000 0.000000 1.000000
0.990703 -0.066933 -0.118441 -0.053383 0.037996 0.972087 -0.231525 -0.005413 0.130631 0.224872 0.965592 0.000000 0.000000 0.000000 0.000000 1.000000
1.000000 0.000000 0.000000 -0.053383 0.000000 1.000000 0.000000 -0.005413 0.000000 0.000000 1.000000 0.000000 0.000000 0.000000 0.000000 1.000000</float_array><technique_common><accessor source="#RightUpLeg-Matrix-animation-output-transform-array" count="25" stride="16"><param type="float4x4"/></accessor></technique_common></source><source id="RightUpLeg-Interpolations"><Name_array id="RightUpLeg-Interpolations-array" count="25">
 LINEAR LINEAR LINEAR LINEAR LINEAR LINEAR LINEAR LINEAR LINEAR LINEAR LINEAR
LINEAR LINEAR LINEAR LINEAR LINEAR LINEAR LINEAR LINEAR LINEAR LINEAR LINEAR LINEAR
LINEAR LINEAR</Name_array><technique_common><accessor source="#RightUpLeg-Interpolations-array" count="25"><param type="name"/></accessor></technique_common></source><sampler id="RightUpLeg-Matrix-animation-transform"><input semantic="INPUT" source="#RightUpLeg-Matrix-animation-input"/><input semantic="OUTPUT" source="#RightUpLeg-Matrix-animation-output-transform"/><input semantic="INTERPOLATION" source="#RightUpLeg-Interpolations"/></sampler><channel source="#RightUpLeg-Matrix-animation-transform" target="RightUpLeg/matrix"/></animation></animation>
    <animation id="RightLeg-anim" name="RightLeg"><animation><source id="RightLeg-Matrix-animation-input"><float_array id="RightLeg-Matrix-animation-input-array" count="25">

0.066667 0.100000 0.133333 0.166667 0.200000 0.233333 0.266667 0.300000 0.333333 0.366667 0.400000 0.433333 0.466667 0.500000 0.533333 0.566667
0.600000 0.633333 0.666667 0.700000 0.733333 0.766667 0.800000 0.833333 0.866667</float_array><technique_common><accessor source="#RightLeg-Matrix-animation-input-array" count="25"><param name="TIME" type="float"/></accessor></technique_common></source><source id="RightLeg-Matrix-animation-output-transform"><float_array id="RightLeg-Matrix-animation-output-transform-array" count="400">

0.974829 0.182511 -0.128054 -0.031558 -0.220597 0.872851 -0.435279 -0.038571 0.032329 0.452571 0.891142 -0.001462 0.000000 0.000000 0.000000 1.000000
0.973328 0.194044 -0.122390 -0.031558 -0.227006 0.891753 -0.391465 -0.038571 0.033181 0.408808 0.912017 -0.001462 0.000000 0.000000 0.000000 1.000000
0.967393 0.231413 -0.102953 -0.031557 -0.250841 0.931639 -0.262921 -0.038571 0.035071 0.280172 0.959309 -0.001462 0.000000 0.000000 0.000000 1.000000
0.943095 0.330462 -0.036979 -0.031557 -0.329878 0.943788 0.021091 -0.038571 0.041871 -0.007692 0.999094 -0.001462 0.000000 0.000000 0.000000 1.000000
0.948566 0.313079 -0.046940 -0.031557 -0.311926 0.949622 0.030349 -0.038571 0.054077 -0.014146 0.998437 -0.001462 0.000000 0.000000 0.000000 1.000000
0.956036 0.288271 -0.053804 -0.031557 -0.286814 0.957409 0.033243 -0.038571 0.061095 -0.016350 0.997998 -0.001462 0.000000 0.000000 0.000000 1.000000
0.964049 0.259240 -0.058339 -0.031557 -0.258105 0.965757 0.026350 -0.038571 0.063172 -0.010345 0.997949 -0.001462 0.000000 0.000000 0.000000 1.000000
0.961528 0.130249 -0.241865 -0.031557 -0.220411 0.891289 -0.396262 -0.038571 0.163959 0.434327 0.885707 -0.001460 0.000000 0.000000 0.000000 1.000000
0.914368 0.055811 -0.401019 -0.031557 -0.335607 0.658537 -0.673570 -0.038571 0.226493 0.750476 0.620876 -0.001459 0.000000 0.000000 0.000000 1.000000
0.854403 0.021862 -0.519150 -0.031557 -0.484756 0.393294 -0.781237 -0.038571 0.187099 0.919152 0.346630 -0.001458 0.000000 0.000000 0.000000 1.000000
0.804104 0.013113 -0.594345 -0.031557 -0.588178 0.162838 -0.792168 -0.038571 0.086394 0.986566 0.138652 -0.001459 0.000000 0.000000 0.000000 1.000000
0.779217 0.020078 -0.626432 -0.031557 -0.626720 0.014544 -0.779109 -0.038571 -0.006532 0.999693 0.023916 -0.001460 0.000000 0.000000 0.000000 1.000000
0.779950 0.039938 -0.624565 -0.031556 -0.624388 -0.018319 -0.780900 -0.038572 -0.042629 0.999034 0.010649 -0.001459 0.000000 0.000000 0.000000 1.000000
0.798710 0.070942 -0.597520 -0.031550 -0.601670 0.081810 -0.794544 -0.038577 -0.007483 0.994120 0.108026 -0.001455 0.000000 0.000000 0.000000 1.000000
0.829016 0.108459 -0.548607 -0.031558 -0.554695 0.284093 -0.782051 -0.038570 0.071035 0.952642 0.295679 -0.001462 0.000000 0.000000 0.000000 1.000000
0.869094 0.150983 -0.471042 -0.031558 -0.470885 0.544140 -0.694391 -0.038571 0.151472 0.825297 0.544004 -0.001461 0.000000 0.000000 0.000000 1.000000
0.918398 0.193071 -0.345354 -0.031557 -0.348001 0.809489 -0.472888 -0.038571 0.188259 0.554483 0.810622 -0.001460 0.000000 0.000000 0.000000 1.000000
0.972748 0.210757 -0.096653 -0.031557 -0.206826 0.977142 0.049147 -0.038571 0.104802 -0.027817 0.994104 -0.001458 0.000000 0.000000 0.000000 1.000000
0.972133 0.209082 -0.106032 -0.031557 -0.206851 0.977857 0.031745 -0.038571 0.110322 -0.008928 0.993856 -0.001458 0.000000 0.000000 0.000000 1.000000
0.925983 0.172699 -0.335755 -0.031557 -0.315142 0.843283 -0.435384 -0.038571 0.207946 0.508969 0.835290 -0.001458 0.000000 0.000000 0.000000 1.000000
0.898051 0.103777 -0.427475 -0.031557 -0.377334 0.681228 -0.627334 -0.038571 0.226105 0.724679 0.650936 -0.001458 0.000000 0.000000 0.000000 1.000000
0.922457 0.033246 -0.384665 -0.031557 -0.316015 0.637412 -0.702738 -0.038571 0.221827 0.769806 0.598491 -0.001459 0.000000 0.000000 0.000000 1.000000
0.962199 0.038564 -0.269602 -0.031557 -0.217561 0.704323 -0.675720 -0.038571 0.163829 0.708832 0.686089 -0.001460 0.000000 0.000000 0.000000 1.000000
0.977022 0.124139 -0.173257 -0.031558 -0.199865 0.815997 -0.542405 -0.038571 0.074043 0.564570 0.822058 -0.001462 0.000000 0.000000 0.000000 1.000000
1.000000 0.000000 0.000000 -0.031558 0.000000 1.000000 0.000000 -0.038570 0.000000 0.000000 1.000000 -0.001461 0.000000 0.000000 0.000000 1.000000</float_array><technique_common><accessor source="#RightLeg-Matrix-animation-output-transform-array" count="25" stride="16"><param type="float4x4"/></accessor></technique_common></source><source id="RightLeg-Interpolations"><Name_array id="RightLeg-Interpolations-array" count="25">
 LINEAR LINEAR LINEAR LINEAR LINEAR LINEAR LINEAR LINEAR LINEAR LINEAR LINEAR
LINEAR LINEAR LINEAR LINEAR LINEAR LINEAR LINEAR LINEAR LINEAR LINEAR LINEAR LINEAR
LINEAR LINEAR</Name_array><technique_common><accessor source="#RightLeg-Interpolations-array" count="25"><param type="name"/></accessor></technique_common></source><sampler id="RightLeg-Matrix-animation-transform"><input semantic="INPUT" source="#RightLeg-Matrix-animation-input"/><input semantic="OUTPUT" source="#RightLeg-Matrix-animation-output-transform"/><input semantic="INTERPOLATION" source="#RightLeg-Interpolations"/></sampler><channel source="#RightLeg-Matrix-animation-transform" target="RightLeg/matrix"/></animation></animation>
    <animation id="RightFootEnd-anim" name="RightFootEnd"><animation><source id="RightFootEnd-Matrix-animation-input"><float_array id="RightFootEnd-Matrix-animation-input-array" count="25">

0.066667 0.100000 0.133333 0.166667 0.200000 0.233333 0.266667 0.300000 0.333333 0.366667 0.400000 0.433333 0.466667 0.500000 0.533333 0.566667
0.600000 0.633333 0.666667 0.700000 0.733333 0.766667 0.800000 0.833333 0.866667</float_array><technique_common><accessor source="#RightFootEnd-Matrix-animation-input-array" count="25"><param name="TIME" type="float"/></accessor></technique_common></source><source id="RightFootEnd-Matrix-animation-output-transform"><float_array id="RightFootEnd-Matrix-animation-output-transform-array" count="400">

0.971377 -0.192641 0.138982 -0.009296 0.029787 0.679247 0.733305 -0.034980 -0.235668 -0.708176 0.665543 -0.001325 0.000000 0.000000 0.000000 1.000000
0.973060 -0.188274 0.133070 -0.009296 0.040327 0.707270 0.705792 -0.034980 -0.226999 -0.681412 0.695808 -0.001325 0.000000 0.000000 0.000000 1.000000
0.976787 -0.181168 0.114298 -0.009296 0.071318 0.778183 0.623975 -0.034980 -0.201989 -0.601339 0.773040 -0.001325 0.000000 0.000000 0.000000 1.000000
0.978192 -0.195401 0.070420 -0.009296 0.144033 0.882436 0.447840 -0.034980 -0.149649 -0.427931 0.891336 -0.001326 0.000000 0.000000 0.000000 1.000000
0.984200 -0.164162 0.066334 -0.009296 0.126290 0.913459 0.386837 -0.034980 -0.124097 -0.372348 0.919759 -0.001326 0.000000 0.000000 0.000000 1.000000
0.989144 -0.134515 0.059148 -0.009296 0.108581 0.940290 0.322589 -0.034979 -0.099009 -0.312665 0.944689 -0.001326 0.000000 0.000000 0.000000 1.000000
0.992366 -0.113238 0.048868 -0.009296 0.096825 0.960738 0.260017 -0.034980 -0.076393 -0.253300 0.964367 -0.001326 0.000000 0.000000 0.000000 1.000000
0.990038 -0.106001 0.092669 -0.009296 0.054101 0.894051 0.444685 -0.034980 -0.129988 -0.435241 0.890880 -0.001325 0.000000 0.000000 0.000000 1.000000
0.977142 -0.187762 0.099694 -0.009295 0.093664 0.801228 0.590983 -0.034980 -0.190842 -0.568137 0.800500 -0.001326 0.000000 0.000000 0.000000 1.000000
0.949270 -0.307541 0.065612 -0.009295 0.184296 0.713151 0.676351 -0.034980 -0.254797 -0.629948 0.733652 -0.001326 0.000000 0.000000 0.000000 1.000000
0.907318 -0.420184 0.014804 -0.009296 0.288551 0.647916 0.704941 -0.034980 -0.305797 -0.635334 0.709111 -0.001326 0.000000 0.000000 0.000000 1.000000
0.869391 -0.493598 -0.022841 -0.009296 0.374655 0.628345 0.681775 -0.034980 -0.322170 -0.601286 0.731206 -0.001326 0.000000 0.000000 0.000000 1.000000
0.856842 -0.514598 -0.031797 -0.009296 0.424730 0.669553 0.609347 -0.034980 -0.292279 -0.535619 0.792266 -0.001326 0.000000 0.000000 0.000000 1.000000
0.877107 -0.479990 -0.017133 -0.009296 0.426313 0.761600 0.488081 -0.034980 -0.221225 -0.435403 0.872631 -0.001326 0.000000 0.000000 0.000000 1.000000
0.914758 -0.404001 -0.000013 -0.009295 0.381160 0.863031 0.331503 -0.034980 -0.133917 -0.303250 0.943454 -0.001326 0.000000 0.000000 0.000000 1.000000
0.951874 -0.306476 0.002769 -0.009295 0.302717 0.941537 0.147885 -0.034980 -0.047931 -0.139930 0.989001 -0.001326 0.000000 0.000000 0.000000 1.000000
0.978251 -0.206529 -0.019217 -0.009296 0.204708 0.976238 -0.071089 -0.034980 0.033442 0.065609 0.997285 -0.001326 0.000000 0.000000 0.000000 1.000000
0.988125 -0.126796 -0.086782 -0.009296 0.082213 0.913460 -0.398537 -0.034980 0.129805 0.386670 0.913037 -0.001326 0.000000 0.000000 0.000000 1.000000
0.990631 -0.112984 -0.076708 -0.009296 0.081145 0.938785 -0.334811 -0.034980 0.109841 0.325450 0.939158 -0.001326 0.000000 0.000000 0.000000 1.000000
0.987624 -0.156631 0.008060 -0.009296 0.155022 0.982693 0.101400 -0.034980 -0.023803 -0.098896 0.994813 -0.001326 0.000000 0.000000 0.000000 1.000000
0.977675 -0.200640 0.062409 -0.009295 0.153302 0.884231 0.441174 -0.034980 -0.143701 -0.421758 0.895249 -0.001326 0.000000 0.000000 0.000000 1.000000
0.975503 -0.186557 0.116573 -0.009295 0.065983 0.753655 0.653950 -0.034980 -0.209855 -0.630238 0.747503 -0.001326 0.000000 0.000000 0.000000 1.000000
0.974379 -0.161467 0.156568 -0.009295 -0.007263 0.673178 0.739444 -0.034980 -0.224794 -0.721636 0.654758 -0.001326 0.000000 0.000000 0.000000 1.000000
0.972546 -0.175177 0.153191 -0.009296 0.001501 0.662996 0.748622 -0.034980 -0.232706 -0.727839 0.645057 -0.001326 0.000000 0.000000 0.000000 1.000000
1.000000 0.000000 0.000000 -0.009296 0.000000 1.000000 0.000000 -0.034980 0.000000 0.000000 1.000000 -0.001325 0.000000 0.000000 0.000000 1.000000</float_array><technique_common><accessor source="#RightFootEnd-Matrix-animation-output-transform-array" count="25" stride="16"><param type="float4x4"/></accessor></technique_common></source><source id="RightFootEnd-Interpolations"><Name_array id="RightFootEnd-Interpolations-array" count="25">
 LINEAR LINEAR LINEAR LINEAR LINEAR LINEAR LINEAR LINEAR LINEAR LINEAR LINEAR
LINEAR LINEAR LINEAR LINEAR LINEAR LINEAR LINEAR LINEAR LINEAR LINEAR LINEAR LINEAR
LINEAR LINEAR</Name_array><technique_common><accessor source="#RightFootEnd-Interpolations-array" count="25"><param type="name"/></accessor></technique_common></source><sampler id="RightFootEnd-Matrix-animation-transform"><input semantic="INPUT" source="#RightFootEnd-Matrix-animation-input"/><input semantic="OUTPUT" source="#RightFootEnd-Matrix-animation-output-transform"/><input semantic="INTERPOLATION" source="#RightFootEnd-Interpolations"/></sampler><channel source="#RightFootEnd-Matrix-animation-transform" target="RightFootEnd/matrix"/></animation></animation>
    <animation id="Spine-anim" name="Spine"><animation><source id="Spine-Matrix-animation-input"><float_array id="Spine-Matrix-animation-input-array" count="25">

0.066667 0.100000 0.133333 0.166667 0.200000 0.233333 0.266667 0.300000 0.333333 0.366667 0.400000 0.433333 0.466667 0.500000 0.533333 0.566667
0.600000 0.633333 0.666667 0.700000 0.733333 0.766667 0.800000 0.833333 0.866667</float_array><technique_common><accessor source="#Spine-Matrix-animation-input-array" count="25"><param name="TIME" type="float"/></accessor></technique_common></source><source id="Spine-Matrix-animation-output-transform"><float_array id="Spine-Matrix-animation-output-transform-array" count="400">

1.000000 0.000333 0.000000 -0.000543 -0.000333 1.000000 0.000000 0.000685 0.000000 0.000000 1.000000 0.005979 0.000000 0.000000 0.000000 1.000000
1.000000 0.000289 0.000000 -0.000543 -0.000289 1.000000 0.000049 0.000685 0.000000 -0.000049 1.000000 0.005979 0.000000 0.000000 0.000000 1.000000
1.000000 0.000170 0.000000 -0.000543 -0.000170 1.000000 0.000182 0.000685 0.000000 -0.000182 1.000000 0.005979 0.000000 0.000000 0.000000 1.000000
1.000000 -0.000005 -0.000000 -0.000543 0.000005 1.000000 0.000378 0.000685 0.000000 -0.000378 1.000000 0.005979 0.000000 0.000000 0.000000 1.000000
1.000000 -0.000217 -0.000000 -0.000543 0.000217 0.999999 0.000616 0.000685 0.000000 -0.000616 1.000000 0.005979 0.000000 0.000000 0.000000 1.000000
