<?xml version="1.0" encoding="utf-8"?>
<COLLADA xmlns="http://www.collada.org/2005/11/COLLADASchema" version="1.4.1">
  <asset><contributor><author></author><authoring_tool>FBX COLLADA exporter</authoring_tool><comments></comments></contributor><created>2012-05-29T14:55:20Z</created><keywords></keywords><modified>2012-05-29T14:55:20Z</modified><revision></revision><subject></subject><title></title><unit meter="0.010000" name="centimeter"></unit><up_axis>Y_UP</up_axis></asset>
  <library_animations>
    <animation id="Root-anim" name="Root"><animation><source id="Root-Matrix-animation-input"><float_array id="Root-Matrix-animation-input-array" count="32">

0.066667 0.100000 0.133333 0.166667 0.200000 0.233333 0.266667 0.300000 0.333333 0.366667 0.400000 0.433333 0.466667 0.500000 0.533333 0.566667
0.600000 0.633333 0.666667 0.700000 0.733333 0.766667 0.800000 0.833333 0.866667 0.900000 0.933333 0.966667 1.000000 1.033333 1.066667 1.100000</float_array><technique_common><accessor source="#Root-Matrix-animation-input-array" count="32"><param name="TIME" type="float"/></accessor></technique_common></source><source id="Root-Matrix-animation-output-transform"><float_array id="Root-Matrix-animation-output-transform-array" count="512">

1.000000 0.000000 0.000000 0.000000 0.000000 1.000000 0.000000 0.086325 0.000000 0.000000 1.000000 -0.070702 0.000000 0.000000 0.000000 1.000000
0.999998 -0.001958 -0.000657 -0.000013 0.001968 0.999873 0.015799 0.083419 0.000626 -0.015801 0.999875 -0.070788 0.000000 0.000000 0.000000 1.000000
0.999973 -0.006888 -0.002550 -0.000046 0.007021 0.998399 0.056136 0.076484 0.002159 -0.056152 0.998420 -0.071006 0.000000 0.000000 0.000000 1.000000
0.999895 -0.013344 -0.005576 -0.000090 0.013878 0.993800 0.110315 0.068192 0.004070 -0.110380 0.993881 -0.071300 0.000000 0.000000 0.000000 1.000000
0.999757 -0.019938 -0.009382 -0.000134 0.021229 0.985630 0.167580 0.061220 0.005906 -0.167739 0.985814 -0.071610 0.000000 0.000000 0.000000 1.000000
0.999588 -0.025465 -0.013210 -0.000172 0.027729 0.975687 0.217404 0.058262 0.007353 -0.217681 0.975992 -0.071880 0.000000 0.000000 0.000000 1.000000
0.999375 -0.030710 -0.017482 -0.000209 0.034262 0.963192 0.266621 0.061099 0.008651 -0.267053 0.963643 -0.071562 0.000000 0.000000 0.000000 1.000000
0.999078 -0.036323 -0.022875 -0.000248 0.041756 0.945913 0.321721 0.067932 0.009952 -0.322379 0.946558 -0.070323 0.000000 0.000000 0.000000 1.000000
0.998745 -0.041239 -0.028436 -0.000283 0.048871 0.926768 0.372441 0.076097 0.010994 -0.373363 0.927620 -0.068432 0.000000 0.000000 0.000000 1.000000
0.998461 -0.044667 -0.032857 -0.000308 0.054214 0.910776 0.409326 0.082937 0.011642 -0.410478 0.911796 -0.066163 0.000000 0.000000 0.000000 1.000000
0.998340 -0.046011 -0.034653 -0.000318 0.056371 0.904108 0.423570 0.085806 0.011842 -0.424820 0.905200 -0.063794 0.000000 0.000000 0.000000 1.000000
0.998336 -0.046105 -0.034650 -0.000318 0.056454 0.904133 0.423505 0.085727 0.011802 -0.424757 0.905231 -0.061109 0.000000 0.000000 0.000000 1.000000
0.998332 -0.046187 -0.034628 -0.000319 0.056513 0.904331 0.423074 0.085519 0.011775 -0.424326 0.905433 -0.057887 0.000000 0.000000 0.000000 1.000000
0.998330 -0.046271 -0.034569 -0.000319 0.056549 0.904873 0.421908 0.085227 0.011758 -0.423159 0.905979 -0.054402 0.000000 0.000000 0.000000 1.000000
0.998330 -0.046371 -0.034453 -0.000320 0.056560 0.905928 0.419637 0.084894 0.011753 -0.420885 0.907038 -0.050927 0.000000 0.000000 0.000000 1.000000
0.998330 -0.046499 -0.034261 -0.000321 0.056548 0.907656 0.415889 0.084565 0.011759 -0.417132 0.908770 -0.047735 0.000000 0.000000 0.000000 1.000000
0.998332 -0.046670 -0.033975 -0.000322 0.056512 0.910205 0.410284 0.084284 0.011776 -0.411520 0.911325 -0.045098 0.000000 0.000000 0.000000 1.000000
0.998336 -0.046895 -0.033573 -0.000323 0.056453 0.913706 0.402436 0.084094 0.011804 -0.403662 0.914832 -0.043290 0.000000 0.000000 0.000000 1.000000
0.998340 -0.047186 -0.033036 -0.000324 0.056371 0.918259 0.391947 0.084039 0.011842 -0.393159 0.919394 -0.042584 0.000000 0.000000 0.000000 1.000000
0.998430 -0.047093 -0.030328 -0.000325 0.054738 0.935213 0.349829 0.084178 0.011889 -0.350940 0.936322 -0.043125 0.000000 0.000000 0.000000 1.000000
0.998648 -0.045797 -0.024604 -0.000320 0.050638 0.964031 0.260920 0.084458 0.011770 -0.261814 0.965047 -0.044673 0.000000 0.000000 0.000000 1.000000
0.998923 -0.042867 -0.017754 -0.000307 0.045016 0.988108 0.147028 0.084763 0.011240 -0.147669 0.988973 -0.046926 0.000000 0.000000 0.000000 1.000000
0.999195 -0.038441 -0.011511 -0.000286 0.038805 0.998693 0.033251 0.085021 0.010218 -0.033671 0.999381 -0.049600 0.000000 0.000000 0.000000 1.000000
0.999422 -0.033250 -0.007058 -0.000260 0.032823 0.998015 -0.053752 0.085218 0.008831 0.053489 0.998529 -0.052419 0.000000 0.000000 0.000000 1.000000
0.999588 -0.028270 -0.004879 -0.000234 0.027729 0.995713 -0.088236 0.085380 0.007353 0.088064 0.996087 -0.055102 0.000000 0.000000 0.000000 1.000000
0.999728 -0.022983 -0.003927 -0.000204 0.022586 0.996403 -0.081670 0.085559 0.005790 0.081559 0.996652 -0.058008 0.000000 0.000000 0.000000 1.000000
0.999854 -0.016823 -0.003003 -0.000165 0.016591 0.997725 -0.065335 0.085767 0.004095 0.065276 0.997859 -0.061387 0.000000 0.000000 0.000000 1.000000
0.999941 -0.010634 -0.002032 -0.000121 0.010534 0.998972 -0.044103 0.085974 0.002499 0.044079 0.999025 -0.064792 0.000000 0.000000 0.000000 1.000000
0.999986 -0.005240 -0.001071 -0.000077 0.005215 0.999725 -0.022868 0.086153 0.001191 0.022862 0.999738 -0.067778 0.000000 0.000000 0.000000 1.000000
0.999999 -0.001438 -0.000309 -0.000035 0.001436 0.999978 -0.006533 0.086278 0.000318 0.006532 0.999979 -0.069897 0.000000 0.000000 0.000000 1.000000
1.000000 0.000000 0.000000 0.000000 0.000000 1.000000 0.000000 0.086325 0.000000 0.000000 1.000000 -0.070702 0.000000 0.000000 0.000000 1.000000
1.000000 0.000000 0.000000 0.000000 0.000000 1.000000 0.000000 0.086328 0.000000 0.000000 1.000000 -0.070705 0.000000 0.000000 0.000000 1.000000</float_array><technique_common><accessor source="#Root-Matrix-animation-output-transform-array" count="32" stride="16"><param type="float4x4"/></accessor></technique_common></source><source id="Root-Interpolations"><Name_array id="Root-Interpolations-array" count="32">
 LINEAR LINEAR LINEAR LINEAR LINEAR LINEAR LINEAR LINEAR LINEAR LINEAR LINEAR
LINEAR LINEAR LINEAR LINEAR LINEAR LINEAR LINEAR LINEAR LINEAR LINEAR LINEAR LINEAR
LINEAR LINEAR LINEAR LINEAR LINEAR LINEAR LINEAR LINEAR LINEAR</Name_array><technique_common><accessor source="#Root-Interpolations-array" count="32"><param type="name"/></accessor></technique_common></source><sampler id="Root-Matrix-animation-transform"><input semantic="INPUT" source="#Root-Matrix-animation-input"/><input semantic="OUTPUT" source="#Root-Matrix-animation-output-transform"/><input semantic="INTERPOLATION" source="#Root-Interpolations"/></sampler><channel source="#Root-Matrix-animation-transform" target="Root/matrix"/></animation></animation>
    <animation id="LeftUpLeg-anim" name="LeftUpLeg"><animation><source id="LeftUpLeg-Matrix-animation-input"><float_array id="LeftUpLeg-Matrix-animation-input-array" count="32">

0.066667 0.100000 0.133333 0.166667 0.200000 0.233333 0.266667 0.300000 0.333333 0.366667 0.400000 0.433333 0.466667 0.500000 0.533333 0.566667
0.600000 0.633333 0.666667 0.700000 0.733333 0.766667 0.800000 0.833333 0.866667 0.900000 0.933333 0.966667 1.000000 1.033333 1.066667 1.100000</float_array><technique_common><accessor source="#LeftUpLeg-Matrix-animation-input-array" count="32"><param name="TIME" type="float"/></accessor></technique_common></source><source id="LeftUpLeg-Matrix-animation-output-transform"><float_array id="LeftUpLeg-Matrix-animation-output-transform-array" count="512">

1.000000 -0.000166 0.000016 0.053383 0.000166 1.000000 0.000068 -0.005413 -0.000016 -0.000068 1.000000 0.000000 0.000000 0.000000 0.000000 1.000000
0.995276 -0.096048 0.014145 0.053383 0.094409 0.991490 0.089638 -0.005413 -0.022634 -0.087879 0.995874 -0.000000 0.000000 0.000000 0.000000 1.000000
0.972639 -0.232033 0.011590 0.053383 0.223295 0.947452 0.229071 -0.005413 -0.064133 -0.220215 0.973341 0.000000 0.000000 0.000000 0.000000 1.000000
0.942029 -0.335279 -0.013030 0.053383 0.318670 0.881853 0.347540 -0.005413 -0.105032 -0.331545 0.937575 -0.000000 0.000000 0.000000 0.000000 1.000000
0.916584 -0.397970 -0.038634 0.053383 0.375799 0.824440 0.423171 -0.005413 -0.136558 -0.402390 0.905226 0.000000 0.000000 0.000000 0.000000 1.000000
0.904988 -0.423786 -0.037438 0.053383 0.396215 0.807508 0.436972 -0.005413 -0.154951 -0.410288 0.898696 0.000000 0.000000 0.000000 0.000000 1.000000
0.910216 -0.413460 0.023636 0.053383 0.379307 0.855217 0.353172 -0.005413 -0.166236 -0.312497 0.935260 0.000000 0.000000 0.000000 0.000000 1.000000
0.927985 -0.349769 0.128474 0.053383 0.327502 0.930064 0.166502 -0.005413 -0.177727 -0.112436 0.977636 -0.000000 0.000000 0.000000 0.000000 1.000000
0.955352 -0.200767 0.216784 0.053383 0.226988 0.968384 -0.103485 -0.005413 -0.189153 0.148072 0.970719 -0.000000 0.000000 0.000000 0.000000 1.000000
0.978864 0.081252 0.187678 0.053383 0.010886 0.895688 -0.444549 -0.005413 -0.204221 0.437196 0.875873 0.000000 0.000000 0.000000 0.000000 1.000000
0.971614 0.193668 0.135865 0.053383 -0.086665 0.825766 -0.557315 -0.005413 -0.220127 0.529720 0.819110 0.000000 0.000000 0.000000 0.000000 1.000000
0.969338 0.195514 0.148855 0.053383 -0.074988 0.812226 -0.578503 -0.005413 -0.234010 0.549603 0.801983 -0.000000 0.000000 0.000000 0.000000 1.000000
0.966376 0.197412 0.164761 0.053383 -0.059852 0.795855 -0.602522 -0.005413 -0.250071 0.572401 0.780911 -0.000000 0.000000 0.000000 0.000000 1.000000
0.962893 0.199514 0.181747 0.053383 -0.042912 0.778039 -0.626749 -0.005413 -0.266451 0.595693 0.757730 0.000000 0.000000 0.000000 0.000000 1.000000
0.959200 0.201765 0.198055 0.053383 -0.025971 0.760433 -0.648896 -0.005413 -0.281532 0.617278 0.734648 -0.000000 0.000000 0.000000 0.000000 1.000000
0.955743 0.204099 0.211894 0.053383 -0.011122 0.744781 -0.667216 -0.005413 -0.293993 0.635331 0.714089 -0.000000 0.000000 0.000000 0.000000 1.000000
0.953059 0.206359 0.221573 0.053383 -0.000511 0.732879 -0.680359 -0.005413 -0.302784 0.648309 0.698582 -0.000000 0.000000 0.000000 0.000000 1.000000
0.951706 0.208182 0.225644 0.053383 0.003956 0.726599 -0.687051 -0.005413 -0.306984 0.654763 0.690685 -0.000000 0.000000 0.000000 0.000000 1.000000
0.952159 0.209324 0.222658 0.053383 0.000439 0.727647 -0.685951 -0.005413 -0.305603 0.653232 0.692744 -0.000000 0.000000 0.000000 0.000000 1.000000
0.957816 0.208579 0.197696 0.053383 -0.027494 0.751270 -0.659422 -0.005413 -0.286065 0.626169 0.725313 -0.000000 0.000000 0.000000 0.000000 1.000000
0.967613 0.203577 0.149269 0.053383 -0.077156 0.801514 -0.592977 -0.005413 -0.240358 0.562256 0.791263 0.000000 0.000000 0.000000 0.000000 1.000000
0.976600 0.193348 0.094171 0.053383 -0.122989 0.861313 -0.492964 -0.005413 -0.176424 0.469847 0.864938 -0.000000 0.000000 0.000000 0.000000 1.000000
0.982770 0.179544 0.043903 0.053383 -0.150109 0.913888 -0.377194 -0.005413 -0.107845 0.364105 0.925093 -0.000000 0.000000 0.000000 0.000000 1.000000
0.986243 0.165178 0.006326 0.053383 -0.157183 0.948976 -0.273381 -0.005413 -0.051160 0.268626 0.961885 -0.000000 0.000000 0.000000 0.000000 1.000000
0.988080 0.153508 -0.011592 0.053383 -0.152443 0.965168 -0.212631 -0.005413 -0.021452 0.211863 0.977064 0.000000 0.000000 0.000000 0.000000 1.000000
0.989559 0.143242 -0.015990 0.053383 -0.143721 0.972278 -0.184446 -0.005413 -0.010874 0.184818 0.982713 0.000000 0.000000 0.000000 0.000000 1.000000
0.995167 0.097971 -0.006638 0.053383 -0.098006 0.986778 -0.129087 -0.005413 -0.006097 0.129113 0.991611 -0.000000 0.000000 0.000000 0.000000 1.000000
0.998925 0.046342 0.001266 0.053383 -0.046153 0.996686 -0.066983 -0.005413 -0.004366 0.066852 0.997754 -0.000000 0.000000 0.000000 0.000000 1.000000
0.999822 0.018815 0.001696 0.053383 -0.018758 0.999406 -0.028931 -0.005413 -0.002240 0.028894 0.999580 0.000000 0.000000 0.000000 0.000000 1.000000
0.999989 0.004552 0.000612 0.053383 -0.004547 0.999962 -0.007399 -0.005413 -0.000645 0.007396 0.999972 -0.000000 0.000000 0.000000 0.000000 1.000000
1.000000 -0.000166 0.000016 0.053383 0.000166 1.000000 0.000068 -0.005413 -0.000016 -0.000068 1.000000 0.000000 0.000000 0.000000 0.000000 1.000000
1.000000 0.000000 0.000000 0.053383 0.000000 1.000000 0.000000 -0.005413 0.000000 0.000000 1.000000 0.000000 0.000000 0.000000 0.000000 1.000000</float_array><technique_common><accessor source="#LeftUpLeg-Matrix-animation-output-transform-array" count="32" stride="16"><param type="float4x4"/></accessor></technique_common></source><source id="LeftUpLeg-Interpolations"><Name_array id="LeftUpLeg-Interpolations-array" count="32">
 LINEAR LINEAR LINEAR LINEAR LINEAR LINEAR LINEAR LINEAR LINEAR LINEAR LINEAR
LINEAR LINEAR LINEAR LINEAR LINEAR LINEAR LINEAR LINEAR LINEAR LINEAR LINEAR LINEAR
LINEAR LINEAR LINEAR LINEAR LINEAR LINEAR LINEAR LINEAR LINEAR</Name_array><technique_common><accessor source="#LeftUpLeg-Interpolations-array" count="32"><param type="name"/></accessor></technique_common></source><sampler id="LeftUpLeg-Matrix-animation-transform"><input semantic="INPUT" source="#LeftUpLeg-Matrix-animation-input"/><input semantic="OUTPUT" source="#LeftUpLeg-Matrix-animation-output-transform"/><input semantic="INTERPOLATION" source="#LeftUpLeg-Interpolations"/></sampler><channel source="#LeftUpLeg-Matrix-animation-transform" target="LeftUpLeg/matrix"/></animation></animation>
    <animation id="LeftLeg-anim" name="LeftLeg"><animation><source id="LeftLeg-Matrix-animation-input"><float_array id="LeftLeg-Matrix-animation-input-array" count="32">

0.066667 0.100000 0.133333 0.166667 0.200000 0.233333 0.266667 0.300000 0.333333 0.366667 0.400000 0.433333 0.466667 0.500000 0.533333 0.566667
0.600000 0.633333 0.666667 0.700000 0.733333 0.766667 0.800000 0.833333 0.866667 0.900000 0.933333 0.966667 1.000000 1.033333 1.066667 1.100000</float_array><technique_common><accessor source="#LeftLeg-Matrix-animation-input-array" count="32"><param name="TIME" type="float"/></accessor></technique_common></source><source id="LeftLeg-Matrix-animation-output-transform"><float_array id="LeftLeg-Matrix-animation-output-transform-array" count="512">

1.000000 0.000312 0.000035 0.031558 -0.000312 1.000000 -0.000234 -0.038571 -0.000035 0.000234 1.000000 -0.001460 0.000000 0.000000 0.000000 1.000000
0.981156 0.192991 -0.009383 0.031558 -0.191137 0.962329 -0.193363 -0.038570 -0.028288 0.191512 0.981082 -0.001460 0.000000 0.000000 0.000000 1.000000
0.904101 0.419113 -0.083339 0.031559 -0.403148 0.771921 -0.491537 -0.038570 -0.141678 0.477997 0.866859 -0.001460 0.000000 0.000000 0.000000 1.000000
0.824551 0.531626 -0.193620 0.031559 -0.490884 0.502034 -0.712035 -0.038569 -0.281333 0.682154 0.674920 -0.001460 0.000000 0.000000 0.000000 1.000000
0.777510 0.559525 -0.287071 0.031559 -0.500207 0.273575 -0.821553 -0.038569 -0.381144 0.782361 0.492586 -0.001461 0.000000 0.000000 0.000000 1.000000
0.761006 0.556403 -0.333596 0.031559 -0.502870 0.181049 -0.845189 -0.038569 -0.409868 0.810949 0.417577 -0.001461 0.000000 0.000000 0.000000 1.000000
0.769943 0.544418 -0.332860 0.031559 -0.540272 0.278604 -0.794032 -0.038569 -0.339549 0.791194 0.508643 -0.001460 0.000000 0.000000 0.000000 1.000000
0.816228 0.493376 -0.300586 0.031559 -0.554591 0.523363 -0.646931 -0.038569 -0.161865 0.694745 0.700806 -0.001460 0.000000 0.000000 0.000000 1.000000
0.908474 0.338646 -0.244936 0.031559 -0.411460 0.827506 -0.382013 -0.038570 0.073319 0.447831 0.891107 -0.001462 0.000000 0.000000 0.000000 1.000000
0.981097 -0.078441 -0.176902 0.031558 0.082845 0.996406 0.017637 -0.038570 0.174883 -0.031959 0.984070 -0.001463 0.000000 0.000000 0.000000 1.000000
0.952049 -0.261409 -0.158956 0.031557 0.283236 0.949516 0.134894 -0.038571 0.115669 -0.173448 0.978027 -0.001462 0.000000 0.000000 0.000000 1.000000
0.951209 -0.261598 -0.163608 0.031558 0.283921 0.949688 0.132215 -0.038571 0.120789 -0.172216 0.977625 -0.001462 0.000000 0.000000 0.000000 1.000000
0.950133 -0.261770 -0.169481 0.031558 0.284681 0.949938 0.128743 -0.038571 0.127295 -0.170571 0.977089 -0.001462 0.000000 0.000000 0.000000 1.000000
0.948941 -0.261965 -0.175745 0.031558 0.285464 0.950203 0.125001 -0.038570 0.134247 -0.168787 0.976467 -0.001462 0.000000 0.000000 0.000000 1.000000
0.947818 -0.262054 -0.181573 0.031558 0.286058 0.950484 0.121452 -0.038570 0.140755 -0.167055 0.975849 -0.001462 0.000000 0.000000 0.000000 1.000000
0.946922 -0.262129 -0.186084 0.031558 0.286501 0.950698 0.118701 -0.038570 0.145795 -0.165713 0.975337 -0.001462 0.000000 0.000000 0.000000 1.000000
0.946423 -0.262280 -0.188398 0.031558 0.286844 0.950761 0.117359 -0.038570 0.148341 -0.165112 0.975056 -0.001462 0.000000 0.000000 0.000000 1.000000
0.946533 -0.262345 -0.187751 0.031558 0.286874 0.950692 0.117848 -0.038570 0.147576 -0.165408 0.975121 -0.001462 0.000000 0.000000 0.000000 1.000000
0.947346 -0.262490 -0.183400 0.031558 0.286700 0.950386 0.120706 -0.038570 0.142617 -0.166931 0.975600 -0.001462 0.000000 0.000000 0.000000 1.000000
0.951269 -0.262630 -0.161592 0.031558 0.284861 0.949100 0.134400 -0.038570 0.118069 -0.173882 0.977663 -0.001462 0.000000 0.000000 0.000000 1.000000
0.957408 -0.262557 -0.120140 0.031557 0.279646 0.946776 0.159413 -0.038571 0.071891 -0.186220 0.979874 -0.001462 0.000000 0.000000 0.000000 1.000000
0.962277 -0.261829 -0.073958 0.031557 0.271239 0.944476 0.185458 -0.038571 0.021293 -0.198522 0.979865 -0.001462 0.000000 0.000000 0.000000 1.000000
0.964883 -0.260561 -0.033315 0.031557 0.261727 0.942803 0.206451 -0.038571 -0.022384 -0.207921 0.977890 -0.001462 0.000000 0.000000 0.000000 1.000000
0.965885 -0.258920 -0.005138 0.031557 0.253706 0.942084 0.219341 -0.038571 -0.051951 -0.213162 0.975635 -0.001462 0.000000 0.000000 0.000000 1.000000
0.966321 -0.257299 0.004561 0.031557 0.249882 0.942408 0.222323 -0.038571 -0.061502 -0.213696 0.974963 -0.001461 0.000000 0.000000 0.000000 1.000000
0.966749 -0.255728 0.000457 0.031557 0.249464 0.943460 0.218288 -0.038571 -0.056254 -0.210916 0.975884 -0.001461 0.000000 0.000000 0.000000 1.000000
0.984469 -0.175515 0.003833 0.031557 0.172806 0.972662 0.155135 -0.038571 -0.030957 -0.152063 0.987886 -0.001461 0.000000 0.000000 0.000000 1.000000
0.996969 -0.077495 0.006831 0.031557 0.076789 0.994354 0.073233 -0.038571 -0.012468 -0.072486 0.997291 -0.001461 0.000000 0.000000 0.000000 1.000000
0.999536 -0.030141 0.004288 0.031558 0.030001 0.999110 0.029648 -0.038571 -0.005178 -0.029506 0.999551 -0.001460 0.000000 0.000000 0.000000 1.000000
0.999972 -0.007412 0.001250 0.031558 0.007403 0.999945 0.007412 -0.038571 -0.001305 -0.007403 0.999972 -0.001460 0.000000 0.000000 0.000000 1.000000
1.000000 0.000312 0.000035 0.031558 -0.000312 1.000000 -0.000234 -0.038571 -0.000035 0.000234 1.000000 -0.001460 0.000000 0.000000 0.000000 1.000000
1.000000 0.000000 0.000000 0.031558 0.000000 1.000000 0.000000 -0.038570 0.000000 0.000000 1.000000 -0.001461 0.000000 0.000000 0.000000 1.000000</float_array><technique_common><accessor source="#LeftLeg-Matrix-animation-output-transform-array" count="32" stride="16"><param type="float4x4"/></accessor></technique_common></source><source id="LeftLeg-Interpolations"><Name_array id="LeftLeg-Interpolations-array" count="32">
 LINEAR LINEAR LINEAR LINEAR LINEAR LINEAR LINEAR LINEAR LINEAR LINEAR LINEAR
LINEAR LINEAR LINEAR LINEAR LINEAR LINEAR LINEAR LINEAR LINEAR LINEAR LINEAR LINEAR
LINEAR LINEAR LINEAR LINEAR LINEAR LINEAR LINEAR LINEAR LINEAR</Name_array><technique_common><accessor source="#LeftLeg-Interpolations-array" count="32"><param type="name"/></accessor></technique_common></source><sampler id="LeftLeg-Matrix-animation-transform"><input semantic="INPUT" source="#LeftLeg-Matrix-animation-input"/><input semantic="OUTPUT" source="#LeftLeg-Matrix-animation-output-transform"/><input semantic="INTERPOLATION" source="#LeftLeg-Interpolations"/></sampler><channel source="#LeftLeg-Matrix-animation-transform" target="LeftLeg/matrix"/></animation></animation>
    <animation id="LeftFootEnd-anim" name="LeftFootEnd"><animation><source id="LeftFootEnd-Matrix-animation-input"><float_array id="LeftFootEnd-Matrix-animation-input-array" count="32">

0.066667 0.100000 0.133333 0.166667 0.200000 0.233333 0.266667 0.300000 0.333333 0.366667 0.400000 0.433333 0.466667 0.500000 0.533333 0.566667
0.600000 0.633333 0.666667 0.700000 0.733333 0.766667 0.800000 0.833333 0.866667 0.900000 0.933333 0.966667 1.000000 1.033333 1.066667 1.100000</float_array><technique_common><accessor source="#LeftFootEnd-Matrix-animation-input-array" count="32"><param name="TIME" type="float"/></accessor></technique_common></source><source id="LeftFootEnd-Matrix-animation-output-transform"><float_array id="LeftFootEnd-Matrix-animation-output-transform-array" count="512">

1.000000 -0.000146 -0.000051 0.009295 0.000146 1.000000 0.000166 -0.034980 0.000051 -0.000166 1.000000 -0.001326 0.000000 0.000000 0.000000 1.000000
0.994693 -0.097977 -0.031384 0.009296 0.100354 0.991210 0.086201 -0.034980 0.022662 -0.088893 0.995783 -0.001325 0.000000 0.000000 0.000000 1.000000
0.972977 -0.211390 -0.092904 0.009297 0.226947 0.949653 0.215997 -0.034979 0.042567 -0.231244 0.971964 -0.001325 0.000000 0.000000 0.000000 1.000000
0.949522 -0.273825 -0.153060 0.009296 0.309904 0.894468 0.322313 -0.034980 0.048650 -0.353477 0.934177 -0.001326 0.000000 0.000000 0.000000 1.000000
0.934179 -0.299661 -0.193683 0.009296 0.353475 0.851232 0.387891 -0.034980 0.048634 -0.430822 0.901126 -0.001325 0.000000 0.000000 0.000000 1.000000
0.927699 -0.312183 -0.204735 0.009296 0.370421 0.838029 0.400618 -0.034980 0.046507 -0.447491 0.893078 -0.001325 0.000000 0.000000 0.000000 1.000000
0.929338 -0.321644 -0.181314 0.009296 0.366726 0.861161 0.352013 -0.034980 0.042918 -0.393632 0.918266 -0.001325 0.000000 0.000000 0.000000 1.000000
0.945289 -0.299203 -0.130020 0.009296 0.323775 0.909270 0.261528 -0.034979 0.039973 -0.289317 0.956398 -0.001326 0.000000 0.000000 0.000000 1.000000
0.978037 -0.198146 -0.064666 0.009296 0.205823 0.967071 0.149704 -0.034980 0.032873 -0.159726 0.986614 -0.001326 0.000000 0.000000 0.000000 1.000000
0.998418 0.056223 -0.001288 0.009295 -0.056198 0.998315 0.014443 -0.034980 0.002098 -0.014348 0.999895 -0.001325 0.000000 0.000000 0.000000 1.000000
0.988721 0.149615 0.006738 0.009296 -0.149575 0.988732 -0.006110 -0.034980 -0.007576 0.005034 0.999959 -0.001325 0.000000 0.000000 0.000000 1.000000
0.988704 0.149875 0.001224 0.009296 -0.149862 0.988428 0.023481 -0.034980 0.002309 -0.023400 0.999724 -0.001325 0.000000 0.000000 0.000000 1.000000
0.988546 0.150827 -0.005326 0.009296 -0.150258 0.986894 0.058837 -0.034980 0.014130 -0.057363 0.998253 -0.001325 0.000000 0.000000 0.000000 1.000000
0.988266 0.152246 -0.012302 0.009296 -0.150368 0.983888 0.096720 -0.034980 0.026829 -0.093735 0.995236 -0.001325 0.000000 0.000000 0.000000 1.000000
0.987917 0.153799 -0.019141 0.009296 -0.149905 0.979580 0.133986 -0.034980 0.039357 -0.129498 0.990799 -0.001325 0.000000 0.000000 0.000000 1.000000
0.987547 0.155274 -0.025307 0.009296 -0.148933 0.974535 0.167629 -0.034980 0.050691 -0.161773 0.985525 -0.001325 0.000000 0.000000 0.000000 1.000000
0.987218 0.156462 -0.030311 0.009296 -0.147692 0.969641 0.194893 -0.034980 0.059884 -0.187925 0.980356 -0.001325 0.000000 0.000000 0.000000 1.000000
0.987020 0.157013 -0.033731 0.009296 -0.146375 0.965964 0.213281 -0.034980 0.066071 -0.205575 0.976409 -0.001325 0.000000 0.000000 0.000000 1.000000
0.987008 0.156790 -0.035109 0.009296 -0.145383 0.964535 0.220308 -0.034980 0.068406 -0.212342 0.974798 -0.001325 0.000000 0.000000 0.000000 1.000000
0.987405 0.154434 -0.034385 0.009296 -0.143622 0.966071 0.214661 -0.034980 0.066370 -0.207019 0.976083 -0.001325 0.000000 0.000000 0.000000 1.000000
0.988181 0.149931 -0.031926 0.009296 -0.140751 0.969945 0.198485 -0.034980 0.060726 -0.191645 0.979584 -0.001325 0.000000 0.000000 0.000000 1.000000
0.989070 0.144770 -0.027944 0.009296 -0.137783 0.974993 0.174368 -0.034980 0.052489 -0.168612 0.984284 -0.001325 0.000000 0.000000 0.000000 1.000000
0.989853 0.140262 -0.022753 0.009296 -0.135549 0.980107 0.144973 -0.034979 0.042634 -0.140418 0.989174 -0.001325 0.000000 0.000000 0.000000 1.000000
0.990392 0.137250 -0.016891 0.009296 -0.134486 0.984404 0.113409 -0.034980 0.032193 -0.110048 0.993405 -0.001325 0.000000 0.000000 0.000000 1.000000
0.990577 0.136507 -0.011045 0.009296 -0.135132 0.987331 0.083171 -0.034980 0.022259 -0.080895 0.996474 -0.001325 0.000000 0.000000 0.000000 1.000000
0.990476 0.137615 -0.004575 0.009296 -0.137214 0.989264 0.050302 -0.034980 0.011448 -0.049195 0.998724 -0.001325 0.000000 0.000000 0.000000 1.000000
0.995432 0.095336 -0.005181 0.009296 -0.095048 0.994642 0.040653 -0.034980 0.009029 -0.039974 0.999160 -0.001325 0.000000 0.000000 0.000000 1.000000
0.999072 0.042368 -0.007769 0.009295 -0.042039 0.998375 0.038473 -0.034980 0.009386 -0.038111 0.999230 -0.001325 0.000000 0.000000 0.000000 1.000000
0.999847 0.016744 -0.005095 0.009295 -0.016626 0.999613 0.022289 -0.034980 0.005466 -0.022201 0.999738 -0.001326 0.000000 0.000000 0.000000 1.000000
0.999990 0.004314 -0.001558 0.009295 -0.004304 0.999970 0.006529 -0.034980 0.001586 -0.006522 0.999978 -0.001326 0.000000 0.000000 0.000000 1.000000
1.000000 -0.000146 -0.000051 0.009295 0.000146 1.000000 0.000166 -0.034980 0.000051 -0.000166 1.000000 -0.001326 0.000000 0.000000 0.000000 1.000000
1.000000 0.000000 0.000000 0.009296 0.000000 1.000000 0.000000 -0.034980 0.000000 0.000000 1.000000 -0.001325 0.000000 0.000000 0.000000 1.000000</float_array><technique_common><accessor source="#LeftFootEnd-Matrix-animation-output-transform-array" count="32" stride="16"><param type="float4x4"/></accessor></technique_common></source><source id="LeftFootEnd-Interpolations"><Name_array id="LeftFootEnd-Interpolations-array" count="32">
 LINEAR LINEAR LINEAR LINEAR LINEAR LINEAR LINEAR LINEAR LINEAR LINEAR LINEAR
LINEAR LINEAR LINEAR LINEAR LINEAR LINEAR LINEAR LINEAR LINEAR LINEAR LINEAR LINEAR
LINEAR LINEAR LINEAR LINEAR LINEAR LINEAR LINEAR LINEAR LINEAR</Name_array><technique_common><accessor source="#LeftFootEnd-Interpolations-array" count="32"><param type="name"/></accessor></technique_common></source><sampler id="LeftFootEnd-Matrix-animation-transform"><input semantic="INPUT" source="#LeftFootEnd-Matrix-animation-input"/><input semantic="OUTPUT" source="#LeftFootEnd-Matrix-animation-output-transform"/><input semantic="INTERPOLATION" source="#LeftFootEnd-Interpolations"/></sampler><channel source="#LeftFootEnd-Matrix-animation-transform" target="LeftFootEnd/matrix"/></animation></animation>
    <animation id="RightUpLeg-anim" name="RightUpLeg"><animation><source id="RightUpLeg-Matrix-animation-input"><float_array id="RightUpLeg-Matrix-animation-input-array" count="32">

0.066667 0.100000 0.133333 0.166667 0.200000 0.233333 0.266667 0.300000 0.333333 0.366667 0.400000 0.433333 0.466667 0.500000 0.533333 0.566667
0.600000 0.633333 0.666667 0.700000 0.733333 0.766667 0.800000 0.833333 0.866667 0.900000 0.933333 0.966667 1.000000 1.033333 1.066667 1.100000</float_array><technique_common><accessor source="#RightUpLeg-Matrix-animation-input-array" count="32"><param name="TIME" type="float"/></accessor></technique_common></source><source id="RightUpLeg-Matrix-animation-output-transform"><float_array id="RightUpLeg-Matrix-animation-output-transform-array" count="512">

1.000000 0.000164 -0.000016 -0.053383 -0.000164 1.000000 0.000067 -0.005413 0.000016 -0.000067 1.000000 0.000000 0.000000 0.000000 0.000000 1.000000
0.994281 0.105776 -0.014699 -0.053383 -0.103810 0.989613 0.099448 -0.005413 0.025066 -0.097353 0.994934 -0.000000 0.000000 0.000000 0.000000 1.000000
0.966631 0.256095 -0.006305 -0.053383 -0.245858 0.934344 0.257984 -0.005413 0.071959 -0.247825 0.966128 -0.000000 0.000000 0.000000 0.000000 1.000000
0.928707 0.369307 0.033401 -0.053383 -0.351247 0.847251 0.398485 -0.005413 0.118864 -0.381808 0.916566 0.000000 0.000000 0.000000 0.000000 1.000000
0.896706 0.435430 0.079497 -0.053383 -0.414658 0.763552 0.495022 -0.005413 0.154847 -0.476853 0.865236 0.000000 0.000000 0.000000 0.000000 1.000000
0.879870 0.465371 0.096225 -0.053383 -0.441256 0.724897 0.528979 -0.005413 0.176418 -0.507892 0.843163 0.000000 0.000000 0.000000 0.000000 1.000000
0.877340 0.477637 0.046243 -0.053383 -0.439385 0.760842 0.477556 -0.005413 0.192914 -0.439297 0.877384 0.000000 0.000000 0.000000 0.000000 1.000000
0.882711 0.466023 -0.060367 -0.053383 -0.419695 0.839624 0.344802 -0.005413 0.211371 -0.279025 0.936733 -0.000000 0.000000 0.000000 0.000000 1.000000
0.896573 0.403643 -0.182291 -0.053383 -0.380538 0.912646 0.149226 -0.005413 0.226601 -0.064424 0.971855 -0.000000 0.000000 0.000000 0.000000 1.000000
0.918047 0.288684 -0.271755 -0.053383 -0.318087 0.945458 -0.070212 -0.005413 0.236664 0.150899 0.959802 0.000000 0.000000 0.000000 0.000000 1.000000
0.930540 0.201573 -0.305720 -0.053383 -0.271729 0.939744 -0.207472 -0.005413 0.245477 0.276134 0.929242 0.000000 0.000000 0.000000 0.000000 1.000000
0.925117 0.193359 -0.326759 -0.053383 -0.278901 0.930033 -0.239275 -0.005413 0.257630 0.312491 0.914317 -0.000000 0.000000 0.000000 0.000000 1.000000
0.918721 0.180806 -0.351086 -0.053383 -0.286778 0.916663 -0.278367 -0.005413 0.271497 0.356425 0.894009 -0.000000 0.000000 0.000000 0.000000 1.000000
0.913265 0.159250 -0.374949 -0.053383 -0.290840 0.899369 -0.326416 -0.005413 0.285236 0.407154 0.867679 0.000000 0.000000 0.000000 0.000000 1.000000
0.911068 0.123740 -0.393247 -0.053383 -0.285522 0.877471 -0.385384 -0.005413 0.297376 0.463392 0.834767 0.000000 0.000000 0.000000 0.000000 1.000000
0.914819 0.067607 -0.398165 -0.053383 -0.262391 0.848959 -0.458716 -0.005413 0.307014 0.524117 0.794383 -0.000000 0.000000 0.000000 0.000000 1.000000
0.928109 -0.027242 -0.371311 -0.053383 -0.199838 0.805027 -0.558567 -0.005413 0.314132 0.592613 0.741708 -0.000000 0.000000 0.000000 0.000000 1.000000
0.925546 -0.029158 -0.377511 -0.053383 -0.205501 0.798721 -0.565520 -0.005413 0.318015 0.600994 0.733261 -0.000000 0.000000 0.000000 0.000000 1.000000
0.926650 -0.031354 -0.374614 -0.053383 -0.201874 0.799133 -0.566244 -0.005413 0.317120 0.600336 0.734188 0.000000 0.000000 0.000000 0.000000 1.000000
0.939163 -0.039799 -0.341158 -0.053383 -0.165636 0.817658 -0.551362 -0.005413 0.300895 0.574327 0.761322 0.000000 0.000000 0.000000 0.000000 1.000000
0.960480 -0.053815 -0.273095 -0.053383 -0.096050 0.856789 -0.506643 -0.005413 0.261250 0.512851 0.817760 -0.000000 0.000000 0.000000 0.000000 1.000000
0.974687 0.005212 -0.223511 -0.053383 -0.088496 0.927068 -0.364297 -0.005413 0.205311 0.374856 0.904063 0.000000 0.000000 0.000000 0.000000 1.000000
0.987347 0.031798 -0.155353 -0.053383 -0.067633 0.970556 -0.231184 -0.005413 0.143428 0.238766 0.960426 -0.000000 0.000000 0.000000 0.000000 1.000000
0.994368 0.043659 -0.096571 -0.053383 -0.055229 0.991166 -0.120580 -0.005413 0.090454 0.125235 0.987995 -0.000000 0.000000 0.000000 0.000000 1.000000
0.996811 0.048342 -0.063483 -0.053383 -0.051983 0.997019 -0.057016 -0.005413 0.060538 0.060135 0.996353 -0.000000 0.000000 0.000000 0.000000 1.000000
0.997648 0.048991 -0.047955 -0.053383 -0.050383 0.998330 -0.028274 -0.005413 0.046489 0.030624 0.998449 0.000000 0.000000 0.000000 0.000000 1.000000
0.998471 0.044064 -0.033393 -0.053383 -0.044346 0.998987 -0.007758 -0.005413 0.033017 0.009227 0.999413 -0.000000 0.000000 0.000000 0.000000 1.000000
0.999231 0.033429 -0.020498 -0.053383 -0.033374 0.999438 0.003045 -0.005413 0.020588 -0.002359 0.999785 -0.000000 0.000000 0.000000 0.000000 1.000000
0.999764 0.019292 -0.009982 -0.053383 -0.019240 0.999801 0.005264 -0.005413 0.010081 -0.005070 0.999937 0.000000 0.000000 0.000000 0.000000 1.000000
0.999978 0.006144 -0.002721 -0.053383 -0.006137 0.999978 0.002518 -0.005413 0.002736 -0.002501 0.999993 -0.000000 0.000000 0.000000 0.000000 1.000000
1.000000 0.000164 -0.000016 -0.053383 -0.000164 1.000000 0.000067 -0.005413 0.000016 -0.000067 1.000000 0.000000 0.000000 0.000000 0.000000 1.000000
1.000000 0.000000 0.000000 -0.053383 0.000000 1.000000 0.000000 -0.005413 0.000000 0.000000 1.000000 0.000000 0.000000 0.000000 0.000000 1.000000</float_array><technique_common><accessor source="#RightUpLeg-Matrix-animation-output-transform-array" count="32" stride="16"><param type="float4x4"/></accessor></technique_common></source><source id="RightUpLeg-Interpolations"><Name_array id="RightUpLeg-Interpolations-array" count="32">
 LINEAR LINEAR LINEAR LINEAR LINEAR LINEAR LINEAR LINEAR LINEAR LINEAR LINEAR
LINEAR LINEAR LINEAR LINEAR LINEAR LINEAR LINEAR LINEAR LINEAR LINEAR LINEAR LINEAR
LINEAR LINEAR LINEAR LINEAR LINEAR LINEAR LINEAR LINEAR LINEAR</Name_array><technique_common><accessor source="#RightUpLeg-Interpolations-array" count="32"><param type="name"/></accessor></technique_common></source><sampler id="RightUpLeg-Matrix-animation-transform"><input semantic="INPUT" source="#RightUpLeg-Matrix-animation-input"/><input semantic="OUTPUT" source="#RightUpLeg-Matrix-animation-output-transform"/><input semantic="INTERPOLATION" source="#RightUpLeg-Interpolations"/></sampler><channel source="#RightUpLeg-Matrix-animation-transform" target="RightUpLeg/matrix"/></animation></animation>
    <animation id="RightLeg-anim" name="RightLeg"><animation><source id="RightLeg-Matrix-animation-input"><float_array id="RightLeg-Matrix-animation-input-array" count="32">

0.066667 0.100000 0.133333 0.166667 0.200000 0.233333 0.266667 0.300000 0.333333 0.366667 0.400000 0.433333 0.466667 0.500000 0.533333 0.566667
0.600000 0.633333 0.666667 0.700000 0.733333 0.766667 0.800000 0.833333 0.866667 0.900000 0.933333 0.966667 1.000000 1.033333 1.066667 1.100000</float_array><technique_common><accessor source="#RightLeg-Matrix-animation-input-array" count="32"><param name="TIME" type="float"/></accessor></technique_common></source><source id="RightLeg-Matrix-animation-output-transform"><float_array id="RightLeg-Matrix-animation-output-transform-array" count="512">

1.000000 -0.000307 -0.000034 -0.031558 0.000307 1.000000 -0.000230 -0.038571 0.000034 0.000230 1.000000 -0.001460 0.000000 0.000000 0.000000 1.000000
0.978966 -0.203594 0.013222 -0.031558 0.201870 0.957204 -0.207387 -0.038570 0.029567 0.205694 0.978170 -0.001460 0.000000 0.000000 0.000000 1.000000
0.896406 -0.431820 0.099938 -0.031559 0.416452 0.743362 -0.523431 -0.038570 0.151738 0.510826 0.846187 -0.001460 0.000000 0.000000 0.000000 1.000000
0.816747 -0.532187 0.222936 -0.031559 0.491773 0.439962 -0.751394 -0.038569 0.301799 0.723333 0.621053 -0.001460 0.000000 0.000000 0.000000 1.000000
0.775601 -0.542520 0.322668 -0.031559 0.482080 0.179117 -0.857622 -0.038569 0.407482 0.820725 0.400461 -0.001461 0.000000 0.000000 0.000000 1.000000
0.763213 -0.527100 0.373727 -0.031559 0.471849 0.059504 -0.879669 -0.038569 0.441435 0.847717 0.294126 -0.001462 0.000000 0.000000 0.000000 1.000000
0.764294 -0.514653 0.388570 -0.031559 0.514634 0.123681 -0.848443 -0.038569 0.388595 0.848431 0.359386 -0.001461 0.000000 0.000000 0.000000 1.000000
0.784640 -0.484603 0.386652 -0.031560 0.571749 0.324538 -0.753510 -0.038569 0.239670 0.812302 0.531717 -0.001461 0.000000 0.000000 0.000000 1.000000
0.835345 -0.406258 0.370341 -0.031559 0.549532 0.599213 -0.582202 -0.038569 0.014611 0.689854 0.723801 -0.001461 0.000000 0.000000 0.000000 1.000000
0.900903 -0.261969 0.346044 -0.031559 0.387277 0.845141 -0.368446 -0.038569 -0.195934 0.465949 0.862845 -0.001462 0.000000 0.000000 0.000000 1.000000
0.932408 -0.138834 0.333679 -0.031559 0.225761 0.944718 -0.237780 -0.038570 -0.282220 0.297039 0.912206 -0.001463 0.000000 0.000000 0.000000 1.000000
0.931723 -0.116052 0.344129 -0.031559 0.201332 0.953687 -0.223487 -0.038570 -0.302255 0.277512 0.911937 -0.001463 0.000000 0.000000 0.000000 1.000000
0.930923 -0.085606 0.355040 -0.031559 0.166670 0.964587 -0.204434 -0.038569 -0.324966 0.249487 0.912224 -0.001463 0.000000 0.000000 0.000000 1.000000
0.930989 -0.043219 0.362481 -0.031559 0.114072 0.977685 -0.176410 -0.038570 -0.346768 0.205585 0.915143 -0.001463 0.000000 0.000000 0.000000 1.000000
0.931999 0.016184 0.362099 -0.031559 0.035384 0.990169 -0.135328 -0.038570 -0.360729 0.138938 0.922264 -0.001463 0.000000 0.000000 0.000000 1.000000
0.931683 0.101886 0.348691 -0.031559 -0.080516 0.993906 -0.075280 -0.038570 -0.354236 0.042062 0.934209 -0.001463 0.000000 0.000000 0.000000 1.000000
0.917912 0.244950 0.312149 -0.031559 -0.264520 0.964145 0.021267 -0.038570 -0.295747 -0.102091 0.949795 -0.001463 0.000000 0.000000 0.000000 1.000000
0.918335 0.244834 0.310995 -0.031558 -0.264476 0.964143 0.021938 -0.038570 -0.294472 -0.102397 0.950159 -0.001463 0.000000 0.000000 0.000000 1.000000
0.920223 0.244839 0.305358 -0.031558 -0.264980 0.963912 0.025666 -0.038570 -0.288055 -0.104532 0.951892 -0.001463 0.000000 0.000000 0.000000 1.000000
0.929665 0.245061 0.275080 -0.031558 -0.267262 0.962538 0.045744 -0.038570 -0.253565 -0.116045 0.960333 -0.001463 0.000000 0.000000 0.000000 1.000000
0.944898 0.245825 0.216189 -0.031558 -0.268841 0.959517 0.083974 -0.038570 -0.186794 -0.137468 0.972734 -0.001463 0.000000 0.000000 0.000000 1.000000
0.979826 0.114555 0.163763 -0.031558 -0.120612 0.992319 0.027504 -0.038570 -0.159354 -0.046701 0.986116 -0.001463 0.000000 0.000000 0.000000 1.000000
0.994385 0.037679 0.098887 -0.031558 -0.037327 0.999289 -0.005414 -0.038570 -0.099021 0.001692 0.995084 -0.001462 0.000000 0.000000 0.000000 1.000000
0.998950 -0.008059 0.045102 -0.031558 0.009307 0.999577 -0.027536 -0.038570 -0.044861 0.027927 0.998602 -0.001461 0.000000 0.000000 0.000000 1.000000
0.999287 -0.033211 0.017971 -0.031558 0.033957 0.998502 -0.042901 -0.038570 -0.016520 0.043481 0.998918 -0.001461 0.000000 0.000000 0.000000 1.000000
0.998804 -0.047850 0.009988 -0.031558 0.048317 0.997397 -0.053522 -0.038570 -0.007401 0.053940 0.998517 -0.001461 0.000000 0.000000 0.000000 1.000000
0.998588 -0.052947 0.004309 -0.031558 0.053104 0.997059 -0.055247 -0.038570 -0.001371 0.055398 0.998463 -0.001460 0.000000 0.000000 0.000000 1.000000
0.998940 -0.046029 0.000656 -0.031558 0.046010 0.997889 -0.045845 -0.038570 0.001456 0.045827 0.998949 -0.001460 0.000000 0.000000 0.000000 1.000000
0.999569 -0.029350 -0.000891 -0.031558 0.029313 0.999175 -0.028111 -0.038570 0.001715 0.028073 0.999605 -0.001460 0.000000 0.000000 0.000000 1.000000
0.999947 -0.010293 -0.000681 -0.031558 0.010287 0.999902 -0.009478 -0.038570 0.000778 0.009470 0.999955 -0.001460 0.000000 0.000000 0.000000 1.000000
1.000000 -0.000307 -0.000034 -0.031558 0.000307 1.000000 -0.000230 -0.038571 0.000034 0.000230 1.000000 -0.001460 0.000000 0.000000 0.000000 1.000000
1.000000 0.000000 0.000000 -0.031558 0.000000 1.000000 0.000000 -0.038570 0.000000 0.000000 1.000000 -0.001461 0.000000 0.000000 0.000000 1.000000</float_array><technique_common><accessor source="#RightLeg-Matrix-animation-output-transform-array" count="32" stride="16"><param type="float4x4"/></accessor></technique_common></source><source id="RightLeg-Interpolations"><Name_array id="RightLeg-Interpolations-array" count="32">
 LINEAR LINEAR LINEAR LINEAR LINEAR LINEAR LINEAR LINEAR LINEAR LINEAR LINEAR
LINEAR LINEAR LINEAR LINEAR LINEAR LINEAR LINEAR LINEAR LINEAR LINEAR LINEAR LINEAR
LINEAR LINEAR LINEAR LINEAR LINEAR LINEAR LINEAR LINEAR LINEAR</Name_array><technique_common><accessor source="#RightLeg-Interpolations-array" count="32"><param type="name"/></accessor></technique_common></source><sampler id="RightLeg-Matrix-animation-transform"><input semantic="INPUT" source="#RightLeg-Matrix-animation-input"/><input semantic="OUTPUT" source="#RightLeg-Matrix-animation-output-transform"/><input semantic="INTERPOLATION" source="#RightLeg-Interpolations"/></sampler><channel source="#RightLeg-Matrix-animation-transform" target="RightLeg/matrix"/></animation></animation>
