<?xml version="1.0" encoding="utf-8"?>
<COLLADA xmlns="http://www.collada.org/2005/11/COLLADASchema" version="1.4.1">
  <asset><contributor><author></author><authoring_tool>FBX COLLADA exporter</authoring_tool><comments></comments></contributor><created>2012-05-29T14:55:21Z</created><keywords></keywords><modified>2012-05-29T14:55:21Z</modified><revision></revision><subject></subject><title></title><unit meter="0.010000" name="centimeter"></unit><up_axis>Y_UP</up_axis></asset>
  <library_animations>
    <animation id="Root-anim" name="Root"><animation><source id="Root-Matrix-animation-input"><float_array id="Root-Matrix-animation-input-array" count="32">

0.066667 0.100000 0.133333 0.166667 0.200000 0.233333 0.266667 0.300000 0.333333 0.366667 0.400000 0.433333 0.466667 0.500000 0.533333 0.566667
0.600000 0.633333 0.666667 0.700000 0.733333 0.766667 0.800000 0.833333 0.866667 0.900000 0.933333 0.966667 1.000000 1.033333 1.066667 1.100000</float_array><technique_common><accessor source="#Root-Matrix-animation-input-array" count="32"><param name="TIME" type="float"/></accessor></technique_common></source><source id="Root-Matrix-animation-output-transform"><float_array id="Root-Matrix-animation-output-transform-array" count="512">

1.000000 0.000000 0.000000 0.000000 0.000000 1.000000 0.000000 0.086325 0.000000 0.000000 1.000000 -0.070702 0.000000 0.000000 0.000000 1.000000
1.000000 0.000000 0.000000 -0.000181 0.000000 1.000000 0.000000 0.085976 0.000000 0.000000 1.000000 -0.070702 0.000000 0.000000 0.000000 1.000000
1.000000 0.000000 0.000000 -0.000693 0.000000 1.000000 0.000000 0.085003 0.000000 0.000000 1.000000 -0.070702 0.000000 0.000000 0.000000 1.000000
1.000000 0.000000 0.000000 -0.001485 0.000000 1.000000 0.000000 0.083520 0.000000 0.000000 1.000000 -0.070702 0.000000 0.000000 0.000000 1.000000
1.000000 0.000000 0.000000 -0.002507 0.000000 1.000000 0.000000 0.081641 0.000000 0.000000 1.000000 -0.070702 0.000000 0.000000 0.000000 1.000000
1.000000 0.000000 0.000000 -0.003711 0.000000 1.000000 0.000000 0.079479 0.000000 0.000000 1.000000 -0.070702 0.000000 0.000000 0.000000 1.000000
1.000000 0.000000 0.000000 -0.005047 0.000000 1.000000 0.000000 0.077146 0.000000 0.000000 1.000000 -0.070702 0.000000 0.000000 0.000000 1.000000
1.000000 0.000000 0.000000 -0.006465 0.000000 1.000000 0.000000 0.074757 0.000000 0.000000 1.000000 -0.070702 0.000000 0.000000 0.000000 1.000000
1.000000 0.000000 0.000000 -0.007916 0.000000 1.000000 0.000000 0.072425 0.000000 0.000000 1.000000 -0.070702 0.000000 0.000000 0.000000 1.000000
1.000000 0.000000 0.000000 -0.009350 0.000000 1.000000 0.000000 0.070262 0.000000 0.000000 1.000000 -0.070702 0.000000 0.000000 0.000000 1.000000
1.000000 0.000000 0.000000 -0.010718 0.000000 1.000000 0.000000 0.068383 0.000000 0.000000 1.000000 -0.070702 0.000000 0.000000 0.000000 1.000000
1.000000 0.000000 0.000000 -0.011970 0.000000 1.000000 0.000000 0.066900 0.000000 0.000000 1.000000 -0.070702 0.000000 0.000000 0.000000 1.000000
1.000000 0.000000 0.000000 -0.013056 0.000000 1.000000 0.000000 0.065927 0.000000 0.000000 1.000000 -0.070702 0.000000 0.000000 0.000000 1.000000
1.000000 0.000000 0.000000 -0.013686 0.000000 1.000000 0.000000 0.065321 0.000000 0.000000 1.000000 -0.070702 0.000000 0.000000 0.000000 1.000000
1.000000 0.000000 0.000000 -0.013822 0.000000 1.000000 0.000000 0.065056 0.000000 0.000000 1.000000 -0.070702 0.000000 0.000000 0.000000 1.000000
1.000000 0.000000 0.000000 -0.013795 0.000000 1.000000 0.000000 0.065863 0.000000 0.000000 1.000000 -0.070702 0.000000 0.000000 0.000000 1.000000
1.000000 0.000000 0.000000 -0.013656 0.000000 1.000000 0.000000 0.068009 0.000000 0.000000 1.000000 -0.070702 0.000000 0.000000 0.000000 1.000000
1.000000 0.000000 0.000000 -0.013317 0.000000 1.000000 0.000000 0.071080 0.000000 0.000000 1.000000 -0.070702 0.000000 0.000000 0.000000 1.000000
1.000000 0.000000 0.000000 -0.012690 0.000000 1.000000 0.000000 0.074664 0.000000 0.000000 1.000000 -0.070702 0.000000 0.000000 0.000000 1.000000
1.000000 0.000000 0.000000 -0.011687 0.000000 1.000000 0.000000 0.078347 0.000000 0.000000 1.000000 -0.070702 0.000000 0.000000 0.000000 1.000000
1.000000 0.000000 0.000000 -0.010219 0.000000 1.000000 0.000000 0.081717 0.000000 0.000000 1.000000 -0.070702 0.000000 0.000000 0.000000 1.000000
1.000000 0.000000 0.000000 -0.008200 0.000000 1.000000 0.000000 0.084361 0.000000 0.000000 1.000000 -0.070702 0.000000 0.000000 0.000000 1.000000
1.000000 0.000000 0.000000 -0.006085 0.000000 1.000000 0.000000 0.085865 0.000000 0.000000 1.000000 -0.070702 0.000000 0.000000 0.000000 1.000000
1.000000 0.000000 0.000000 -0.004364 0.000000 1.000000 0.000000 0.086495 0.000000 0.000000 1.000000 -0.070702 0.000000 0.000000 0.000000 1.000000
1.000000 0.000000 0.000000 -0.002995 0.000000 1.000000 0.000000 0.086833 0.000000 0.000000 1.000000 -0.070702 0.000000 0.000000 0.000000 1.000000
1.000000 0.000000 0.000000 -0.001941 0.000000 1.000000 0.000000 0.086944 0.000000 0.000000 1.000000 -0.070702 0.000000 0.000000 0.000000 1.000000
1.000000 0.000000 0.000000 -0.001162 0.000000 1.000000 0.000000 0.086892 0.000000 0.000000 1.000000 -0.070702 0.000000 0.000000 0.000000 1.000000
1.000000 0.000000 0.000000 -0.000617 0.000000 1.000000 0.000000 0.086740 0.000000 0.000000 1.000000 -0.070702 0.000000 0.000000 0.000000 1.000000
1.000000 0.000000 0.000000 -0.000269 0.000000 1.000000 0.000000 0.086552 0.000000 0.000000 1.000000 -0.070702 0.000000 0.000000 0.000000 1.000000
1.000000 0.000000 0.000000 -0.000076 0.000000 1.000000 0.000000 0.086392 0.000000 0.000000 1.000000 -0.070702 0.000000 0.000000 0.000000 1.000000
1.000000 0.000000 0.000000 0.000000 0.000000 1.000000 0.000000 0.086325 0.000000 0.000000 1.000000 -0.070702 0.000000 0.000000 0.000000 1.000000
1.000000 0.000000 0.000000 0.000000 0.000000 1.000000 0.000000 0.086328 0.000000 0.000000 1.000000 -0.070705 0.000000 0.000000 0.000000 1.000000</float_array><technique_common><accessor source="#Root-Matrix-animation-output-transform-array" count="32" stride="16"><param type="float4x4"/></accessor></technique_common></source><source id="Root-Interpolations"><Name_array id="Root-Interpolations-array" count="32">
 LINEAR LINEAR LINEAR LINEAR LINEAR LINEAR LINEAR LINEAR LINEAR LINEAR LINEAR
LINEAR LINEAR LINEAR LINEAR LINEAR LINEAR LINEAR LINEAR LINEAR LINEAR LINEAR LINEAR
LINEAR LINEAR LINEAR LINEAR LINEAR LINEAR LINEAR LINEAR LINEAR</Name_array><technique_common><accessor source="#Root-Interpolations-array" count="32"><param type="name"/></accessor></technique_common></source><sampler id="Root-Matrix-animation-transform"><input semantic="INPUT" source="#Root-Matrix-animation-input"/><input semantic="OUTPUT" source="#Root-Matrix-animation-output-transform"/><input semantic="INTERPOLATION" source="#Root-Interpolations"/></sampler><channel source="#Root-Matrix-animation-transform" target="Root/matrix"/></animation></animation>
    <animation id="LeftUpLeg-anim" name="LeftUpLeg"><animation><source id="LeftUpLeg-Matrix-animation-input"><float_array id="LeftUpLeg-Matrix-animation-input-array" count="32">

0.066667 0.100000 0.133333 0.166667 0.200000 0.233333 0.266667 0.300000 0.333333 0.366667 0.400000 0.433333 0.466667 0.500000 0.533333 0.566667
0.600000 0.633333 0.666667 0.700000 0.733333 0.766667 0.800000 0.833333 0.866667 0.900000 0.933333 0.966667 1.000000 1.033333 1.066667 1.100000</float_array><technique_common><accessor source="#LeftUpLeg-Matrix-animation-input-array" count="32"><param name="TIME" type="float"/></accessor></technique_common></source><source id="LeftUpLeg-Matrix-animation-output-transform"><float_array id="LeftUpLeg-Matrix-animation-output-transform-array" count="512">

1.000000 -0.000166 0.000016 0.053383 0.000166 1.000000 0.000068 -0.005413 -0.000016 -0.000068 1.000000 0.000000 0.000000 0.000000 0.000000 1.000000
0.999902 -0.013702 0.002856 0.053383 0.013667 0.999834 0.012078 -0.005413 -0.003021 -0.012038 0.999923 0.000000 0.000000 0.000000 0.000000 1.000000
0.998813 -0.047859 0.009056 0.053383 0.047430 0.997955 0.042835 -0.005413 -0.011087 -0.042355 0.999041 0.000000 0.000000 0.000000 0.000000 1.000000
0.995535 -0.093173 0.015139 0.053383 0.091575 0.992199 0.084598 -0.005413 -0.022903 -0.082834 0.996301 0.000000 0.000000 0.000000 0.000000 1.000000
0.989520 -0.143144 0.018995 0.053383 0.139441 0.981418 0.131817 -0.005413 -0.037511 -0.127787 0.991092 0.000000 0.000000 0.000000 0.000000 1.000000
0.980831 -0.193848 0.019820 0.053383 0.187172 0.965538 0.180839 -0.005413 -0.054192 -0.173663 0.983313 0.000000 0.000000 0.000000 0.000000 1.000000
0.969906 -0.242843 0.017630 0.053383 0.232501 0.945233 0.229081 -0.005413 -0.072295 -0.218088 0.973248 0.000000 0.000000 0.000000 0.000000 1.000000
0.957397 -0.288483 0.012956 0.053383 0.274013 0.921704 0.274550 -0.005413 -0.091144 -0.259303 0.961486 0.000000 0.000000 0.000000 0.000000 1.000000
0.944095 -0.329607 0.006679 0.053383 0.310777 0.896557 0.315600 -0.005413 -0.110012 -0.295880 0.948869 0.000000 0.000000 0.000000 0.000000 1.000000
0.930870 -0.365350 -0.000094 0.053383 0.342158 0.871690 0.350836 -0.005413 -0.128096 -0.326615 0.936437 0.000000 0.000000 0.000000 0.000000 1.000000
0.918649 -0.395027 -0.006112 0.053383 0.367687 0.849204 0.379024 -0.005413 -0.144534 -0.350437 0.925367 0.000000 0.000000 0.000000 0.000000 1.000000
0.908388 -0.418006 -0.010076 0.053383 0.386958 0.831297 0.399010 -0.005413 -0.158412 -0.366355 0.916891 0.000000 0.000000 0.000000 0.000000 1.000000
0.901071 -0.433539 -0.010735 0.053383 0.399486 0.820151 0.409590 -0.005413 -0.168769 -0.373358 0.912207 0.000000 0.000000 0.000000 0.000000 1.000000
0.896523 -0.442847 -0.011527 0.053383 0.406971 0.813059 0.416306 -0.005413 -0.174988 -0.377919 0.909152 0.000000 0.000000 0.000000 0.000000 1.000000
0.894735 -0.446407 -0.013040 0.053383 0.409990 0.809465 0.420327 -0.005413 -0.177082 -0.381428 0.907279 0.000000 0.000000 0.000000 0.000000 1.000000
0.899613 -0.436657 -0.005265 0.053383 0.401210 0.821704 0.404762 -0.005413 -0.172416 -0.366241 0.914407 0.000000 0.000000 0.000000 0.000000 1.000000
0.912993 -0.407731 0.014124 0.053383 0.375547 0.853445 0.361382 -0.005413 -0.159401 -0.324635 0.932311 0.000000 0.000000 0.000000 0.000000 1.000000
0.932980 -0.357881 0.038342 0.053383 0.331873 0.896594 0.293224 -0.005413 -0.139316 -0.260847 0.955275 0.000000 0.000000 0.000000 0.000000 1.000000
0.957099 -0.283582 0.059522 0.053383 0.266670 0.942401 0.201912 -0.005413 -0.113352 -0.177377 0.977593 0.000000 0.000000 0.000000 0.000000 1.000000
0.981683 -0.177944 0.068079 0.053383 0.171875 0.981311 0.086541 -0.005413 -0.082206 -0.073255 0.993920 0.000000 0.000000 0.000000 0.000000 1.000000
0.998580 -0.025820 0.046599 0.053383 0.028413 0.998034 -0.055867 -0.005413 -0.045065 0.057112 0.997350 0.000000 0.000000 0.000000 0.000000 1.000000
0.999552 0.012157 0.027369 0.053383 -0.010189 0.997431 -0.070908 -0.005413 -0.028161 0.070597 0.997108 0.000000 0.000000 0.000000 0.000000 1.000000
0.999024 0.042732 0.011223 0.053383 -0.041668 0.995741 -0.082244 -0.005413 -0.014690 0.081696 0.996549 0.000000 0.000000 0.000000 0.000000 1.000000
0.997965 0.063767 -0.000217 0.053383 -0.063529 0.993945 -0.089652 -0.005413 -0.005501 0.089483 0.995973 0.000000 0.000000 0.000000 0.000000 1.000000
0.996791 0.079546 -0.008995 0.053383 -0.080041 0.992258 -0.094956 -0.005413 0.001372 0.095372 0.995441 0.000000 0.000000 0.000000 0.000000 1.000000
0.995742 0.090883 -0.015392 0.053383 -0.091963 0.990862 -0.098662 -0.005413 0.006284 0.099658 0.995002 0.000000 0.000000 0.000000 0.000000 1.000000
0.998322 0.057364 -0.007926 0.053383 -0.057753 0.996291 -0.063792 -0.005413 0.004237 0.064142 0.997932 0.000000 0.000000 0.000000 0.000000 1.000000
0.999501 0.031398 -0.003606 0.053383 -0.031507 0.998873 -0.035518 -0.005413 0.002486 0.035614 0.999363 0.000000 0.000000 0.000000 0.000000 1.000000
0.999894 0.014531 -0.001495 0.053383 -0.014554 0.999757 -0.016567 -0.005413 0.001254 0.016587 0.999862 0.000000 0.000000 0.000000 0.000000 1.000000
0.999992 0.003911 -0.000353 0.053383 -0.003913 0.999982 -0.004598 -0.005413 0.000335 0.004600 0.999989 0.000000 0.000000 0.000000 0.000000 1.000000
1.000000 -0.000166 0.000016 0.053383 0.000166 1.000000 0.000068 -0.005413 -0.000016 -0.000068 1.000000 0.000000 0.000000 0.000000 0.000000 1.000000
1.000000 0.000000 0.000000 0.053383 0.000000 1.000000 0.000000 -0.005413 0.000000 0.000000 1.000000 0.000000 0.000000 0.000000 0.000000 1.000000</float_array><technique_common><accessor source="#LeftUpLeg-Matrix-animation-output-transform-array" count="32" stride="16"><param type="float4x4"/></accessor></technique_common></source><source id="LeftUpLeg-Interpolations"><Name_array id="LeftUpLeg-Interpolations-array" count="32">
 LINEAR LINEAR LINEAR LINEAR LINEAR LINEAR LINEAR LINEAR LINEAR LINEAR LINEAR
LINEAR LINEAR LINEAR LINEAR LINEAR LINEAR LINEAR LINEAR LINEAR LINEAR LINEAR LINEAR
LINEAR LINEAR LINEAR LINEAR LINEAR LINEAR LINEAR LINEAR LINEAR</Name_array><technique_common><accessor source="#LeftUpLeg-Interpolations-array" count="32"><param type="name"/></accessor></technique_common></source><sampler id="LeftUpLeg-Matrix-animation-transform"><input semantic="INPUT" source="#LeftUpLeg-Matrix-animation-input"/><input semantic="OUTPUT" source="#LeftUpLeg-Matrix-animation-output-transform"/><input semantic="INTERPOLATION" source="#LeftUpLeg-Interpolations"/></sampler><channel source="#LeftUpLeg-Matrix-animation-transform" target="LeftUpLeg/matrix"/></animation></animation>
    <animation id="LeftLeg-anim" name="LeftLeg"><animation><source id="LeftLeg-Matrix-animation-input"><float_array id="LeftLeg-Matrix-animation-input-array" count="32">

0.066667 0.100000 0.133333 0.166667 0.200000 0.233333 0.266667 0.300000 0.333333 0.366667 0.400000 0.433333 0.466667 0.500000 0.533333 0.566667
0.600000 0.633333 0.666667 0.700000 0.733333 0.766667 0.800000 0.833333 0.866667 0.900000 0.933333 0.966667 1.000000 1.033333 1.066667 1.100000</float_array><technique_common><accessor source="#LeftLeg-Matrix-animation-input-array" count="32"><param name="TIME" type="float"/></accessor></technique_common></source><source id="LeftLeg-Matrix-animation-output-transform"><float_array id="LeftLeg-Matrix-animation-output-transform-array" count="512">

1.000000 0.000312 0.000035 0.031558 -0.000312 1.000000 -0.000234 -0.038571 -0.000035 0.000234 1.000000 -0.001460 0.000000 0.000000 0.000000 1.000000
0.999733 0.023115 -0.000215 0.031558 -0.023114 0.999491 -0.021978 -0.038571 -0.000293 0.021977 0.999758 -0.001460 0.000000 0.000000 0.000000 1.000000
0.996970 0.077736 -0.002996 0.031558 -0.077735 0.993991 -0.077078 -0.038570 -0.003014 0.077077 0.997021 -0.001460 0.000000 0.000000 0.000000 1.000000
0.989555 0.143713 -0.011232 0.031558 -0.143761 0.978142 -0.150231 -0.038570 -0.010604 0.150277 0.988587 -0.001460 0.000000 0.000000 0.000000 1.000000
0.977853 0.207677 -0.025974 0.031558 -0.208018 0.950684 -0.230062 -0.038570 -0.023086 0.230370 0.972829 -0.001460 0.000000 0.000000 0.000000 1.000000
0.963722 0.262812 -0.046576 0.031559 -0.264092 0.913651 -0.309028 -0.038570 -0.038662 0.310117 0.949912 -0.001460 0.000000 0.000000 0.000000 1.000000
0.949242 0.306326 -0.071439 0.031559 -0.309722 0.870634 -0.382187 -0.038570 -0.054877 0.384914 0.921319 -0.001460 0.000000 0.000000 0.000000 1.000000
0.936087 0.337676 -0.098569 0.031559 -0.344864 0.825707 -0.446404 -0.038569 -0.069350 0.451866 0.889386 -0.001460 0.000000 0.000000 0.000000 1.000000
0.925333 0.357634 -0.125922 0.031559 -0.370586 0.782878 -0.499769 -0.038569 -0.080153 0.509118 0.856957 -0.001460 0.000000 0.000000 0.000000 1.000000
0.917492 0.367731 -0.151598 0.031559 -0.388344 0.745758 -0.541326 -0.038569 -0.086007 0.555535 0.827033 -0.001460 0.000000 0.000000 0.000000 1.000000
0.912679 0.369816 -0.173937 0.031559 -0.399472 0.717451 -0.570689 -0.038569 -0.086259 0.590339 0.802534 -0.001460 0.000000 0.000000 0.000000 1.000000
0.910804 0.365727 -0.191518 0.031559 -0.404860 0.700514 -0.587680 -0.038569 -0.080770 0.612800 0.786100 -0.001461 0.000000 0.000000 0.000000 1.000000
0.911785 0.356933 -0.203095 0.031559 -0.404708 0.697024 -0.591920 -0.038569 -0.069714 0.621898 0.779989 -0.001461 0.000000 0.000000 0.000000 1.000000
0.912110 0.351989 -0.210137 0.031559 -0.404983 0.694175 -0.595071 -0.038569 -0.063586 0.627873 0.775714 -0.001461 0.000000 0.000000 0.000000 1.000000
0.911247 0.352443 -0.213104 0.031559 -0.406799 0.689330 -0.599448 -0.038569 -0.064372 0.632936 0.771523 -0.001461 0.000000 0.000000 0.000000 1.000000
0.916789 0.343147 -0.204323 0.031559 -0.395961 0.714276 -0.577082 -0.038569 -0.052081 0.609967 0.790713 -0.001461 0.000000 0.000000 0.000000 1.000000
0.931984 0.314108 -0.180950 0.031559 -0.361920 0.778020 -0.513517 -0.038569 -0.020517 0.544079 0.838784 -0.001460 0.000000 0.000000 0.000000 1.000000
0.954591 0.258476 -0.148138 0.031559 -0.297126 0.862238 -0.410195 -0.038569 0.021705 0.435585 0.899886 -0.001460 0.000000 0.000000 0.000000 1.000000
0.979901 0.164332 -0.113085 0.031559 -0.189271 0.944961 -0.266881 -0.038569 0.063004 0.282920 0.957072 -0.001460 0.000000 0.000000 0.000000 1.000000
0.996162 0.011255 -0.086799 0.031559 -0.018346 0.996518 -0.081333 -0.038570 0.085581 0.082613 0.992900 -0.001460 0.000000 0.000000 0.000000 1.000000
0.967440 -0.236554 -0.090012 0.031558 0.247767 0.957765 0.145941 -0.038570 0.051688 -0.163491 0.985190 -0.001461 0.000000 0.000000 0.000000 1.000000
0.967908 -0.240155 -0.074018 0.031558 0.249203 0.955239 0.159424 -0.038570 0.032418 -0.172754 0.984431 -0.001461 0.000000 0.000000 0.000000 1.000000
0.968049 -0.243179 -0.061197 0.031558 0.250189 0.953108 0.170267 -0.038571 0.016922 -0.180138 0.983496 -0.001461 0.000000 0.000000 0.000000 1.000000
0.968024 -0.245322 -0.052395 0.031557 0.250776 0.951590 0.177726 -0.038571 0.006259 -0.185182 0.982684 -0.001461 0.000000 0.000000 0.000000 1.000000
0.967945 -0.246954 -0.045792 0.031557 0.251158 0.950428 0.183318 -0.038571 -0.001749 -0.188943 0.981987 -0.001461 0.000000 0.000000 0.000000 1.000000
0.967849 -0.248160 -0.041055 0.031557 0.251421 0.949573 0.187348 -0.038571 -0.007507 -0.191647 0.981435 -0.001461 0.000000 0.000000 0.000000 1.000000
0.987690 -0.154839 -0.022190 0.031557 0.156397 0.980047 0.122666 -0.038571 0.002754 -0.124627 0.992200 -0.001461 0.000000 0.000000 0.000000 1.000000
0.996439 -0.083664 -0.010451 0.031558 0.084187 0.994072 0.068800 -0.038571 0.004633 -0.069435 0.997575 -0.001460 0.000000 0.000000 0.000000 1.000000
0.999266 -0.038065 -0.004216 0.031558 0.038181 0.998754 0.032129 -0.038571 0.002988 -0.032266 0.999474 -0.001460 0.000000 0.000000 0.000000 1.000000
0.999946 -0.010343 -0.001076 0.031558 0.010352 0.999907 0.008873 -0.038570 0.000984 -0.008884 0.999960 -0.001460 0.000000 0.000000 0.000000 1.000000
1.000000 0.000312 0.000035 0.031558 -0.000312 1.000000 -0.000234 -0.038571 -0.000035 0.000234 1.000000 -0.001460 0.000000 0.000000 0.000000 1.000000
1.000000 0.000000 0.000000 0.031558 0.000000 1.000000 0.000000 -0.038570 0.000000 0.000000 1.000000 -0.001461 0.000000 0.000000 0.000000 1.000000</float_array><technique_common><accessor source="#LeftLeg-Matrix-animation-output-transform-array" count="32" stride="16"><param type="float4x4"/></accessor></technique_common></source><source id="LeftLeg-Interpolations"><Name_array id="LeftLeg-Interpolations-array" count="32">
 LINEAR LINEAR LINEAR LINEAR LINEAR LINEAR LINEAR LINEAR LINEAR LINEAR LINEAR
LINEAR LINEAR LINEAR LINEAR LINEAR LINEAR LINEAR LINEAR LINEAR LINEAR LINEAR LINEAR
LINEAR LINEAR LINEAR LINEAR LINEAR LINEAR LINEAR LINEAR LINEAR</Name_array><technique_common><accessor source="#LeftLeg-Interpolations-array" count="32"><param type="name"/></accessor></technique_common></source><sampler id="LeftLeg-Matrix-animation-transform"><input semantic="INPUT" source="#LeftLeg-Matrix-animation-input"/><input semantic="OUTPUT" source="#LeftLeg-Matrix-animation-output-transform"/><input semantic="INTERPOLATION" source="#LeftLeg-Interpolations"/></sampler><channel source="#LeftLeg-Matrix-animation-transform" target="LeftLeg/matrix"/></animation></animation>
    <animation id="LeftFootEnd-anim" name="LeftFootEnd"><animation><source id="LeftFootEnd-Matrix-animation-input"><float_array id="LeftFootEnd-Matrix-animation-input-array" count="32">

0.066667 0.100000 0.133333 0.166667 0.200000 0.233333 0.266667 0.300000 0.333333 0.366667 0.400000 0.433333 0.466667 0.500000 0.533333 0.566667
0.600000 0.633333 0.666667 0.700000 0.733333 0.766667 0.800000 0.833333 0.866667 0.900000 0.933333 0.966667 1.000000 1.033333 1.066667 1.100000</float_array><technique_common><accessor source="#LeftFootEnd-Matrix-animation-input-array" count="32"><param name="TIME" type="float"/></accessor></technique_common></source><source id="LeftFootEnd-Matrix-animation-output-transform"><float_array id="LeftFootEnd-Matrix-animation-output-transform-array" count="512">

1.000000 -0.000146 -0.000051 0.009295 0.000146 1.000000 0.000166 -0.034980 0.000051 -0.000166 1.000000 -0.001326 0.000000 0.000000 0.000000 1.000000
0.999951 -0.009450 -0.003035 0.009295 0.009480 0.999906 0.009874 -0.034980 0.002941 -0.009902 0.999947 -0.001326 0.000000 0.000000 0.000000 1.000000
0.999479 -0.030419 -0.010772 0.009295 0.030770 0.998946 0.034040 -0.034980 0.009725 -0.034354 0.999362 -0.001326 0.000000 0.000000 0.000000 1.000000
0.998371 -0.052918 -0.021320 0.009296 0.054209 0.996385 0.065406 -0.034980 0.017782 -0.066455 0.997631 -0.001325 0.000000 0.000000 0.000000 1.000000
0.996942 -0.070842 -0.032978 0.009296 0.073792 0.992343 0.099043 -0.034980 0.025709 -0.101173 0.994536 -0.001325 0.000000 0.000000 0.000000 1.000000
0.995677 -0.081601 -0.044380 0.009296 0.086810 0.987437 0.132033 -0.034980 0.033049 -0.135314 0.990251 -0.001325 0.000000 0.000000 0.000000 1.000000
0.994921 -0.084631 -0.054487 0.009296 0.092467 0.982350 0.162596 -0.034980 0.039764 -0.166809 0.985187 -0.001326 0.000000 0.000000 0.000000 1.000000
0.994796 -0.080402 -0.062574 0.009296 0.090941 0.977645 0.189577 -0.034979 0.045933 -0.194281 0.979870 -0.001325 0.000000 0.000000 0.000000 1.000000
0.995215 -0.069975 -0.068203 0.009297 0.082999 0.973716 0.212104 -0.034979 0.051569 -0.216750 0.974864 -0.001325 0.000000 0.000000 0.000000 1.000000
0.995956 -0.054762 -0.071228 0.009297 0.069795 0.970793 0.229543 -0.034979 0.056578 -0.233586 0.970689 -0.001325 0.000000 0.000000 0.000000 1.000000
0.996760 -0.036347 -0.071745 0.009297 0.052711 0.968991 0.241407 -0.034979 0.060745 -0.244407 0.967768 -0.001325 0.000000 0.000000 0.000000 1.000000
0.997412 -0.016344 -0.070017 0.009297 0.033228 0.968370 0.247298 -0.034979 0.063760 -0.248985 0.966406 -0.001325 0.000000 0.000000 0.000000 1.000000
0.997788 0.003769 -0.066373 0.009297 0.012758 0.968977 0.246821 -0.034979 0.065244 -0.247121 0.966785 -0.001325 0.000000 0.000000 0.000000 1.000000
0.997807 0.015457 -0.064367 0.009297 0.000916 0.969042 0.246895 -0.034979 0.066190 -0.246413 0.966902 -0.001325 0.000000 0.000000 0.000000 1.000000
0.997762 0.017255 -0.064604 0.009297 -0.000633 0.968527 0.248908 -0.034979 0.066866 -0.248311 0.966370 -0.001325 0.000000 0.000000 0.000000 1.000000
0.997929 0.021381 -0.060675 0.009297 -0.006405 0.971489 0.236997 -0.034979 0.064013 -0.236117 0.969614 -0.001325 0.000000 0.000000 0.000000 1.000000
0.998170 0.033710 -0.050195 0.009297 -0.022759 0.978579 0.204609 -0.034979 0.056017 -0.203092 0.977556 -0.001325 0.000000 0.000000 0.000000 1.000000
0.997783 0.056766 -0.034752 0.009296 -0.050724 0.986583 0.155181 -0.034980 0.043095 -0.153074 0.987275 -0.001326 0.000000 0.000000 0.000000 1.000000
0.995287 0.095662 -0.015909 0.009296 -0.093852 0.991479 0.090339 -0.034980 0.024416 -0.088420 0.995784 -0.001325 0.000000 0.000000 0.000000 1.000000
0.987006 0.160618 0.004515 0.009295 -0.160651 0.986977 0.008186 -0.034980 -0.003141 -0.008805 0.999956 -0.001326 0.000000 0.000000 0.000000 1.000000
0.962077 0.271881 0.022104 0.009296 -0.268567 0.958294 -0.097698 -0.034980 -0.047744 0.088056 0.994971 -0.001325 0.000000 0.000000 0.000000 1.000000
0.971391 0.236402 0.022660 0.009296 -0.233163 0.967481 -0.098054 -0.034980 -0.045104 0.089966 0.994923 -0.001325 0.000000 0.000000 0.000000 1.000000
0.977985 0.207395 0.023082 0.009296 -0.204234 0.973996 -0.098079 -0.034980 -0.042823 0.091206 0.994911 -0.001325 0.000000 0.000000 0.000000 1.000000
0.982045 0.187199 0.023349 0.009296 -0.184103 0.978016 -0.097936 -0.034980 -0.041169 0.091879 0.994919 -0.001325 0.000000 0.000000 0.000000 1.000000
0.984832 0.171904 0.023540 0.009296 -0.168859 0.980779 -0.097776 -0.034980 -0.039896 0.092318 0.994930 -0.001325 0.000000 0.000000 0.000000 1.000000
0.986694 0.160859 0.023668 0.009296 -0.157854 0.982626 -0.097616 -0.034980 -0.038959 0.092581 0.994943 -0.001325 0.000000 0.000000 0.000000 1.000000
0.994983 0.098599 0.016965 0.009296 -0.097373 0.993305 -0.062162 -0.034980 -0.022980 0.060199 0.997922 -0.001325 0.000000 0.000000 0.000000 1.000000
0.998568 0.052534 0.010106 0.009295 -0.052160 0.998053 -0.034196 -0.034980 -0.011882 0.033620 0.999364 -0.001325 0.000000 0.000000 0.000000 1.000000
0.999710 0.023579 0.004874 0.009295 -0.023499 0.999600 -0.015743 -0.034980 -0.005243 0.015624 0.999864 -0.001325 0.000000 0.000000 0.000000 1.000000
0.999978 0.006435 0.001367 0.009295 -0.006429 0.999970 -0.004288 -0.034980 -0.001395 0.004279 0.999990 -0.001326 0.000000 0.000000 0.000000 1.000000
1.000000 -0.000146 -0.000051 0.009295 0.000146 1.000000 0.000166 -0.034980 0.000051 -0.000166 1.000000 -0.001326 0.000000 0.000000 0.000000 1.000000
1.000000 0.000000 0.000000 0.009296 0.000000 1.000000 0.000000 -0.034980 0.000000 0.000000 1.000000 -0.001325 0.000000 0.000000 0.000000 1.000000</float_array><technique_common><accessor source="#LeftFootEnd-Matrix-animation-output-transform-array" count="32" stride="16"><param type="float4x4"/></accessor></technique_common></source><source id="LeftFootEnd-Interpolations"><Name_array id="LeftFootEnd-Interpolations-array" count="32">
 LINEAR LINEAR LINEAR LINEAR LINEAR LINEAR LINEAR LINEAR LINEAR LINEAR LINEAR
LINEAR LINEAR LINEAR LINEAR LINEAR LINEAR LINEAR LINEAR LINEAR LINEAR LINEAR LINEAR
LINEAR LINEAR LINEAR LINEAR LINEAR LINEAR LINEAR LINEAR LINEAR</Name_array><technique_common><accessor source="#LeftFootEnd-Interpolations-array" count="32"><param type="name"/></accessor></technique_common></source><sampler id="LeftFootEnd-Matrix-animation-transform"><input semantic="INPUT" source="#LeftFootEnd-Matrix-animation-input"/><input semantic="OUTPUT" source="#LeftFootEnd-Matrix-animation-output-transform"/><input semantic="INTERPOLATION" source="#LeftFootEnd-Interpolations"/></sampler><channel source="#LeftFootEnd-Matrix-animation-transform" target="LeftFootEnd/matrix"/></animation></animation>
    <animation id="RightUpLeg-anim" name="RightUpLeg"><animation><source id="RightUpLeg-Matrix-animation-input"><float_array id="RightUpLeg-Matrix-animation-input-array" count="32">

0.066667 0.100000 0.133333 0.166667 0.200000 0.233333 0.266667 0.300000 0.333333 0.366667 0.400000 0.433333 0.466667 0.500000 0.533333 0.566667
0.600000 0.633333 0.666667 0.700000 0.733333 0.766667 0.800000 0.833333 0.866667 0.900000 0.933333 0.966667 1.000000 1.033333 1.066667 1.100000</float_array><technique_common><accessor source="#RightUpLeg-Matrix-animation-input-array" count="32"><param name="TIME" type="float"/></accessor></technique_common></source><source id="RightUpLeg-Matrix-animation-output-transform"><float_array id="RightUpLeg-Matrix-animation-output-transform-array" count="512">

1.000000 0.000164 -0.000016 -0.053383 -0.000164 1.000000 0.000067 -0.005413 0.000016 -0.000067 1.000000 0.000000 0.000000 0.000000 0.000000 1.000000
0.999852 0.017126 -0.001765 -0.053383 -0.017090 0.999680 0.018642 -0.005413 0.002084 -0.018609 0.999825 0.000000 0.000000 0.000000 0.000000 1.000000
0.998472 0.055176 -0.003120 -0.053383 -0.054871 0.996505 0.062987 -0.005413 0.006584 -0.062720 0.998009 0.000000 0.000000 0.000000 0.000000 1.000000
0.995180 0.098065 0.000308 -0.053383 -0.097413 0.988189 0.118295 -0.005413 0.011296 -0.117755 0.992978 0.000000 0.000000 0.000000 0.000000 1.000000
0.990435 0.137652 0.009535 -0.053383 -0.137168 0.974743 0.176245 -0.005413 0.014966 -0.175867 0.984300 0.000000 0.000000 0.000000 0.000000 1.000000
0.985058 0.170571 0.023788 -0.053383 -0.171392 0.957367 0.232536 -0.005413 0.016890 -0.233138 0.972297 0.000000 0.000000 0.000000 0.000000 1.000000
0.979802 0.195580 0.041662 -0.053383 -0.199275 0.937656 0.284763 -0.005413 0.016629 -0.287314 0.957692 0.000000 0.000000 0.000000 0.000000 1.000000
0.975224 0.212470 0.061594 -0.053383 -0.220779 0.917264 0.331487 -0.005413 0.013933 -0.336873 0.941447 0.000000 0.000000 0.000000 0.000000 1.000000
0.971664 0.221669 0.082049 -0.053383 -0.236204 0.897753 0.371815 -0.005413 0.008760 -0.380659 0.924674 0.000000 0.000000 0.000000 0.000000 1.000000
0.969262 0.224067 0.101615 -0.053383 -0.246028 0.880498 0.405209 -0.005413 0.001322 -0.417754 0.908559 0.000000 0.000000 0.000000 0.000000 1.000000
0.967995 0.220941 0.119041 -0.053383 -0.250846 0.866613 0.431344 -0.005413 -0.007861 -0.447400 0.894300 0.000000 0.000000 0.000000 0.000000 1.000000
0.967729 0.213861 0.133281 -0.053383 -0.251351 0.856912 0.450028 -0.005413 -0.017966 -0.469006 0.883013 0.000000 0.000000 0.000000 0.000000 1.000000
0.968287 0.204566 0.143434 -0.053383 -0.248280 0.851938 0.461040 -0.005413 -0.027883 -0.482031 0.875710 0.000000 0.000000 0.000000 0.000000 1.000000
0.968583 0.198737 0.149497 -0.053383 -0.246355 0.848927 0.467580 -0.005413 -0.033987 -0.489720 0.871217 0.000000 0.000000 0.000000 0.000000 1.000000
0.968427 0.197869 0.151649 -0.053383 -0.246780 0.847128 0.470609 -0.005413 -0.035347 -0.493174 0.869212 0.000000 0.000000 0.000000 0.000000 1.000000
0.969730 0.195379 0.146457 -0.053383 -0.241644 0.854061 0.460639 -0.005413 -0.035084 -0.482086 0.875421 0.000000 0.000000 0.000000 0.000000 1.000000
0.973172 0.187961 0.132694 -0.053383 -0.227509 0.872113 0.433198 -0.005413 -0.034300 -0.451765 0.891478 0.000000 0.000000 0.000000 0.000000 1.000000
0.978101 0.174574 0.113327 -0.053383 -0.205442 0.897056 0.391260 -0.005413 -0.033357 -0.405973 0.913276 0.000000 0.000000 0.000000 0.000000 1.000000
0.983811 0.154128 0.091437 -0.053383 -0.176236 0.924644 0.337602 -0.005413 -0.032512 -0.348251 0.936837 0.000000 0.000000 0.000000 0.000000 1.000000
0.989480 0.126688 0.069856 -0.053383 -0.141193 0.950891 0.275447 -0.005413 -0.031530 -0.282412 0.958775 0.000000 0.000000 0.000000 0.000000 1.000000
0.994268 0.094139 0.050700 -0.053383 -0.102730 0.972542 0.208826 -0.005413 -0.029649 -0.212838 0.976638 0.000000 0.000000 0.000000 0.000000 1.000000
0.997538 0.060867 0.034822 -0.053383 -0.065255 0.987549 0.143142 -0.005413 -0.025675 -0.145061 0.989089 0.000000 0.000000 0.000000 0.000000 1.000000
0.999119 0.034617 0.023705 -0.053383 -0.036639 0.995177 0.090996 -0.005413 -0.020441 -0.091784 0.995569 0.000000 0.000000 0.000000 0.000000 1.000000
0.999701 0.017887 0.016651 -0.053383 -0.018801 0.998229 0.056440 -0.005413 -0.015612 -0.056736 0.998267 0.000000 0.000000 0.000000 0.000000 1.000000
0.999921 0.002884 0.012243 -0.053383 -0.003231 0.999590 0.028452 -0.005413 -0.012156 -0.028490 0.999520 0.000000 0.000000 0.000000 0.000000 1.000000
0.999925 -0.007893 0.009348 -0.053383 0.007814 0.999934 0.008414 -0.005413 -0.009414 -0.008340 0.999921 0.000000 0.000000 0.000000 0.000000 1.000000
0.999894 -0.012782 0.006961 -0.053383 0.012803 0.999913 -0.003017 -0.005413 -0.006921 0.003106 0.999971 0.000000 0.000000 0.000000 0.000000 1.000000
0.999920 -0.011860 0.004581 -0.053383 0.011890 0.999908 -0.006649 -0.005413 -0.004502 0.006703 0.999968 0.000000 0.000000 0.000000 0.000000 1.000000
0.999972 -0.007198 0.002336 -0.053383 0.007210 0.999962 -0.004967 -0.005413 -0.002300 0.004983 0.999985 0.000000 0.000000 0.000000 0.000000 1.000000
0.999998 -0.002053 0.000666 -0.053383 0.002054 0.999997 -0.001493 -0.005413 -0.000663 0.001495 0.999999 0.000000 0.000000 0.000000 0.000000 1.000000
1.000000 0.000164 -0.000016 -0.053383 -0.000164 1.000000 0.000067 -0.005413 0.000016 -0.000067 1.000000 0.000000 0.000000 0.000000 0.000000 1.000000
1.000000 0.000000 0.000000 -0.053383 0.000000 1.000000 0.000000 -0.005413 0.000000 0.000000 1.000000 0.000000 0.000000 0.000000 0.000000 1.000000</float_array><technique_common><accessor source="#RightUpLeg-Matrix-animation-output-transform-array" count="32" stride="16"><param type="float4x4"/></accessor></technique_common></source><source id="RightUpLeg-Interpolations"><Name_array id="RightUpLeg-Interpolations-array" count="32">
 LINEAR LINEAR LINEAR LINEAR LINEAR LINEAR LINEAR LINEAR LINEAR LINEAR LINEAR
LINEAR LINEAR LINEAR LINEAR LINEAR LINEAR LINEAR LINEAR LINEAR LINEAR LINEAR LINEAR
LINEAR LINEAR LINEAR LINEAR LINEAR LINEAR LINEAR LINEAR LINEAR</Name_array><technique_common><accessor source="#RightUpLeg-Interpolations-array" count="32"><param type="name"/></accessor></technique_common></source><sampler id="RightUpLeg-Matrix-animation-transform"><input semantic="INPUT" source="#RightUpLeg-Matrix-animation-input"/><input semantic="OUTPUT" source="#RightUpLeg-Matrix-animation-output-transform"/><input semantic="INTERPOLATION" source="#RightUpLeg-Interpolations"/></sampler><channel source="#RightUpLeg-Matrix-animation-transform" target="RightUpLeg/matrix"/></animation></animation>
    <animation id="RightLeg-anim" name="RightLeg"><animation><source id="RightLeg-Matrix-animation-input"><float_array id="RightLeg-Matrix-animation-input-array" count="32">

0.066667 0.100000 0.133333 0.166667 0.200000 0.233333 0.266667 0.300000 0.333333 0.366667 0.400000 0.433333 0.466667 0.500000 0.533333 0.566667
0.600000 0.633333 0.666667 0.700000 0.733333 0.766667 0.800000 0.833333 0.866667 0.900000 0.933333 0.966667 1.000000 1.033333 1.066667 1.100000</float_array><technique_common><accessor source="#RightLeg-Matrix-animation-input-array" count="32"><param name="TIME" type="float"/></accessor></technique_common></source><source id="RightLeg-Matrix-animation-output-transform"><float_array id="RightLeg-Matrix-animation-output-transform-array" count="512">

1.000000 -0.000307 -0.000034 -0.031558 0.000307 1.000000 -0.000230 -0.038571 0.000034 0.000230 1.000000 -0.001460 0.000000 0.000000 0.000000 1.000000
0.999176 -0.040476 -0.002909 -0.031558 0.040345 0.998534 -0.036087 -0.038570 0.004366 0.035939 0.999345 -0.001460 0.000000 0.000000 0.000000 1.000000
0.991294 -0.131509 -0.006396 -0.031558 0.129739 0.983925 -0.122717 -0.038570 0.022432 0.120819 0.992421 -0.001460 0.000000 0.000000 0.000000 1.000000
0.971732 -0.236044 -0.004607 -0.031558 0.228556 0.945438 -0.232183 -0.038570 0.059161 0.224566 0.972661 -0.001460 0.000000 0.000000 0.000000 1.000000
0.942002 -0.335585 0.003880 -0.031558 0.315931 0.882813 -0.347605 -0.038570 0.113225 0.328670 0.937633 -0.001460 0.000000 0.000000 0.000000 1.000000
0.905930 -0.423046 0.017972 -0.031559 0.383281 0.801258 -0.459437 -0.038570 0.179963 0.423106 0.888029 -0.001459 0.000000 0.000000 0.000000 1.000000
0.867355 -0.496410 0.035679 -0.031559 0.428182 0.707757 -0.561908 -0.038570 0.253685 0.502651 0.826430 -0.001459 0.000000 0.000000 0.000000 1.000000
0.829377 -0.555991 0.054838 -0.031559 0.451620 0.609413 -0.651656 -0.038570 0.328896 0.565235 0.756530 -0.001459 0.000000 0.000000 0.000000 1.000000
0.794233 -0.603158 0.073450 -0.031559 0.456664 0.512803 -0.726974 -0.038570 0.400814 0.610928 0.682726 -0.001460 0.000000 0.000000 0.000000 1.000000
0.763350 -0.639707 0.089840 -0.031559 0.447729 0.423681 -0.787423 -0.038570 0.465656 0.641303 0.609832 -0.001460 0.000000 0.000000 0.000000 1.000000
0.737500 -0.667488 0.102732 -0.031559 0.430070 0.346899 -0.833487 -0.038570 0.520705 0.658879 0.542905 -0.001460 0.000000 0.000000 0.000000 1.000000
0.716970 -0.688170 0.111247 -0.031558 0.409322 0.286415 -0.866269 -0.038570 0.564278 0.666625 0.487034 -0.001460 0.000000 0.000000 0.000000 1.000000
0.701826 -0.703029 0.114849 -0.031558 0.391125 0.245557 -0.886974 -0.038570 0.595367 0.667422 0.447310 -0.001460 0.000000 0.000000 0.000000 1.000000
0.693077 -0.711289 0.117098 -0.031558 0.378822 0.221179 -0.898651 -0.038570 0.613301 0.667194 0.422746 -0.001460 0.000000 0.000000 0.000000 1.000000
0.690553 -0.713447 0.118867 -0.031558 0.374166 0.211732 -0.902868 -0.038570 0.618980 0.667954 0.413160 -0.001460 0.000000 0.000000 0.000000 1.000000
0.694928 -0.710443 0.111117 -0.031558 0.385382 0.237504 -0.891669 -0.038570 0.607089 0.662467 0.438840 -0.001460 0.000000 0.000000 0.000000 1.000000
0.709083 -0.699326 0.090245 -0.031558 0.412309 0.307390 -0.857620 -0.038570 0.572016 0.645333 0.506304 -0.001460 0.000000 0.000000 0.000000 1.000000
0.735404 -0.674975 0.059912 -0.031558 0.441686 0.410417 -0.797792 -0.038570 0.513901 0.613162 0.599949 -0.001459 0.000000 0.000000 0.000000 1.000000
0.775088 -0.631363 0.024900 -0.031558 0.458353 0.534694 -0.709940 -0.038570 0.434916 0.561679 0.703822 -0.001459 0.000000 0.000000 0.000000 1.000000
0.826083 -0.563483 -0.008576 -0.031558 0.448398 0.666431 -0.595658 -0.038570 0.341359 0.488218 0.803192 -0.001459 0.000000 0.000000 0.000000 1.000000
0.882344 -0.469393 -0.033726 -0.031558 0.402743 0.790243 -0.461859 -0.038570 0.243446 0.393936 0.886311 -0.001459 0.000000 0.000000 0.000000 1.000000
0.934533 -0.353055 -0.044724 -0.031558 0.321144 0.890790 -0.321497 -0.038570 0.153346 0.286087 0.945854 -0.001459 0.000000 0.000000 0.000000 1.000000
0.969127 -0.242985 -0.041848 -0.031558 0.229559 0.951140 -0.206481 -0.038570 0.089975 0.190499 0.977555 -0.001460 0.000000 0.000000 0.000000 1.000000
0.986427 -0.160774 -0.033355 -0.031558 0.155245 0.979360 -0.129429 -0.038570 0.053476 0.122494 0.991027 -0.001460 0.000000 0.000000 0.000000 1.000000
0.995544 -0.091193 -0.024000 -0.031558 0.089377 0.993662 -0.068162 -0.038571 0.030064 0.065713 0.997385 -0.001460 0.000000 0.000000 0.000000 1.000000
0.999131 -0.038805 -0.015242 -0.031558 0.038421 0.998957 -0.024686 -0.038571 0.016184 0.024079 0.999579 -0.001460 0.000000 0.000000 0.000000 1.000000
0.999945 -0.006373 -0.008341 -0.031558 0.006378 0.999980 0.000538 -0.038571 0.008337 -0.000591 0.999965 -0.001460 0.000000 0.000000 0.000000 1.000000
0.999966 0.007199 -0.003843 -0.031558 -0.007161 0.999927 0.009741 -0.038571 0.003913 -0.009714 0.999945 -0.001460 0.000000 0.000000 0.000000 1.000000
0.999972 0.007376 -0.001454 -0.031558 -0.007364 0.999940 0.008061 -0.038571 0.001513 -0.008050 0.999966 -0.001460 0.000000 0.000000 0.000000 1.000000
0.999997 0.002135 -0.000428 -0.031558 -0.002134 0.999995 0.002366 -0.038571 0.000433 -0.002365 0.999997 -0.001460 0.000000 0.000000 0.000000 1.000000
1.000000 -0.000307 -0.000034 -0.031558 0.000307 1.000000 -0.000230 -0.038571 0.000034 0.000230 1.000000 -0.001460 0.000000 0.000000 0.000000 1.000000
1.000000 0.000000 0.000000 -0.031558 0.000000 1.000000 0.000000 -0.038570 0.000000 0.000000 1.000000 -0.001461 0.000000 0.000000 0.000000 1.000000</float_array><technique_common><accessor source="#RightLeg-Matrix-animation-output-transform-array" count="32" stride="16"><param type="float4x4"/></accessor></technique_common></source><source id="RightLeg-Interpolations"><Name_array id="RightLeg-Interpolations-array" count="32">
 LINEAR LINEAR LINEAR LINEAR LINEAR LINEAR LINEAR LINEAR LINEAR LINEAR LINEAR
LINEAR LINEAR LINEAR LINEAR LINEAR LINEAR LINEAR LINEAR LINEAR LINEAR LINEAR LINEAR
LINEAR LINEAR LINEAR LINEAR LINEAR LINEAR LINEAR LINEAR LINEAR</Name_array><technique_common><accessor source="#RightLeg-Interpolations-array" count="32"><param type="name"/></accessor></technique_common></source><sampler id="RightLeg-Matrix-animation-transform"><input semantic="INPUT" source="#RightLeg-Matrix-animation-input"/><input semantic="OUTPUT" source="#RightLeg-Matrix-animation-output-transform"/><input semantic="INTERPOLATION" source="#RightLeg-Interpolations"/></sampler><channel source="#RightLeg-Matrix-animation-transform" target="RightLeg/matrix"/></animation></animation>
