<?xml version="1.0" encoding="utf-8"?>
<COLLADA xmlns="http://www.collada.org/2005/11/COLLADASchema" version="1.4.1">
  <asset><contributor><author></author><authoring_tool>FBX COLLADA exporter</authoring_tool><comments></comments></contributor><created>2012-05-29T14:55:21Z</created><keywords></keywords><modified>2012-05-29T14:55:21Z</modified><revision></revision><subject></subject><title></title><unit meter="0.010000" name="centimeter"></unit><up_axis>Y_UP</up_axis></asset>
  <library_animations>
    <animation id="Root-anim" name="Root"><animation><source id="Root-Matrix-animation-input"><float_array id="Root-Matrix-animation-input-array" count="42">

0.066667 0.100000 0.133333 0.166667 0.200000 0.233333 0.266667 0.300000 0.333333 0.366667 0.400000 0.433333 0.466667 0.500000 0.533333 0.566667
0.600000 0.633333 0.666667 0.700000 0.733333 0.766667 0.800000 0.833333 0.866667 0.900000 0.933333 0.966667 1.000000 1.033333 1.066667 1.100000
1.133333 1.166667 1.200000 1.233333 1.266667 1.300000 1.333333 1.366667 1.400000 1.433333</float_array><technique_common><accessor source="#Root-Matrix-animation-input-array" count="42"><param name="TIME" type="float"/></accessor></technique_common></source><source id="Root-Matrix-animation-output-transform"><float_array id="Root-Matrix-animation-output-transform-array" count="672">

1.000000 0.000000 0.000000 0.000000 0.000000 1.000000 0.000000 0.086325 0.000000 0.000000 1.000000 -0.070702 0.000000 0.000000 0.000000 1.000000
1.000000 0.000000 0.000000 -0.000002 0.000000 1.000000 0.000000 0.084238 0.000000 0.000000 1.000000 -0.070702 0.000000 0.000000 0.000000 1.000000
1.000000 0.000000 0.000000 -0.000006 0.000000 1.000000 0.000000 0.079021 0.000000 0.000000 1.000000 -0.070702 0.000000 0.000000 0.000000 1.000000
1.000000 0.000000 0.000000 -0.000012 0.000000 1.000000 0.000000 0.072238 0.000000 0.000000 1.000000 -0.070702 0.000000 0.000000 0.000000 1.000000
1.000000 0.000000 0.000000 -0.000019 0.000000 1.000000 0.000000 0.065455 0.000000 0.000000 1.000000 -0.070702 0.000000 0.000000 0.000000 1.000000
1.000000 0.000000 0.000000 -0.000025 0.000000 1.000000 0.000000 0.060238 0.000000 0.000000 1.000000 -0.070702 0.000000 0.000000 0.000000 1.000000
1.000000 0.000000 0.000000 -0.000030 0.000000 1.000000 0.000000 0.058151 0.000000 0.000000 1.000000 -0.070702 0.000000 0.000000 0.000000 1.000000
1.000000 0.000000 0.000000 -0.000033 0.000000 1.000000 0.000000 0.058381 0.000000 0.000000 1.000000 -0.070702 0.000000 0.000000 0.000000 1.000000
1.000000 0.000000 0.000000 -0.000036 0.000000 1.000000 0.000000 0.058976 0.000000 0.000000 1.000000 -0.070702 0.000000 0.000000 0.000000 1.000000
1.000000 0.000000 0.000000 -0.000038 0.000000 1.000000 0.000000 0.059790 0.000000 0.000000 1.000000 -0.070702 0.000000 0.000000 0.000000 1.000000
1.000000 0.000000 0.000000 -0.000040 0.000000 1.000000 0.000000 0.060676 0.000000 0.000000 1.000000 -0.070702 0.000000 0.000000 0.000000 1.000000
1.000000 0.000000 0.000000 -0.000043 0.000000 1.000000 0.000000 0.061489 0.000000 0.000000 1.000000 -0.070702 0.000000 0.000000 0.000000 1.000000
1.000000 0.000000 0.000000 -0.000045 0.000000 1.000000 0.000000 0.062084 0.000000 0.000000 1.000000 -0.070702 0.000000 0.000000 0.000000 1.000000
1.000000 0.000000 0.000000 -0.000047 0.000000 1.000000 0.000000 0.062315 0.000000 0.000000 1.000000 -0.070702 0.000000 0.000000 0.000000 1.000000
0.999971 0.007593 0.000000 -0.000009 -0.007593 0.999971 0.000000 0.061099 0.000000 0.000000 1.000000 -0.070702 0.000000 0.000000 0.000000 1.000000
0.999670 0.025697 0.000000 0.000086 -0.025697 0.999670 0.000000 0.058198 0.000000 0.000000 1.000000 -0.070702 0.000000 0.000000 0.000000 1.000000
0.998881 0.047294 0.000000 0.000200 -0.047294 0.998881 0.000000 0.054734 0.000000 0.000000 1.000000 -0.070702 0.000000 0.000000 0.000000 1.000000
0.997861 0.065372 0.000000 0.000295 -0.065372 0.997861 0.000000 0.051830 0.000000 0.000000 1.000000 -0.070702 0.000000 0.000000 0.000000 1.000000
0.997336 0.072947 0.000000 0.000333 -0.072947 0.997336 0.000000 0.050611 0.000000 0.000000 1.000000 -0.070702 0.000000 0.000000 0.000000 1.000000
0.998287 0.058514 0.000000 0.000252 -0.058514 0.998287 0.000000 0.051321 0.000000 0.000000 1.000000 -0.070702 0.000000 0.000000 0.000000 1.000000
0.999164 0.040902 0.000000 0.000153 -0.040902 0.999164 0.000000 0.052030 0.000000 0.000000 1.000000 -0.070702 0.000000 0.000000 0.000000 1.000000
0.999336 0.036419 0.000045 0.000128 -0.036419 0.999335 0.001639 0.051782 0.000014 -0.001639 0.999998 -0.070711 0.000000 0.000000 0.000000 1.000000
0.999402 0.034585 0.000159 0.000117 -0.034585 0.999383 0.006045 0.051114 0.000050 -0.006047 0.999982 -0.070735 0.000000 0.000000 0.000000 1.000000
0.999428 0.033828 0.000321 0.000113 -0.033830 0.999350 0.012453 0.050141 0.000101 -0.012457 0.999922 -0.070769 0.000000 0.000000 0.000000 1.000000
0.999469 0.032577 0.000499 0.000105 -0.032580 0.999267 0.020098 0.048979 0.000156 -0.020103 0.999798 -0.070811 0.000000 0.000000 0.000000 1.000000
0.999572 0.029260 0.000629 0.000087 -0.029266 0.999174 0.028214 0.047745 0.000197 -0.028221 0.999602 -0.070855 0.000000 0.000000 0.000000 1.000000
0.999751 0.022306 0.000612 0.000049 -0.022314 0.999101 0.036039 0.046555 0.000192 -0.036044 0.999350 -0.070897 0.000000 0.000000 0.000000 1.000000
0.999995 -0.003041 0.000892 -0.000089 0.002998 0.998985 0.044949 0.045195 -0.001028 -0.044946 0.998989 -0.070945 0.000000 0.000000 0.000000 1.000000
0.999184 -0.040375 0.001130 -0.000292 0.040249 0.997630 0.055808 0.043539 -0.003381 -0.055717 0.998441 -0.071004 0.000000 0.000000 0.000000 1.000000
0.998228 -0.059512 0.000810 -0.000395 0.059324 0.995994 0.066905 0.041845 -0.004788 -0.066739 0.997759 -0.071063 0.000000 0.000000 0.000000 1.000000
0.999170 -0.040727 0.000032 -0.000294 0.040602 0.996149 0.077713 0.040189 -0.003197 -0.077647 0.996976 -0.071122 0.000000 0.000000 0.000000 1.000000
0.999983 -0.005797 -0.000547 -0.000105 0.005822 0.996032 0.088812 0.038494 0.000030 -0.088814 0.996048 -0.071183 0.000000 0.000000 0.000000 1.000000
0.999915 0.013022 -0.000563 -0.000004 -0.012901 0.994922 0.099820 0.036816 0.001860 -0.099804 0.995005 -0.071242 0.000000 0.000000 0.000000 1.000000
0.999995 0.003207 -0.000281 -0.000058 -0.003156 0.993821 0.110950 0.035110 0.000636 -0.110948 0.993826 -0.071303 0.000000 0.000000 0.000000 1.000000
0.999887 -0.015030 -0.000087 -0.000157 0.014928 0.992425 0.121938 0.033424 -0.001746 -0.121926 0.992537 -0.071362 0.000000 0.000000 0.000000 1.000000
0.999691 -0.024848 -0.000169 -0.000210 0.024655 0.991017 0.131442 0.031965 -0.003098 -0.131405 0.991324 -0.071413 0.000000 0.000000 0.000000 1.000000
0.999752 -0.022263 -0.000293 -0.000196 0.022083 0.989854 0.140359 0.030593 -0.002834 -0.140331 0.990100 -0.071462 0.000000 0.000000 0.000000 1.000000
0.999870 -0.016099 -0.000323 -0.000163 0.015966 0.988614 0.149628 0.029164 -0.002090 -0.149614 0.988742 -0.071512 0.000000 0.000000 0.000000 1.000000
0.999962 -0.008744 -0.000230 -0.000124 0.008670 0.987416 0.157909 0.027886 -0.001154 -0.157905 0.987454 -0.071557 0.000000 0.000000 0.000000 1.000000
0.999997 -0.002583 -0.000079 -0.000091 0.002561 0.986480 0.163860 0.026967 -0.000345 -0.163859 0.986484 -0.071589 0.000000 0.000000 0.000000 1.000000
1.000000 0.000000 0.000000 -0.000077 0.000000 0.986102 0.166141 0.026614 0.000000 -0.166141 0.986102 -0.071601 0.000000 0.000000 0.000000 1.000000
1.000000 0.000000 0.000000 0.000000 0.000000 1.000000 0.000000 0.086328 0.000000 0.000000 1.000000 -0.070705 0.000000 0.000000 0.000000 1.000000</float_array><technique_common><accessor source="#Root-Matrix-animation-output-transform-array" count="42" stride="16"><param type="float4x4"/></accessor></technique_common></source><source id="Root-Interpolations"><Name_array id="Root-Interpolations-array" count="42">
 LINEAR LINEAR LINEAR LINEAR LINEAR LINEAR LINEAR LINEAR LINEAR LINEAR LINEAR
LINEAR LINEAR LINEAR LINEAR LINEAR LINEAR LINEAR LINEAR LINEAR LINEAR LINEAR LINEAR
LINEAR LINEAR LINEAR LINEAR LINEAR LINEAR LINEAR LINEAR LINEAR LINEAR LINEAR LINEAR
LINEAR LINEAR LINEAR LINEAR LINEAR LINEAR LINEAR</Name_array><technique_common><accessor source="#Root-Interpolations-array" count="42"><param type="name"/></accessor></technique_common></source><sampler id="Root-Matrix-animation-transform"><input semantic="INPUT" source="#Root-Matrix-animation-input"/><input semantic="OUTPUT" source="#Root-Matrix-animation-output-transform"/><input semantic="INTERPOLATION" source="#Root-Interpolations"/></sampler><channel source="#Root-Matrix-animation-transform" target="Root/matrix"/></animation></animation>
    <animation id="LeftUpLeg-anim" name="LeftUpLeg"><animation><source id="LeftUpLeg-Matrix-animation-input"><float_array id="LeftUpLeg-Matrix-animation-input-array" count="42">

0.066667 0.100000 0.133333 0.166667 0.200000 0.233333 0.266667 0.300000 0.333333 0.366667 0.400000 0.433333 0.466667 0.500000 0.533333 0.566667
0.600000 0.633333 0.666667 0.700000 0.733333 0.766667 0.800000 0.833333 0.866667 0.900000 0.933333 0.966667 1.000000 1.033333 1.066667 1.100000
1.133333 1.166667 1.200000 1.233333 1.266667 1.300000 1.333333 1.366667 1.400000 1.433333</float_array><technique_common><accessor source="#LeftUpLeg-Matrix-animation-input-array" count="42"><param name="TIME" type="float"/></accessor></technique_common></source><source id="LeftUpLeg-Matrix-animation-output-transform"><float_array id="LeftUpLeg-Matrix-animation-output-transform-array" count="672">

1.000000 -0.000166 0.000016 0.053383 0.000166 1.000000 0.000068 -0.005413 -0.000016 -0.000068 1.000000 0.000000 0.000000 0.000000 0.000000 1.000000
0.997035 -0.076590 0.007405 0.053383 0.075756 0.993916 0.079955 -0.005413 -0.013483 -0.079157 0.996771 0.000000 0.000000 0.000000 0.000000 1.000000
0.980702 -0.195456 -0.004576 0.053383 0.191552 0.955905 0.222608 -0.005413 -0.039136 -0.219189 0.974897 0.000000 0.000000 0.000000 0.000000 1.000000
0.955782 -0.290797 -0.043800 0.053383 0.286565 0.887527 0.360800 -0.005413 -0.066046 -0.357397 0.931615 0.000000 0.000000 0.000000 0.000000 1.000000
0.931519 -0.351043 -0.095086 0.053383 0.352765 0.808495 0.471054 -0.005413 -0.088484 -0.472339 0.876964 0.000000 0.000000 0.000000 0.000000 1.000000
0.914346 -0.380361 -0.138914 0.053383 0.391616 0.743357 0.542271 -0.005413 -0.102996 -0.550224 0.828641 0.000000 0.000000 0.000000 0.000000 1.000000
0.907920 -0.388607 -0.157053 0.053383 0.404949 0.716580 0.567917 -0.005413 -0.108155 -0.579221 0.807963 0.000000 0.000000 0.000000 0.000000 1.000000
0.908601 -0.387830 -0.155022 0.053383 0.403556 0.719542 0.565157 -0.005413 -0.107640 -0.576063 0.810287 0.000000 0.000000 0.000000 0.000000 1.000000
0.910399 -0.385654 -0.149819 0.053383 0.399862 0.727184 0.557955 -0.005413 -0.106232 -0.567868 0.816236 0.000000 0.000000 0.000000 0.000000 1.000000
0.912895 -0.382423 -0.142738 0.053383 0.394657 0.737596 0.547904 -0.005413 -0.104248 -0.556511 0.824274 0.000000 0.000000 0.000000 0.000000 1.000000
0.915666 -0.378564 -0.135073 0.053383 0.388779 0.748882 0.536681 -0.005413 -0.102014 -0.543934 0.832904 0.000000 0.000000 0.000000 0.000000 1.000000
0.918251 -0.374710 -0.128090 0.053383 0.383190 0.759180 0.526128 -0.005413 -0.099902 -0.532201 0.840703 0.000000 0.000000 0.000000 0.000000 1.000000
0.920167 -0.371700 -0.123016 0.053383 0.378980 0.766672 0.518255 -0.005413 -0.098322 -0.523501 0.846333 0.000000 0.000000 0.000000 0.000000 1.000000
0.920910 -0.370502 -0.121051 0.053383 0.377329 0.769564 0.515165 -0.005413 -0.097713 -0.520096 0.848500 0.000000 0.000000 0.000000 0.000000 1.000000
0.913348 -0.383750 -0.136132 0.053383 0.393129 0.744014 0.540271 -0.005413 -0.106045 -0.546973 0.830407 0.000000 0.000000 0.000000 0.000000 1.000000
0.925402 -0.328937 -0.188231 0.053383 0.374525 0.717765 0.586979 -0.005413 -0.057973 -0.613689 0.787416 0.000000 0.000000 0.000000 0.000000 1.000000
0.967342 -0.161871 -0.195055 0.053383 0.243279 0.808948 0.535180 -0.005413 0.071160 -0.565155 0.821910 0.000000 0.000000 0.000000 0.000000 1.000000
0.957795 -0.261474 -0.119417 0.053383 0.286448 0.833477 0.472508 -0.005413 -0.024018 -0.486772 0.873199 0.000000 0.000000 0.000000 0.000000 1.000000
0.911260 -0.411614 -0.013411 0.053383 0.380072 0.827997 0.412269 -0.005413 -0.158592 -0.380781 0.910963 0.000000 0.000000 0.000000 0.000000 1.000000
0.857769 -0.494985 0.138642 0.053383 0.444757 0.849890 0.282627 -0.005413 -0.257727 -0.180766 0.949158 0.000000 0.000000 0.000000 0.000000 1.000000
0.820445 -0.459156 0.340655 0.053383 0.475357 0.878894 0.039764 -0.005413 -0.317657 0.129309 0.939347 0.000000 0.000000 0.000000 0.000000 1.000000
0.816563 -0.451624 0.359529 0.053383 0.479142 0.877623 0.014200 -0.005413 -0.321944 0.160670 0.933026 0.000000 0.000000 0.000000 0.000000 1.000000
0.806458 -0.458327 0.373580 0.053383 0.490419 0.871424 0.010427 -0.005413 -0.330326 0.174802 0.927539 -0.000000 0.000000 0.000000 0.000000 1.000000
0.791920 -0.473003 0.386174 0.053383 0.506083 0.862289 0.018355 -0.005413 -0.341675 0.180900 0.922243 0.000000 0.000000 0.000000 0.000000 1.000000
0.775483 -0.490272 0.397820 0.053383 0.522726 0.851939 0.030960 -0.005413 -0.354097 0.183942 0.916941 0.000000 0.000000 0.000000 0.000000 1.000000
0.760237 -0.506303 0.407059 0.053383 0.537256 0.842259 0.044210 -0.005413 -0.365233 0.185085 0.912331 0.000000 0.000000 0.000000 0.000000 1.000000
0.749701 -0.515199 0.415354 0.053383 0.546826 0.835771 0.049674 -0.005413 -0.372733 0.189886 0.908303 -0.000000 0.000000 0.000000 0.000000 1.000000
0.759324 -0.497695 0.419197 0.053383 0.536292 0.843498 0.030022 -0.005413 -0.368534 0.202015 0.907399 -0.000000 0.000000 0.000000 0.000000 1.000000
0.779031 -0.465761 0.419735 0.053383 0.514214 0.857658 -0.002682 -0.005413 -0.358740 0.217923 0.907643 -0.000000 0.000000 0.000000 0.000000 1.000000
0.776896 -0.463295 0.426368 0.053383 0.516011 0.856528 -0.009526 -0.005413 -0.360784 0.227412 0.904499 -0.000000 0.000000 0.000000 0.000000 1.000000
0.729264 -0.520472 0.444165 0.053383 0.564941 0.824243 0.038283 -0.005413 -0.386025 0.223009 0.895127 0.000000 0.000000 0.000000 0.000000 1.000000
0.654298 -0.604328 0.454623 0.053383 0.627682 0.769284 0.119238 -0.005413 -0.421793 0.207341 0.882666 0.000000 0.000000 0.000000 0.000000 1.000000
0.596742 -0.661655 0.453994 0.053383 0.666265 0.723862 0.179206 -0.005413 -0.447202 0.195540 0.872797 -0.000000 0.000000 0.000000 0.000000 1.000000
0.580451 -0.674320 0.456474 0.053383 0.676630 0.711294 0.190349 -0.005413 -0.453043 0.198376 0.869137 -0.000000 0.000000 0.000000 0.000000 1.000000
0.577820 -0.674354 0.459753 0.053383 0.679153 0.709678 0.187374 -0.005413 -0.452633 0.203974 0.868055 -0.000000 0.000000 0.000000 0.000000 1.000000
0.566253 -0.683229 0.461037 0.053383 0.686588 0.700471 0.194776 -0.005413 -0.456020 0.206250 0.865741 0.000000 0.000000 0.000000 0.000000 1.000000
0.537094 -0.708968 0.457050 0.053383 0.702384 0.675932 0.223099 -0.005413 -0.467105 0.201200 0.861006 -0.000000 0.000000 0.000000 0.000000 1.000000
0.501518 -0.740505 0.447362 0.053383 0.718901 0.644377 0.260690 -0.005413 -0.481312 0.190868 0.855516 -0.000000 0.000000 0.000000 0.000000 1.000000
0.466796 -0.769228 0.436337 0.053383 0.732667 0.612694 0.296321 -0.005413 -0.495279 0.181369 0.849591 -0.000000 0.000000 0.000000 0.000000 1.000000
0.440327 -0.794681 0.417846 0.053383 0.740524 0.584601 0.331460 -0.005413 -0.507678 0.163474 0.845895 0.000000 0.000000 0.000000 0.000000 1.000000
0.430068 -0.807031 0.404651 0.053383 0.742428 0.571176 0.350084 -0.005413 -0.513656 0.149864 0.844807 0.000000 0.000000 0.000000 0.000000 1.000000
1.000000 0.000000 0.000000 0.053383 0.000000 1.000000 0.000000 -0.005413 0.000000 0.000000 1.000000 0.000000 0.000000 0.000000 0.000000 1.000000</float_array><technique_common><accessor source="#LeftUpLeg-Matrix-animation-output-transform-array" count="42" stride="16"><param type="float4x4"/></accessor></technique_common></source><source id="LeftUpLeg-Interpolations"><Name_array id="LeftUpLeg-Interpolations-array" count="42">
 LINEAR LINEAR LINEAR LINEAR LINEAR LINEAR LINEAR LINEAR LINEAR LINEAR LINEAR
LINEAR LINEAR LINEAR LINEAR LINEAR LINEAR LINEAR LINEAR LINEAR LINEAR LINEAR LINEAR
LINEAR LINEAR LINEAR LINEAR LINEAR LINEAR LINEAR LINEAR LINEAR LINEAR LINEAR LINEAR
LINEAR LINEAR LINEAR LINEAR LINEAR LINEAR LINEAR</Name_array><technique_common><accessor source="#LeftUpLeg-Interpolations-array" count="42"><param type="name"/></accessor></technique_common></source><sampler id="LeftUpLeg-Matrix-animation-transform"><input semantic="INPUT" source="#LeftUpLeg-Matrix-animation-input"/><input semantic="OUTPUT" source="#LeftUpLeg-Matrix-animation-output-transform"/><input semantic="INTERPOLATION" source="#LeftUpLeg-Interpolations"/></sampler><channel source="#LeftUpLeg-Matrix-animation-transform" target="LeftUpLeg/matrix"/></animation></animation>
    <animation id="LeftLeg-anim" name="LeftLeg"><animation><source id="LeftLeg-Matrix-animation-input"><float_array id="LeftLeg-Matrix-animation-input-array" count="42">

0.066667 0.100000 0.133333 0.166667 0.200000 0.233333 0.266667 0.300000 0.333333 0.366667 0.400000 0.433333 0.466667 0.500000 0.533333 0.566667
0.600000 0.633333 0.666667 0.700000 0.733333 0.766667 0.800000 0.833333 0.866667 0.900000 0.933333 0.966667 1.000000 1.033333 1.066667 1.100000
1.133333 1.166667 1.200000 1.233333 1.266667 1.300000 1.333333 1.366667 1.400000 1.433333</float_array><technique_common><accessor source="#LeftLeg-Matrix-animation-input-array" count="42"><param name="TIME" type="float"/></accessor></technique_common></source><source id="LeftLeg-Matrix-animation-output-transform"><float_array id="LeftLeg-Matrix-animation-output-transform-array" count="672">

1.000000 0.000312 0.000035 0.031558 -0.000312 1.000000 -0.000234 -0.038571 -0.000035 0.000234 1.000000 -0.001460 0.000000 0.000000 0.000000 1.000000
0.988122 0.153674 -0.000064 0.031558 -0.151928 0.976835 -0.150705 -0.038570 -0.023097 0.148925 0.988579 -0.001460 0.000000 0.000000 0.000000 1.000000
0.930357 0.364776 -0.037066 0.031559 -0.346692 0.842294 -0.412728 -0.038570 -0.119333 0.396835 0.910100 -0.001460 0.000000 0.000000 0.000000 1.000000
0.859449 0.499856 -0.107202 0.031559 -0.443188 0.623982 -0.643608 -0.038570 -0.254819 0.600658 0.757810 -0.001460 0.000000 0.000000 0.000000 1.000000
0.808875 0.559703 -0.180148 0.031559 -0.452739 0.397384 -0.798194 -0.038569 -0.375164 0.727199 0.574833 -0.001461 0.000000 0.000000 0.000000 1.000000
0.785124 0.574203 -0.232101 0.031559 -0.424957 0.226831 -0.876332 -0.038569 -0.450545 0.786663 0.422102 -0.001462 0.000000 0.000000 0.000000 1.000000
0.779182 0.574250 -0.251224 0.031559 -0.408032 0.160455 -0.898757 -0.038570 -0.475801 0.802802 0.359336 -0.001462 0.000000 0.000000 0.000000 1.000000
0.779771 0.574340 -0.249179 0.031559 -0.410067 0.167797 -0.896487 -0.038570 -0.473077 0.801235 0.366362 -0.001462 0.000000 0.000000 0.000000 1.000000
0.781357 0.574485 -0.243818 0.031559 -0.415116 0.186702 -0.890404 -0.038570 -0.466003 0.796937 0.384359 -0.001462 0.000000 0.000000 0.000000 1.000000
0.783773 0.574318 -0.236345 0.031559 -0.421652 0.212687 -0.881461 -0.038570 -0.455972 0.790521 0.408861 -0.001462 0.000000 0.000000 0.000000 1.000000
0.786744 0.573621 -0.228020 0.031559 -0.428257 0.241191 -0.870875 -0.038570 -0.444555 0.782807 0.435413 -0.001461 0.000000 0.000000 0.000000 1.000000
0.789790 0.572482 -0.220220 0.031559 -0.433816 0.267524 -0.860369 -0.038570 -0.433631 0.775046 0.459639 -0.001461 0.000000 0.000000 0.000000 1.000000
0.792220 0.571323 -0.214421 0.031559 -0.437553 0.286895 -0.852196 -0.038570 -0.425363 0.768948 0.477268 -0.001461 0.000000 0.000000 0.000000 1.000000
0.793221 0.570780 -0.212157 0.031559 -0.438931 0.294456 -0.848902 -0.038569 -0.422066 0.766489 0.484102 -0.001461 0.000000 0.000000 0.000000 1.000000
0.789086 0.569600 -0.229997 0.031559 -0.426578 0.238696 -0.872385 -0.038570 -0.442012 0.786498 0.431331 -0.001462 0.000000 0.000000 0.000000 1.000000
0.892649 0.424709 -0.151000 0.031559 -0.210537 0.096636 -0.972798 -0.038569 -0.398564 0.900158 0.175679 -0.001462 0.000000 0.000000 0.000000 1.000000
0.968337 0.021223 0.248743 0.031558 0.249537 -0.052822 -0.966924 -0.038570 -0.007382 0.998378 -0.056446 -0.001460 0.000000 0.000000 0.000000 1.000000
0.935303 -0.217554 0.279070 0.031559 0.284313 -0.007477 -0.958703 -0.038570 0.210656 0.976020 0.054860 -0.001460 0.000000 0.000000 0.000000 1.000000
0.920414 -0.368850 0.129568 0.031559 0.221633 0.219290 -0.950153 -0.038569 0.322051 0.903251 0.283587 -0.001461 0.000000 0.000000 0.000000 1.000000
0.899419 -0.430627 -0.074873 0.031560 0.224361 0.601866 -0.766434 -0.038569 0.375110 0.672546 0.637945 -0.001460 0.000000 0.000000 0.000000 1.000000
0.868103 -0.422315 -0.260860 0.031559 0.370696 0.901056 -0.225127 -0.038569 0.330124 0.098734 0.938760 -0.001461 0.000000 0.000000 0.000000 1.000000
0.866498 -0.420070 -0.269668 0.031559 0.371845 0.903590 -0.212735 -0.038569 0.333033 0.084060 0.939160 -0.001462 0.000000 0.000000 0.000000 1.000000
0.864641 -0.414710 -0.283570 0.031559 0.362273 0.905738 -0.219993 -0.038569 0.348073 0.087485 0.933376 -0.001462 0.000000 0.000000 0.000000 1.000000
0.861919 -0.407030 -0.302361 0.031559 0.347831 0.908528 -0.231499 -0.038569 0.368930 0.094363 0.924655 -0.001462 0.000000 0.000000 0.000000 1.000000
0.858366 -0.397968 -0.323772 0.031559 0.331899 0.911991 -0.241072 -0.038569 0.391216 0.099469 0.914908 -0.001461 0.000000 0.000000 0.000000 1.000000
0.854983 -0.387979 -0.344203 0.031559 0.314287 0.915480 -0.251239 -0.038569 0.412586 0.106627 0.904657 -0.001461 0.000000 0.000000 0.000000 1.000000
0.852590 -0.377735 -0.361121 0.031559 0.299195 0.919401 -0.255314 -0.038569 0.428455 0.109633 0.896888 -0.001461 0.000000 0.000000 0.000000 1.000000
0.855788 -0.365651 -0.365958 0.031559 0.287761 0.924327 -0.250625 -0.038569 0.429907 0.109174 0.896248 -0.001462 0.000000 0.000000 0.000000 1.000000
0.861669 -0.351495 -0.366031 0.031559 0.277305 0.930204 -0.240463 -0.038569 0.425005 0.105697 0.898999 -0.001462 0.000000 0.000000 0.000000 1.000000
0.860896 -0.337472 -0.380752 0.031559 0.261230 0.935375 -0.238399 -0.038569 0.436598 0.105772 0.893417 -0.001462 0.000000 0.000000 0.000000 1.000000
0.845234 -0.325472 -0.423848 0.031559 0.233272 0.938293 -0.255324 -0.038569 0.480794 0.116936 0.869001 -0.001461 0.000000 0.000000 0.000000 1.000000
0.818593 -0.314971 -0.480310 0.031559 0.192857 0.938411 -0.286691 -0.038569 0.541028 0.142052 0.828921 -0.001461 0.000000 0.000000 0.000000 1.000000
0.795346 -0.304296 -0.524240 0.031559 0.155924 0.938465 -0.308175 -0.038569 0.585757 0.163364 0.793852 -0.001461 0.000000 0.000000 0.000000 1.000000
0.786137 -0.290965 -0.545278 0.031559 0.135859 0.942027 -0.306803 -0.038569 0.602936 0.167109 0.780092 -0.001461 0.000000 0.000000 0.000000 1.000000
0.781746 -0.277465 -0.558467 0.031559 0.120266 0.945828 -0.301570 -0.038569 0.611890 0.168587 0.772767 -0.001461 0.000000 0.000000 0.000000 1.000000
0.774269 -0.265809 -0.574328 0.031559 0.103711 0.948542 -0.299187 -0.038569 0.624301 0.172087 0.761994 -0.001461 0.000000 0.000000 0.000000 1.000000
0.759008 -0.257478 -0.598007 0.031559 0.081360 0.948791 -0.305247 -0.038570 0.645979 0.183031 0.741088 -0.001461 0.000000 0.000000 0.000000 1.000000
0.739043 -0.252449 -0.624569 0.031559 0.054861 0.946604 -0.317699 -0.038569 0.671421 0.200528 0.713430 -0.001461 0.000000 0.000000 0.000000 1.000000
0.718613 -0.249892 -0.648960 0.031559 0.033550 0.944576 -0.326572 -0.038570 0.694600 0.212906 0.687169 -0.001461 0.000000 0.000000 0.000000 1.000000
0.700727 -0.251341 -0.667690 0.031559 0.002606 0.936783 -0.349902 -0.038570 0.713425 0.243446 0.657084 -0.001461 0.000000 0.000000 0.000000 1.000000
0.692377 -0.254108 -0.675310 0.031559 -0.019241 0.929099 -0.369332 -0.038570 0.721279 0.268711 0.638397 -0.001461 0.000000 0.000000 0.000000 1.000000
1.000000 0.000000 0.000000 0.031558 0.000000 1.000000 0.000000 -0.038570 0.000000 0.000000 1.000000 -0.001461 0.000000 0.000000 0.000000 1.000000</float_array><technique_common><accessor source="#LeftLeg-Matrix-animation-output-transform-array" count="42" stride="16"><param type="float4x4"/></accessor></technique_common></source><source id="LeftLeg-Interpolations"><Name_array id="LeftLeg-Interpolations-array" count="42">
 LINEAR LINEAR LINEAR LINEAR LINEAR LINEAR LINEAR LINEAR LINEAR LINEAR LINEAR
LINEAR LINEAR LINEAR LINEAR LINEAR LINEAR LINEAR LINEAR LINEAR LINEAR LINEAR LINEAR
LINEAR LINEAR LINEAR LINEAR LINEAR LINEAR LINEAR LINEAR LINEAR LINEAR LINEAR LINEAR
LINEAR LINEAR LINEAR LINEAR LINEAR LINEAR LINEAR</Name_array><technique_common><accessor source="#LeftLeg-Interpolations-array" count="42"><param type="name"/></accessor></technique_common></source><sampler id="LeftLeg-Matrix-animation-transform"><input semantic="INPUT" source="#LeftLeg-Matrix-animation-input"/><input semantic="OUTPUT" source="#LeftLeg-Matrix-animation-output-transform"/><input semantic="INTERPOLATION" source="#LeftLeg-Interpolations"/></sampler><channel source="#LeftLeg-Matrix-animation-transform" target="LeftLeg/matrix"/></animation></animation>
    <animation id="LeftFootEnd-anim" name="LeftFootEnd"><animation><source id="LeftFootEnd-Matrix-animation-input"><float_array id="LeftFootEnd-Matrix-animation-input-array" count="42">

0.066667 0.100000 0.133333 0.166667 0.200000 0.233333 0.266667 0.300000 0.333333 0.366667 0.400000 0.433333 0.466667 0.500000 0.533333 0.566667
0.600000 0.633333 0.666667 0.700000 0.733333 0.766667 0.800000 0.833333 0.866667 0.900000 0.933333 0.966667 1.000000 1.033333 1.066667 1.100000
1.133333 1.166667 1.200000 1.233333 1.266667 1.300000 1.333333 1.366667 1.400000 1.433333</float_array><technique_common><accessor source="#LeftFootEnd-Matrix-animation-input-array" count="42"><param name="TIME" type="float"/></accessor></technique_common></source><source id="LeftFootEnd-Matrix-animation-output-transform"><float_array id="LeftFootEnd-Matrix-animation-output-transform-array" count="672">

1.000000 -0.000146 -0.000051 0.009295 0.000146 1.000000 0.000166 -0.034980 0.000051 -0.000166 1.000000 -0.001326 0.000000 0.000000 0.000000 1.000000
0.996657 -0.077994 -0.024320 0.009296 0.079506 0.994440 0.069048 -0.034980 0.018799 -0.070751 0.997317 -0.001325 0.000000 0.000000 0.000000 1.000000
0.980712 -0.179757 -0.076756 0.009297 0.191289 0.963366 0.187976 -0.034979 0.040154 -0.199033 0.979170 -0.001325 0.000000 0.000000 0.000000 1.000000
0.961484 -0.238992 -0.135762 0.009297 0.269992 0.913759 0.303559 -0.034979 0.051506 -0.328522 0.943091 -0.001325 0.000000 0.000000 0.000000 1.000000
0.948086 -0.257417 -0.186732 0.009296 0.312728 0.861277 0.400503 -0.034980 0.057731 -0.438108 0.897067 -0.001325 0.000000 0.000000 0.000000 1.000000
0.942100 -0.252745 -0.220383 0.009296 0.329464 0.820068 0.467912 -0.034980 0.062466 -0.513428 0.855856 -0.001325 0.000000 0.000000 0.000000 1.000000
0.940725 -0.247074 -0.232361 0.009296 0.332936 0.803446 0.493588 -0.034980 0.064737 -0.541691 0.838081 -0.001325 0.000000 0.000000 0.000000 1.000000
0.940875 -0.247742 -0.231038 0.009296 0.332561 0.805339 0.490747 -0.034980 0.064486 -0.538565 0.840113 -0.001325 0.000000 0.000000 0.000000 1.000000
0.941254 -0.249440 -0.227642 0.009296 0.331612 0.810137 0.483438 -0.034980 0.063832 -0.530527 0.845262 -0.001325 0.000000 0.000000 0.000000 1.000000
0.941837 -0.251516 -0.222898 0.009296 0.330119 0.816665 0.473371 -0.034980 0.062973 -0.519421 0.852195 -0.001325 0.000000 0.000000 0.000000 1.000000
0.942565 -0.253429 -0.217587 0.009296 0.328202 0.823753 0.462293 -0.034980 0.062079 -0.507154 0.859617 -0.001325 0.000000 0.000000 0.000000 1.000000
0.943324 -0.254851 -0.212580 0.009296 0.326162 0.830242 0.452014 -0.034980 0.061297 -0.495732 0.866310 -0.001325 0.000000 0.000000 0.000000 1.000000
0.943940 -0.255670 -0.208832 0.009296 0.324481 0.834986 0.444423 -0.034980 0.060746 -0.487270 0.871136 -0.001325 0.000000 0.000000 0.000000 1.000000
0.944202 -0.255914 -0.207344 0.009296 0.323756 0.836843 0.441448 -0.034980 0.060542 -0.483945 0.873002 -0.001325 0.000000 0.000000 0.000000 1.000000
0.942686 -0.253139 -0.217401 0.009296 0.327842 0.823976 0.462151 -0.034980 0.062145 -0.506936 0.859740 -0.001325 0.000000 0.000000 0.000000 1.000000
0.968710 -0.075663 -0.236381 0.009296 0.211186 0.751622 0.624872 -0.034980 0.130390 -0.655240 0.744082 -0.001325 0.000000 0.000000 0.000000 1.000000
0.917258 0.390545 -0.078188 0.009296 -0.141980 0.504023 0.851940 -0.034980 0.372129 -0.770348 0.517769 -0.001325 0.000000 0.000000 0.000000 1.000000
0.834140 0.551069 0.023085 0.009295 -0.296612 0.412901 0.861124 -0.034980 0.465007 -0.725145 0.507871 -0.001326 0.000000 0.000000 0.000000 1.000000
0.789801 0.610118 0.063013 0.009296 -0.407143 0.444649 0.797823 -0.034980 0.458748 -0.655777 0.599589 -0.001325 0.000000 0.000000 0.000000 1.000000
0.751992 0.653840 0.083677 0.009296 -0.543220 0.542791 0.640539 -0.034979 0.373391 -0.527135 0.763353 -0.001325 0.000000 0.000000 0.000000 1.000000
0.684675 0.724190 0.082275 0.009296 -0.701628 0.624329 0.343411 -0.034979 0.197328 -0.292852 0.935575 -0.001326 0.000000 0.000000 0.000000 1.000000
0.686096 0.721886 0.090295 0.009296 -0.698786 0.619379 0.357866 -0.034979 0.202412 -0.308627 0.929397 -0.001326 0.000000 0.000000 0.000000 1.000000
0.686619 0.720638 0.096100 0.009296 -0.696105 0.613520 0.372869 -0.034979 0.209744 -0.322915 0.922894 -0.001326 0.000000 0.000000 0.000000 1.000000
0.685305 0.721430 0.099474 0.009296 -0.695505 0.607850 0.383134 -0.034979 0.215939 -0.331748 0.918321 -0.001326 0.000000 0.000000 0.000000 1.000000
0.682492 0.723887 0.100958 0.009296 -0.696956 0.602962 0.388187 -0.034979 0.220129 -0.335298 0.916034 -0.001326 0.000000 0.000000 0.000000 1.000000
0.680327 0.725853 0.101450 0.009296 -0.697899 0.599322 0.392108 -0.034979 0.223812 -0.337564 0.914308 -0.001326 0.000000 0.000000 0.000000 1.000000
0.679368 0.726722 0.101651 0.009296 -0.698240 0.597616 0.394100 -0.034979 0.225653 -0.338716 0.913428 -0.001326 0.000000 0.000000 0.000000 1.000000
0.684762 0.721889 0.099883 0.009296 -0.693321 0.603084 0.394456 -0.034979 0.224516 -0.339360 0.913470 -0.001326 0.000000 0.000000 0.000000 1.000000
0.692619 0.714813 0.096544 0.009296 -0.686594 0.612338 0.391957 -0.034979 0.221059 -0.337764 0.914903 -0.001326 0.000000 0.000000 0.000000 1.000000
0.693261 0.714321 0.095573 0.009296 -0.686192 0.613712 0.390510 -0.034979 0.220295 -0.336307 0.915624 -0.001326 0.000000 0.000000 0.000000 1.000000
0.679929 0.726436 0.099939 0.009296 -0.697390 0.598501 0.394263 -0.034980 0.226594 -0.337767 0.913547 -0.001326 0.000000 0.000000 0.000000 1.000000
0.660701 0.742975 0.107056 0.009296 -0.711984 0.575082 0.402937 -0.034980 0.237806 -0.342443 0.908945 -0.001326 0.000000 0.000000 0.000000 1.000000
0.646957 0.754304 0.111684 0.009296 -0.721972 0.558814 0.408023 -0.034980 0.245363 -0.344606 0.906115 -0.001326 0.000000 0.000000 0.000000 1.000000
0.642252 0.758331 0.111563 0.009296 -0.726345 0.555642 0.404580 -0.034980 0.244817 -0.340875 0.907672 -0.001326 0.000000 0.000000 0.000000 1.000000
0.640847 0.759735 0.110078 0.009296 -0.728330 0.556410 0.399929 -0.034980 0.242592 -0.336466 0.909912 -0.001326 0.000000 0.000000 0.000000 1.000000
0.637126 0.762932 0.109568 0.009296 -0.731913 0.554309 0.396288 -0.034980 0.241606 -0.332680 0.911565 -0.001326 0.000000 0.000000 0.000000 1.000000
0.628696 0.769647 0.111284 0.009296 -0.738415 0.545951 0.395829 -0.034980 0.243893 -0.331030 0.911557 -0.001325 0.000000 0.000000 0.000000 1.000000
0.618290 0.777592 0.114309 0.009296 -0.745660 0.534390 0.398018 -0.034980 0.248410 -0.331326 0.910228 -0.001325 0.000000 0.000000 0.000000 1.000000
0.606056 0.786667 0.117691 0.009296 -0.754436 0.521618 0.398423 -0.034980 0.252037 -0.330257 0.909620 -0.001325 0.000000 0.000000 0.000000 1.000000
0.602603 0.788880 0.120576 0.009296 -0.754571 0.514051 0.407891 -0.034980 0.259794 -0.336779 0.905034 -0.001325 0.000000 0.000000 0.000000 1.000000
0.605164 0.786729 0.121799 0.009296 -0.750361 0.512566 0.417413 -0.034980 0.265961 -0.343997 0.900517 -0.001325 0.000000 0.000000 0.000000 1.000000
1.000000 0.000000 0.000000 0.009296 0.000000 1.000000 0.000000 -0.034980 0.000000 0.000000 1.000000 -0.001325 0.000000 0.000000 0.000000 1.000000</float_array><technique_common><accessor source="#LeftFootEnd-Matrix-animation-output-transform-array" count="42" stride="16"><param type="float4x4"/></accessor></technique_common></source><source id="LeftFootEnd-Interpolations"><Name_array id="LeftFootEnd-Interpolations-array" count="42">
 LINEAR LINEAR LINEAR LINEAR LINEAR LINEAR LINEAR LINEAR LINEAR LINEAR LINEAR
LINEAR LINEAR LINEAR LINEAR LINEAR LINEAR LINEAR LINEAR LINEAR LINEAR LINEAR LINEAR
LINEAR LINEAR LINEAR LINEAR LINEAR LINEAR LINEAR LINEAR LINEAR LINEAR LINEAR LINEAR
LINEAR LINEAR LINEAR LINEAR LINEAR LINEAR LINEAR</Name_array><technique_common><accessor source="#LeftFootEnd-Interpolations-array" count="42"><param type="name"/></accessor></technique_common></source><sampler id="LeftFootEnd-Matrix-animation-transform"><input semantic="INPUT" source="#LeftFootEnd-Matrix-animation-input"/><input semantic="OUTPUT" source="#LeftFootEnd-Matrix-animation-output-transform"/><input semantic="INTERPOLATION" source="#LeftFootEnd-Interpolations"/></sampler><channel source="#LeftFootEnd-Matrix-animation-transform" target="LeftFootEnd/matrix"/></animation></animation>
    <animation id="RightUpLeg-anim" name="RightUpLeg"><animation><source id="RightUpLeg-Matrix-animation-input"><float_array id="RightUpLeg-Matrix-animation-input-array" count="42">

0.066667 0.100000 0.133333 0.166667 0.200000 0.233333 0.266667 0.300000 0.333333 0.366667 0.400000 0.433333 0.466667 0.500000 0.533333 0.566667
0.600000 0.633333 0.666667 0.700000 0.733333 0.766667 0.800000 0.833333 0.866667 0.900000 0.933333 0.966667 1.000000 1.033333 1.066667 1.100000
1.133333 1.166667 1.200000 1.233333 1.266667 1.300000 1.333333 1.366667 1.400000 1.433333</float_array><technique_common><accessor source="#RightUpLeg-Matrix-animation-input-array" count="42"><param name="TIME" type="float"/></accessor></technique_common></source><source id="RightUpLeg-Matrix-animation-output-transform"><float_array id="RightUpLeg-Matrix-animation-output-transform-array" count="672">

1.000000 0.000164 -0.000016 -0.053383 -0.000164 1.000000 0.000067 -0.005413 0.000016 -0.000067 1.000000 0.000000 0.000000 0.000000 0.000000 1.000000
0.997035 0.076598 -0.007386 -0.053383 -0.075765 0.993911 0.080002 -0.005413 0.013469 -0.079205 0.996768 0.000000 0.000000 0.000000 0.000000 1.000000
0.980711 0.195406 0.004651 -0.053383 -0.191517 0.955893 0.222690 -0.005413 0.039069 -0.219285 0.974878 0.000000 0.000000 0.000000 0.000000 1.000000
0.955830 0.290616 0.043937 -0.053383 -0.286440 0.887535 0.360880 -0.005413 0.065882 -0.357526 0.931577 0.000000 0.000000 0.000000 0.000000 1.000000
0.931634 0.350688 0.095266 -0.053383 -0.352535 0.808564 0.471108 -0.005413 0.088183 -0.472485 0.876916 0.000000 0.000000 0.000000 0.000000 1.000000
0.914537 0.379828 0.139114 -0.053383 -0.391288 0.743514 0.542292 -0.005413 0.102545 -0.550380 0.828593 0.000000 0.000000 0.000000 0.000000 1.000000
0.908164 0.387950 0.157269 -0.053383 -0.404552 0.716800 0.567922 -0.005413 0.107595 -0.579390 0.807917 0.000000 0.000000 0.000000 0.000000 1.000000
0.908870 0.387102 0.155266 -0.053383 -0.403115 0.719782 0.565166 -0.005413 0.107019 -0.576252 0.810235 0.000000 0.000000 0.000000 0.000000 1.000000
0.910683 0.384877 0.150088 -0.053383 -0.399389 0.727433 0.557970 -0.005413 0.105571 -0.568077 0.816176 0.000000 0.000000 0.000000 0.000000 1.000000
0.913193 0.381600 0.143039 -0.053383 -0.394152 0.737846 0.547930 -0.005413 0.103550 -0.556745 0.824204 0.000000 0.000000 0.000000 0.000000 1.000000
0.915968 0.377716 0.135399 -0.053383 -0.388254 0.749127 0.536719 -0.005413 0.101297 -0.544187 0.832826 0.000000 0.000000 0.000000 0.000000 1.000000
0.918560 0.373832 0.128443 -0.053383 -0.382642 0.759421 0.526180 -0.005413 0.099161 -0.532475 0.840617 0.000000 0.000000 0.000000 0.000000 1.000000
0.920482 0.370792 0.123394 -0.053383 -0.378412 0.766910 0.518318 -0.005413 0.097556 -0.523796 0.846239 0.000000 0.000000 0.000000 0.000000 1.000000
0.921240 0.369549 0.121453 -0.053383 -0.376730 0.769810 0.515235 -0.005413 0.096908 -0.520410 0.848400 0.000000 0.000000 0.000000 0.000000 1.000000
0.920927 0.368384 0.127233 -0.053383 -0.377964 0.764541 0.522131 -0.005413 0.095069 -0.528934 0.843321 0.000000 0.000000 0.000000 0.000000 1.000000
0.904094 0.413739 0.106930 -0.053383 -0.404741 0.748772 0.524905 -0.005413 0.137107 -0.517842 0.844418 0.000000 0.000000 0.000000 0.000000 1.000000
0.858768 0.510690 0.041398 -0.053383 -0.457990 0.728899 0.508873 -0.005413 0.229702 -0.455964 0.859845 0.000000 0.000000 0.000000 0.000000 1.000000
0.804595 0.591827 -0.048660 -0.053383 -0.505750 0.725898 0.466141 -0.005413 0.311197 -0.350445 0.883371 0.000000 0.000000 0.000000 0.000000 1.000000
0.775547 0.612857 -0.151436 -0.053383 -0.527828 0.761101 0.376992 -0.005413 0.346300 -0.212443 0.913753 0.000000 0.000000 0.000000 0.000000 1.000000
0.781144 0.575430 -0.242268 -0.053383 -0.522408 0.814885 0.251100 -0.005413 0.341911 -0.069583 0.937152 0.000000 0.000000 0.000000 0.000000 1.000000
0.806671 0.509919 -0.298769 -0.053383 -0.495937 0.859009 0.127078 -0.005413 0.321445 0.045660 0.945826 0.000000 0.000000 0.000000 0.000000 1.000000
0.831482 0.447638 -0.329025 -0.053383 -0.464635 0.884999 0.029856 -0.005413 0.304551 0.128052 0.943849 0.000000 0.000000 0.000000 0.000000 1.000000
0.864943 0.359063 -0.350638 -0.053383 -0.412058 0.906924 -0.087735 -0.005413 0.286499 0.220368 0.932393 -0.000000 0.000000 0.000000 0.000000 1.000000
0.850244 0.368652 -0.375741 -0.053383 -0.432795 0.895888 -0.100364 -0.005413 0.299622 0.247953 0.921274 0.000000 0.000000 0.000000 0.000000 1.000000
0.824133 0.399529 -0.401475 -0.053383 -0.468325 0.879332 -0.086292 -0.005413 0.318553 0.259137 0.911796 0.000000 0.000000 0.000000 0.000000 1.000000
0.792881 0.437875 -0.423799 -0.053383 -0.506728 0.860057 -0.059409 -0.005413 0.338477 0.261855 0.903806 -0.000000 0.000000 0.000000 0.000000 1.000000
0.757405 0.482071 -0.440393 -0.053383 -0.545981 0.837502 -0.022238 -0.005413 0.358110 0.257289 0.897530 0.000000 0.000000 0.000000 0.000000 1.000000
0.695683 0.556492 -0.454248 -0.053383 -0.604237 0.795302 0.048919 -0.005413 0.388488 0.240441 0.889531 -0.000000 0.000000 0.000000 0.000000 1.000000
0.597935 0.689662 -0.408460 -0.053383 -0.671437 0.709283 0.214685 -0.005413 0.437773 0.145888 0.887171 0.000000 0.000000 0.000000 0.000000 1.000000
0.545385 0.747564 -0.379082 -0.053383 -0.696896 0.655715 0.290471 -0.005413 0.465716 0.105763 0.878592 -0.000000 0.000000 0.000000 0.000000 1.000000
0.552780 0.727651 -0.406151 -0.053383 -0.695120 0.671439 0.256861 -0.005413 0.459611 0.140337 0.876963 0.000000 0.000000 0.000000 0.000000 1.000000
0.584127 0.667020 -0.462472 -0.053383 -0.681936 0.712315 0.166046 -0.005413 0.440182 0.218385 0.870947 -0.000000 0.000000 0.000000 0.000000 1.000000
0.590505 0.647779 -0.481338 -0.053383 -0.679050 0.721117 0.137411 -0.005413 0.436113 0.245711 0.865698 0.000000 0.000000 0.000000 0.000000 1.000000
0.551011 0.678288 -0.486118 -0.053383 -0.701470 0.692013 0.170465 -0.005413 0.452025 0.247069 0.857106 -0.000000 0.000000 0.000000 0.000000 1.000000
0.495550 0.735264 -0.462403 -0.053383 -0.725665 0.643030 0.244794 -0.005413 0.477327 0.214242 0.852209 -0.000000 0.000000 0.000000 0.000000 1.000000
0.456787 0.761914 -0.459165 -0.053383 -0.740818 0.611562 0.277814 -0.005413 0.492478 0.213256 0.843793 -0.000000 0.000000 0.000000 0.000000 1.000000
0.439301 0.764560 -0.471659 -0.053383 -0.748636 0.601782 0.278215 -0.005413 0.496548 0.230881 0.836741 -0.000000 0.000000 0.000000 0.000000 1.000000
0.426576 0.767758 -0.478100 -0.053383 -0.753802 0.593909 0.281165 -0.005413 0.499815 0.240454 0.832085 -0.000000 0.000000 0.000000 0.000000 1.000000
0.418089 0.769766 -0.482351 -0.053383 -0.757139 0.588682 0.283186 -0.005413 0.501938 0.246810 0.828941 -0.000000 0.000000 0.000000 0.000000 1.000000
